"timeStamp","unixTimeStamp","frameLength","clientIP","queryName","queryClass","queryType","queryResponseCode","dnsRecordID","score","rank"
"buffer","buffer","buffer","buffer","buffer","buffer","buffer","buffer","buffer","buffer",12055
"buffer","buffer","buffer","buffer","buffer","buffer","buffer","buffer","buffer","buffer",24014
"buffer","buffer","buffer","buffer","buffer","buffer","buffer","buffer","buffer","buffer",36146
"buffer","buffer","buffer","buffer","buffer","buffer","buffer","buffer","buffer","buffer",48338
"buffer","buffer","buffer","buffer","buffer","buffer","buffer","buffer","buffer","buffer",60128
"buffer","buffer","buffer","buffer","buffer","buffer","buffer","buffer","buffer","buffer",72332
"buffer","buffer","buffer","buffer","buffer","buffer","buffer","buffer","buffer","buffer",84314
"buffer","buffer","buffer","buffer","buffer","buffer","buffer","buffer","buffer","buffer",96259
"buffer","buffer","buffer","buffer","buffer","buffer","buffer","buffer","buffer","buffer",108243
"buffer","buffer","buffer","buffer","buffer","buffer","buffer","buffer","buffer","buffer",120520
"buffer","buffer","buffer","buffer","buffer","buffer","buffer","buffer","buffer","buffer",132638
"buffer","buffer","buffer","buffer","buffer","buffer","buffer","buffer","buffer","buffer",144567
"buffer","buffer","buffer","buffer","buffer","buffer","buffer","buffer","buffer","buffer",156584
"buffer","buffer","buffer","buffer","buffer","buffer","buffer","buffer","buffer","buffer",168762
"buffer","buffer","buffer","buffer","buffer","buffer","buffer","buffer","buffer","buffer",180590
"buffer","buffer","buffer","buffer","buffer","buffer","buffer","buffer","buffer","buffer",192768
"buffer","buffer","buffer","buffer","buffer","buffer","buffer","buffer","buffer","buffer",204813
"buffer","buffer","buffer","buffer","buffer","buffer","buffer","buffer","buffer","buffer",216636
"buffer","buffer","buffer","buffer","buffer","buffer","buffer","buffer","buffer","buffer",228855
"buffer","buffer","buffer","buffer","buffer","buffer","buffer","buffer","buffer","buffer",241043
"buffer","buffer","buffer","buffer","buffer","buffer","buffer","buffer","buffer","buffer",252704
"buffer","buffer","buffer","buffer","buffer","buffer","buffer","buffer","buffer","buffer",265023
"buffer","buffer","buffer","buffer","buffer","buffer","buffer","buffer","buffer","buffer",277198
"buffer","buffer","buffer","buffer","buffer","buffer","buffer","buffer","buffer","buffer",289134
"buffer","buffer","buffer","buffer","buffer","buffer","buffer","buffer","buffer","buffer",301061
"buffer","buffer","buffer","buffer","buffer","buffer","buffer","buffer","buffer","buffer",313240
"buffer","buffer","buffer","buffer","buffer","buffer","buffer","buffer","buffer","buffer",325432
"buffer","buffer","buffer","buffer","buffer","buffer","buffer","buffer","buffer","buffer",337306
"buffer","buffer","buffer","buffer","buffer","buffer","buffer","buffer","buffer","buffer",349405
"buffer","buffer","buffer","buffer","buffer","buffer","buffer","buffer","buffer","buffer",361256
"buffer","buffer","buffer","buffer","buffer","buffer","buffer","buffer","buffer","buffer",373448
"buffer","buffer","buffer","buffer","buffer","buffer","buffer","buffer","buffer","buffer",385629
"buffer","buffer","buffer","buffer","buffer","buffer","buffer","buffer","buffer","buffer",397637
"buffer","buffer","buffer","buffer","buffer","buffer","buffer","buffer","buffer","buffer",409619
"buffer","buffer","buffer","buffer","buffer","buffer","buffer","buffer","buffer","buffer",421615
"buffer","buffer","buffer","buffer","buffer","buffer","buffer","buffer","buffer","buffer",433694
"buffer","buffer","buffer","buffer","buffer","buffer","buffer","buffer","buffer","buffer",445613
"buffer","buffer","buffer","buffer","buffer","buffer","buffer","buffer","buffer","buffer",457839
"buffer","buffer","buffer","buffer","buffer","buffer","buffer","buffer","buffer","buffer",469656
"buffer","buffer","buffer","buffer","buffer","buffer","buffer","buffer","buffer","buffer",481807
"buffer","buffer","buffer","buffer","buffer","buffer","buffer","buffer","buffer","buffer",493759
"buffer","buffer","buffer","buffer","buffer","buffer","buffer","buffer","buffer","buffer",505939
"buffer","buffer","buffer","buffer","buffer","buffer","buffer","buffer","buffer","buffer",517945
"buffer","buffer","buffer","buffer","buffer","buffer","buffer","buffer","buffer","buffer",529985
"buffer","buffer","buffer","buffer","buffer","buffer","buffer","buffer","buffer","buffer",542122
"buffer","buffer","buffer","buffer","buffer","buffer","buffer","buffer","buffer","buffer",553943
"buffer","buffer","buffer","buffer","buffer","buffer","buffer","buffer","buffer","buffer",566290
"buffer","buffer","buffer","buffer","buffer","buffer","buffer","buffer","buffer","buffer",578130
"buffer","buffer","buffer","buffer","buffer","buffer","buffer","buffer","buffer","buffer",590229
"buffer","buffer","buffer","buffer","buffer","buffer","buffer","buffer","buffer","buffer",602450
"buffer","buffer","buffer","buffer","buffer","buffer","buffer","buffer","buffer","buffer",614346
"buffer","buffer","buffer","buffer","buffer","buffer","buffer","buffer","buffer","buffer",626377
"buffer","buffer","buffer","buffer","buffer","buffer","buffer","buffer","buffer","buffer",638556
"buffer","buffer","buffer","buffer","buffer","buffer","buffer","buffer","buffer","buffer",650549
"buffer","buffer","buffer","buffer","buffer","buffer","buffer","buffer","buffer","buffer",662431
"buffer","buffer","buffer","buffer","buffer","buffer","buffer","buffer","buffer","buffer",674581
"buffer","buffer","buffer","buffer","buffer","buffer","buffer","buffer","buffer","buffer",686767
"buffer","buffer","buffer","buffer","buffer","buffer","buffer","buffer","buffer","buffer",698519
"buffer","buffer","buffer","buffer","buffer","buffer","buffer","buffer","buffer","buffer",710717
"buffer","buffer","buffer","buffer","buffer","buffer","buffer","buffer","buffer","buffer",722636
"buffer","buffer","buffer","buffer","buffer","buffer","buffer","buffer","buffer","buffer",734849
"buffer","buffer","buffer","buffer","buffer","buffer","buffer","buffer","buffer","buffer",746850
"buffer","buffer","buffer","buffer","buffer","buffer","buffer","buffer","buffer","buffer",759001
"buffer","buffer","buffer","buffer","buffer","buffer","buffer","buffer","buffer","buffer",770760
"buffer","buffer","buffer","buffer","buffer","buffer","buffer","buffer","buffer","buffer",782847
"buffer","buffer","buffer","buffer","buffer","buffer","buffer","buffer","buffer","buffer",795038
"buffer","buffer","buffer","buffer","buffer","buffer","buffer","buffer","buffer","buffer",807165
"buffer","buffer","buffer","buffer","buffer","buffer","buffer","buffer","buffer","buffer",818974
"buffer","buffer","buffer","buffer","buffer","buffer","buffer","buffer","buffer","buffer",830953
"buffer","buffer","buffer","buffer","buffer","buffer","buffer","buffer","buffer","buffer",843159
"buffer","buffer","buffer","buffer","buffer","buffer","buffer","buffer","buffer","buffer",855190
"buffer","buffer","buffer","buffer","buffer","buffer","buffer","buffer","buffer","buffer",867211
"buffer","buffer","buffer","buffer","buffer","buffer","buffer","buffer","buffer","buffer",879285
"buffer","buffer","buffer","buffer","buffer","buffer","buffer","buffer","buffer","buffer",891402
"buffer","buffer","buffer","buffer","buffer","buffer","buffer","buffer","buffer","buffer",903227
"buffer","buffer","buffer","buffer","buffer","buffer","buffer","buffer","buffer","buffer",915474
"buffer","buffer","buffer","buffer","buffer","buffer","buffer","buffer","buffer","buffer",927442
"buffer","buffer","buffer","buffer","buffer","buffer","buffer","buffer","buffer","buffer",939394
"buffer","buffer","buffer","buffer","buffer","buffer","buffer","buffer","buffer","buffer",951545
"buffer","buffer","buffer","buffer","buffer","buffer","buffer","buffer","buffer","buffer",963791
"buffer","buffer","buffer","buffer","buffer","buffer","buffer","buffer","buffer","buffer",975688
"buffer","buffer","buffer","buffer","buffer","buffer","buffer","buffer","buffer","buffer",987651
"buffer","buffer","buffer","buffer","buffer","buffer","buffer","buffer","buffer","buffer",999866
"buffer","buffer","buffer","buffer","buffer","buffer","buffer","buffer","buffer","buffer",1012003
"buffer","buffer","buffer","buffer","buffer","buffer","buffer","buffer","buffer","buffer",1023922
"buffer","buffer","buffer","buffer","buffer","buffer","buffer","buffer","buffer","buffer",1035865
"buffer","buffer","buffer","buffer","buffer","buffer","buffer","buffer","buffer","buffer",1047985
"buffer","buffer","buffer","buffer","buffer","buffer","buffer","buffer","buffer","buffer",1060168
"buffer","buffer","buffer","buffer","buffer","buffer","buffer","buffer","buffer","buffer",1071944
"buffer","buffer","buffer","buffer","buffer","buffer","buffer","buffer","buffer","buffer",1084155
"buffer","buffer","buffer","buffer","buffer","buffer","buffer","buffer","buffer","buffer",1096338
"buffer","buffer","buffer","buffer","buffer","buffer","buffer","buffer","buffer","buffer",1108162
"buffer","buffer","buffer","buffer","buffer","buffer","buffer","buffer","buffer","buffer",1120294
"buffer","buffer","buffer","buffer","buffer","buffer","buffer","buffer","buffer","buffer",1132329
"buffer","buffer","buffer","buffer","buffer","buffer","buffer","buffer","buffer","buffer",1144369
"buffer","buffer","buffer","buffer","buffer","buffer","buffer","buffer","buffer","buffer",1156220
"buffer","buffer","buffer","buffer","buffer","buffer","buffer","buffer","buffer","buffer",1168588
"buffer","buffer","buffer","buffer","buffer","buffer","buffer","buffer","buffer","buffer",1180537
"buffer","buffer","buffer","buffer","buffer","buffer","buffer","buffer","buffer","buffer",1192550
"buffer","buffer","buffer","buffer","buffer","buffer","buffer","buffer","buffer","buffer",1204488
"buffer","buffer","buffer","buffer","buffer","buffer","buffer","buffer","buffer","buffer",1216446
"buffer","buffer","buffer","buffer","buffer","buffer","buffer","buffer","buffer","buffer",1228613
"buffer","buffer","buffer","buffer","buffer","buffer","buffer","buffer","buffer","buffer",1240542
"buffer","buffer","buffer","buffer","buffer","buffer","buffer","buffer","buffer","buffer",1252860
"buffer","buffer","buffer","buffer","buffer","buffer","buffer","buffer","buffer","buffer",1264703
"buffer","buffer","buffer","buffer","buffer","buffer","buffer","buffer","buffer","buffer",1276921
"buffer","buffer","buffer","buffer","buffer","buffer","buffer","buffer","buffer","buffer",1289067
"buffer","buffer","buffer","buffer","buffer","buffer","buffer","buffer","buffer","buffer",1300867
"buffer","buffer","buffer","buffer","buffer","buffer","buffer","buffer","buffer","buffer",1313048
"buffer","buffer","buffer","buffer","buffer","buffer","buffer","buffer","buffer","buffer",1325041
"buffer","buffer","buffer","buffer","buffer","buffer","buffer","buffer","buffer","buffer",1337124
"buffer","buffer","buffer","buffer","buffer","buffer","buffer","buffer","buffer","buffer",1349224
"buffer","buffer","buffer","buffer","buffer","buffer","buffer","buffer","buffer","buffer",1361212
"buffer","buffer","buffer","buffer","buffer","buffer","buffer","buffer","buffer","buffer",1373143
"buffer","buffer","buffer","buffer","buffer","buffer","buffer","buffer","buffer","buffer",1385217
"buffer","buffer","buffer","buffer","buffer","buffer","buffer","buffer","buffer","buffer",1397250
"buffer","buffer","buffer","buffer","buffer","buffer","buffer","buffer","buffer","buffer",1409313
"buffer","buffer","buffer","buffer","buffer","buffer","buffer","buffer","buffer","buffer",1421354
"buffer","buffer","buffer","buffer","buffer","buffer","buffer","buffer","buffer","buffer",1433363
"buffer","buffer","buffer","buffer","buffer","buffer","buffer","buffer","buffer","buffer",1445335
"buffer","buffer","buffer","buffer","buffer","buffer","buffer","buffer","buffer","buffer",1457500
"buffer","buffer","buffer","buffer","buffer","buffer","buffer","buffer","buffer","buffer",1469620
"buffer","buffer","buffer","buffer","buffer","buffer","buffer","buffer","buffer","buffer",1481526
"buffer","buffer","buffer","buffer","buffer","buffer","buffer","buffer","buffer","buffer",1493611
"buffer","buffer","buffer","buffer","buffer","buffer","buffer","buffer","buffer","buffer",1505755
"buffer","buffer","buffer","buffer","buffer","buffer","buffer","buffer","buffer","buffer",1517628
"buffer","buffer","buffer","buffer","buffer","buffer","buffer","buffer","buffer","buffer",1529925
"buffer","buffer","buffer","buffer","buffer","buffer","buffer","buffer","buffer","buffer",1541773
"buffer","buffer","buffer","buffer","buffer","buffer","buffer","buffer","buffer","buffer",1553913
"buffer","buffer","buffer","buffer","buffer","buffer","buffer","buffer","buffer","buffer",1565870
"buffer","buffer","buffer","buffer","buffer","buffer","buffer","buffer","buffer","buffer",1578137
"buffer","buffer","buffer","buffer","buffer","buffer","buffer","buffer","buffer","buffer",1589989
"buffer","buffer","buffer","buffer","buffer","buffer","buffer","buffer","buffer","buffer",1602162
"buffer","buffer","buffer","buffer","buffer","buffer","buffer","buffer","buffer","buffer",1614035
"buffer","buffer","buffer","buffer","buffer","buffer","buffer","buffer","buffer","buffer",1626059
"buffer","buffer","buffer","buffer","buffer","buffer","buffer","buffer","buffer","buffer",1638113
"buffer","buffer","buffer","buffer","buffer","buffer","buffer","buffer","buffer","buffer",1650202
"buffer","buffer","buffer","buffer","buffer","buffer","buffer","buffer","buffer","buffer",1662382
"buffer","buffer","buffer","buffer","buffer","buffer","buffer","buffer","buffer","buffer",1674313
"buffer","buffer","buffer","buffer","buffer","buffer","buffer","buffer","buffer","buffer",1686212
"buffer","buffer","buffer","buffer","buffer","buffer","buffer","buffer","buffer","buffer",1698493
"buffer","buffer","buffer","buffer","buffer","buffer","buffer","buffer","buffer","buffer",1710369
"buffer","buffer","buffer","buffer","buffer","buffer","buffer","buffer","buffer","buffer",1722598
"buffer","buffer","buffer","buffer","buffer","buffer","buffer","buffer","buffer","buffer",1734585
"buffer","buffer","buffer","buffer","buffer","buffer","buffer","buffer","buffer","buffer",1746641
"buffer","buffer","buffer","buffer","buffer","buffer","buffer","buffer","buffer","buffer",1758662
"buffer","buffer","buffer","buffer","buffer","buffer","buffer","buffer","buffer","buffer",1770778
"buffer","buffer","buffer","buffer","buffer","buffer","buffer","buffer","buffer","buffer",1782634
"buffer","buffer","buffer","buffer","buffer","buffer","buffer","buffer","buffer","buffer",1794873
"buffer","buffer","buffer","buffer","buffer","buffer","buffer","buffer","buffer","buffer",1806907
"buffer","buffer","buffer","buffer","buffer","buffer","buffer","buffer","buffer","buffer",1818961
"buffer","buffer","buffer","buffer","buffer","buffer","buffer","buffer","buffer","buffer",1830877
"buffer","buffer","buffer","buffer","buffer","buffer","buffer","buffer","buffer","buffer",1842936
"buffer","buffer","buffer","buffer","buffer","buffer","buffer","buffer","buffer","buffer",1855148
"buffer","buffer","buffer","buffer","buffer","buffer","buffer","buffer","buffer","buffer",1866854
"buffer","buffer","buffer","buffer","buffer","buffer","buffer","buffer","buffer","buffer",1879169
"buffer","buffer","buffer","buffer","buffer","buffer","buffer","buffer","buffer","buffer",1891399
"buffer","buffer","buffer","buffer","buffer","buffer","buffer","buffer","buffer","buffer",1903216
"buffer","buffer","buffer","buffer","buffer","buffer","buffer","buffer","buffer","buffer",1915269
"buffer","buffer","buffer","buffer","buffer","buffer","buffer","buffer","buffer","buffer",1927346
"buffer","buffer","buffer","buffer","buffer","buffer","buffer","buffer","buffer","buffer",1939221
"buffer","buffer","buffer","buffer","buffer","buffer","buffer","buffer","buffer","buffer",1951571
"buffer","buffer","buffer","buffer","buffer","buffer","buffer","buffer","buffer","buffer",1963429
"buffer","buffer","buffer","buffer","buffer","buffer","buffer","buffer","buffer","buffer",1975491
"buffer","buffer","buffer","buffer","buffer","buffer","buffer","buffer","buffer","buffer",1987519
"buffer","buffer","buffer","buffer","buffer","buffer","buffer","buffer","buffer","buffer",1999818
"buffer","buffer","buffer","buffer","buffer","buffer","buffer","buffer","buffer","buffer",2011768
"buffer","buffer","buffer","buffer","buffer","buffer","buffer","buffer","buffer","buffer",2023599
"buffer","buffer","buffer","buffer","buffer","buffer","buffer","buffer","buffer","buffer",2035741
"buffer","buffer","buffer","buffer","buffer","buffer","buffer","buffer","buffer","buffer",2047752
"buffer","buffer","buffer","buffer","buffer","buffer","buffer","buffer","buffer","buffer",2059798
"buffer","buffer","buffer","buffer","buffer","buffer","buffer","buffer","buffer","buffer",2071712
"buffer","buffer","buffer","buffer","buffer","buffer","buffer","buffer","buffer","buffer",2083929
"buffer","buffer","buffer","buffer","buffer","buffer","buffer","buffer","buffer","buffer",2095872
"buffer","buffer","buffer","buffer","buffer","buffer","buffer","buffer","buffer","buffer",2108108
"buffer","buffer","buffer","buffer","buffer","buffer","buffer","buffer","buffer","buffer",2120043
"buffer","buffer","buffer","buffer","buffer","buffer","buffer","buffer","buffer","buffer",2132013
"buffer","buffer","buffer","buffer","buffer","buffer","buffer","buffer","buffer","buffer",2144165
"buffer","buffer","buffer","buffer","buffer","buffer","buffer","buffer","buffer","buffer",2156329
"buffer","buffer","buffer","buffer","buffer","buffer","buffer","buffer","buffer","buffer",2168377
"buffer","buffer","buffer","buffer","buffer","buffer","buffer","buffer","buffer","buffer",2180229
"buffer","buffer","buffer","buffer","buffer","buffer","buffer","buffer","buffer","buffer",2192213
"buffer","buffer","buffer","buffer","buffer","buffer","buffer","buffer","buffer","buffer",2204538
"buffer","buffer","buffer","buffer","buffer","buffer","buffer","buffer","buffer","buffer",2216264
"buffer","buffer","buffer","buffer","buffer","buffer","buffer","buffer","buffer","buffer",2228424
"buffer","buffer","buffer","buffer","buffer","buffer","buffer","buffer","buffer","buffer",2240565
"buffer","buffer","buffer","buffer","buffer","buffer","buffer","buffer","buffer","buffer",2252662
"buffer","buffer","buffer","buffer","buffer","buffer","buffer","buffer","buffer","buffer",2264525
"buffer","buffer","buffer","buffer","buffer","buffer","buffer","buffer","buffer","buffer",2276692
"buffer","buffer","buffer","buffer","buffer","buffer","buffer","buffer","buffer","buffer",2288642
"buffer","buffer","buffer","buffer","buffer","buffer","buffer","buffer","buffer","buffer",2300814
"buffer","buffer","buffer","buffer","buffer","buffer","buffer","buffer","buffer","buffer",2312844
"buffer","buffer","buffer","buffer","buffer","buffer","buffer","buffer","buffer","buffer",2324895
"buffer","buffer","buffer","buffer","buffer","buffer","buffer","buffer","buffer","buffer",2337064
"buffer","buffer","buffer","buffer","buffer","buffer","buffer","buffer","buffer","buffer",2348694
"buffer","buffer","buffer","buffer","buffer","buffer","buffer","buffer","buffer","buffer",2360746
"buffer","buffer","buffer","buffer","buffer","buffer","buffer","buffer","buffer","buffer",2373177
"buffer","buffer","buffer","buffer","buffer","buffer","buffer","buffer","buffer","buffer",2385047
"buffer","buffer","buffer","buffer","buffer","buffer","buffer","buffer","buffer","buffer",2396964
"buffer","buffer","buffer","buffer","buffer","buffer","buffer","buffer","buffer","buffer",2409070
"buffer","buffer","buffer","buffer","buffer","buffer","buffer","buffer","buffer","buffer",2421208
"buffer","buffer","buffer","buffer","buffer","buffer","buffer","buffer","buffer","buffer",2433242
"buffer","buffer","buffer","buffer","buffer","buffer","buffer","buffer","buffer","buffer",2445263
"buffer","buffer","buffer","buffer","buffer","buffer","buffer","buffer","buffer","buffer",2457320
"buffer","buffer","buffer","buffer","buffer","buffer","buffer","buffer","buffer","buffer",2469252
"buffer","buffer","buffer","buffer","buffer","buffer","buffer","buffer","buffer","buffer",2481373
"buffer","buffer","buffer","buffer","buffer","buffer","buffer","buffer","buffer","buffer",2493410
"buffer","buffer","buffer","buffer","buffer","buffer","buffer","buffer","buffer","buffer",2505575
"buffer","buffer","buffer","buffer","buffer","buffer","buffer","buffer","buffer","buffer",2517554
"buffer","buffer","buffer","buffer","buffer","buffer","buffer","buffer","buffer","buffer",2529480
"buffer","buffer","buffer","buffer","buffer","buffer","buffer","buffer","buffer","buffer",2541740
"buffer","buffer","buffer","buffer","buffer","buffer","buffer","buffer","buffer","buffer",2553683
"buffer","buffer","buffer","buffer","buffer","buffer","buffer","buffer","buffer","buffer",2565634
"buffer","buffer","buffer","buffer","buffer","buffer","buffer","buffer","buffer","buffer",2577811
"buffer","buffer","buffer","buffer","buffer","buffer","buffer","buffer","buffer","buffer",2589830
"buffer","buffer","buffer","buffer","buffer","buffer","buffer","buffer","buffer","buffer",2601840
"buffer","buffer","buffer","buffer","buffer","buffer","buffer","buffer","buffer","buffer",2613905
"buffer","buffer","buffer","buffer","buffer","buffer","buffer","buffer","buffer","buffer",2626118
"buffer","buffer","buffer","buffer","buffer","buffer","buffer","buffer","buffer","buffer",2638023
"buffer","buffer","buffer","buffer","buffer","buffer","buffer","buffer","buffer","buffer",2650149
"buffer","buffer","buffer","buffer","buffer","buffer","buffer","buffer","buffer","buffer",2662213
"buffer","buffer","buffer","buffer","buffer","buffer","buffer","buffer","buffer","buffer",2674139
"buffer","buffer","buffer","buffer","buffer","buffer","buffer","buffer","buffer","buffer",2686304
"buffer","buffer","buffer","buffer","buffer","buffer","buffer","buffer","buffer","buffer",2698252
"buffer","buffer","buffer","buffer","buffer","buffer","buffer","buffer","buffer","buffer",2710259
"buffer","buffer","buffer","buffer","buffer","buffer","buffer","buffer","buffer","buffer",2722364
"buffer","buffer","buffer","buffer","buffer","buffer","buffer","buffer","buffer","buffer",2734299
"buffer","buffer","buffer","buffer","buffer","buffer","buffer","buffer","buffer","buffer",2746345
"buffer","buffer","buffer","buffer","buffer","buffer","buffer","buffer","buffer","buffer",2758473
"buffer","buffer","buffer","buffer","buffer","buffer","buffer","buffer","buffer","buffer",2770359
"buffer","buffer","buffer","buffer","buffer","buffer","buffer","buffer","buffer","buffer",2782634
"buffer","buffer","buffer","buffer","buffer","buffer","buffer","buffer","buffer","buffer",2794525
"buffer","buffer","buffer","buffer","buffer","buffer","buffer","buffer","buffer","buffer",2806565
"buffer","buffer","buffer","buffer","buffer","buffer","buffer","buffer","buffer","buffer",2818614
"buffer","buffer","buffer","buffer","buffer","buffer","buffer","buffer","buffer","buffer",2830675
"buffer","buffer","buffer","buffer","buffer","buffer","buffer","buffer","buffer","buffer",2842741
"buffer","buffer","buffer","buffer","buffer","buffer","buffer","buffer","buffer","buffer",2854956
"buffer","buffer","buffer","buffer","buffer","buffer","buffer","buffer","buffer","buffer",2866825
"buffer","buffer","buffer","buffer","buffer","buffer","buffer","buffer","buffer","buffer",2878903
"buffer","buffer","buffer","buffer","buffer","buffer","buffer","buffer","buffer","buffer",2890953
"buffer","buffer","buffer","buffer","buffer","buffer","buffer","buffer","buffer","buffer",2902794
"buffer","buffer","buffer","buffer","buffer","buffer","buffer","buffer","buffer","buffer",2914952
"buffer","buffer","buffer","buffer","buffer","buffer","buffer","buffer","buffer","buffer",2927329
"buffer","buffer","buffer","buffer","buffer","buffer","buffer","buffer","buffer","buffer",2939141
"buffer","buffer","buffer","buffer","buffer","buffer","buffer","buffer","buffer","buffer",2951223
"buffer","buffer","buffer","buffer","buffer","buffer","buffer","buffer","buffer","buffer",2963150
"buffer","buffer","buffer","buffer","buffer","buffer","buffer","buffer","buffer","buffer",2975205
"buffer","buffer","buffer","buffer","buffer","buffer","buffer","buffer","buffer","buffer",2987171
"buffer","buffer","buffer","buffer","buffer","buffer","buffer","buffer","buffer","buffer",2999405
"buffer","buffer","buffer","buffer","buffer","buffer","buffer","buffer","buffer","buffer",3011366
"buffer","buffer","buffer","buffer","buffer","buffer","buffer","buffer","buffer","buffer",3023525
"buffer","buffer","buffer","buffer","buffer","buffer","buffer","buffer","buffer","buffer",3035555
"buffer","buffer","buffer","buffer","buffer","buffer","buffer","buffer","buffer","buffer",3047633
"buffer","buffer","buffer","buffer","buffer","buffer","buffer","buffer","buffer","buffer",3059615
"buffer","buffer","buffer","buffer","buffer","buffer","buffer","buffer","buffer","buffer",3071899
"buffer","buffer","buffer","buffer","buffer","buffer","buffer","buffer","buffer","buffer",3083709
"buffer","buffer","buffer","buffer","buffer","buffer","buffer","buffer","buffer","buffer",3095701
"buffer","buffer","buffer","buffer","buffer","buffer","buffer","buffer","buffer","buffer",3107804
"buffer","buffer","buffer","buffer","buffer","buffer","buffer","buffer","buffer","buffer",3119965
"buffer","buffer","buffer","buffer","buffer","buffer","buffer","buffer","buffer","buffer",3131838
"buffer","buffer","buffer","buffer","buffer","buffer","buffer","buffer","buffer","buffer",3143938
"buffer","buffer","buffer","buffer","buffer","buffer","buffer","buffer","buffer","buffer",3155926
"buffer","buffer","buffer","buffer","buffer","buffer","buffer","buffer","buffer","buffer",3167933
"buffer","buffer","buffer","buffer","buffer","buffer","buffer","buffer","buffer","buffer",3180027
"buffer","buffer","buffer","buffer","buffer","buffer","buffer","buffer","buffer","buffer",3192127
"buffer","buffer","buffer","buffer","buffer","buffer","buffer","buffer","buffer","buffer",3204176
"buffer","buffer","buffer","buffer","buffer","buffer","buffer","buffer","buffer","buffer",3216215
"buffer","buffer","buffer","buffer","buffer","buffer","buffer","buffer","buffer","buffer",3228203
"buffer","buffer","buffer","buffer","buffer","buffer","buffer","buffer","buffer","buffer",3240335
"buffer","buffer","buffer","buffer","buffer","buffer","buffer","buffer","buffer","buffer",3252390
"buffer","buffer","buffer","buffer","buffer","buffer","buffer","buffer","buffer","buffer",3264357
"buffer","buffer","buffer","buffer","buffer","buffer","buffer","buffer","buffer","buffer",3276364
"buffer","buffer","buffer","buffer","buffer","buffer","buffer","buffer","buffer","buffer",3288406
"buffer","buffer","buffer","buffer","buffer","buffer","buffer","buffer","buffer","buffer",3300452
"buffer","buffer","buffer","buffer","buffer","buffer","buffer","buffer","buffer","buffer",3312566
"buffer","buffer","buffer","buffer","buffer","buffer","buffer","buffer","buffer","buffer",3324652
"buffer","buffer","buffer","buffer","buffer","buffer","buffer","buffer","buffer","buffer",3336814
"buffer","buffer","buffer","buffer","buffer","buffer","buffer","buffer","buffer","buffer",3348803
"buffer","buffer","buffer","buffer","buffer","buffer","buffer","buffer","buffer","buffer",3360898
"buffer","buffer","buffer","buffer","buffer","buffer","buffer","buffer","buffer","buffer",3372887
"buffer","buffer","buffer","buffer","buffer","buffer","buffer","buffer","buffer","buffer",3384797
"buffer","buffer","buffer","buffer","buffer","buffer","buffer","buffer","buffer","buffer",3396952
"buffer","buffer","buffer","buffer","buffer","buffer","buffer","buffer","buffer","buffer",3408812
"buffer","buffer","buffer","buffer","buffer","buffer","buffer","buffer","buffer","buffer",3420917
"buffer","buffer","buffer","buffer","buffer","buffer","buffer","buffer","buffer","buffer",3433201
"buffer","buffer","buffer","buffer","buffer","buffer","buffer","buffer","buffer","buffer",3445037
"buffer","buffer","buffer","buffer","buffer","buffer","buffer","buffer","buffer","buffer",3457181
"buffer","buffer","buffer","buffer","buffer","buffer","buffer","buffer","buffer","buffer",3469151
"buffer","buffer","buffer","buffer","buffer","buffer","buffer","buffer","buffer","buffer",3481144
"buffer","buffer","buffer","buffer","buffer","buffer","buffer","buffer","buffer","buffer",3493163
"buffer","buffer","buffer","buffer","buffer","buffer","buffer","buffer","buffer","buffer",3505284
"buffer","buffer","buffer","buffer","buffer","buffer","buffer","buffer","buffer","buffer",3517202
"buffer","buffer","buffer","buffer","buffer","buffer","buffer","buffer","buffer","buffer",3529325
"buffer","buffer","buffer","buffer","buffer","buffer","buffer","buffer","buffer","buffer",3541559
"buffer","buffer","buffer","buffer","buffer","buffer","buffer","buffer","buffer","buffer",3553502
"buffer","buffer","buffer","buffer","buffer","buffer","buffer","buffer","buffer","buffer",3565403
"buffer","buffer","buffer","buffer","buffer","buffer","buffer","buffer","buffer","buffer",3577724
"buffer","buffer","buffer","buffer","buffer","buffer","buffer","buffer","buffer","buffer",3589721
"buffer","buffer","buffer","buffer","buffer","buffer","buffer","buffer","buffer","buffer",3601517
"buffer","buffer","buffer","buffer","buffer","buffer","buffer","buffer","buffer","buffer",3613635
"buffer","buffer","buffer","buffer","buffer","buffer","buffer","buffer","buffer","buffer",3625872
"buffer","buffer","buffer","buffer","buffer","buffer","buffer","buffer","buffer","buffer",3638007
"buffer","buffer","buffer","buffer","buffer","buffer","buffer","buffer","buffer","buffer",3649917
"buffer","buffer","buffer","buffer","buffer","buffer","buffer","buffer","buffer","buffer",3661631
"buffer","buffer","buffer","buffer","buffer","buffer","buffer","buffer","buffer","buffer",3674047
"buffer","buffer","buffer","buffer","buffer","buffer","buffer","buffer","buffer","buffer",3686058
"buffer","buffer","buffer","buffer","buffer","buffer","buffer","buffer","buffer","buffer",3697999
"buffer","buffer","buffer","buffer","buffer","buffer","buffer","buffer","buffer","buffer",3710095
"buffer","buffer","buffer","buffer","buffer","buffer","buffer","buffer","buffer","buffer",3722258
"buffer","buffer","buffer","buffer","buffer","buffer","buffer","buffer","buffer","buffer",3734014
"buffer","buffer","buffer","buffer","buffer","buffer","buffer","buffer","buffer","buffer",3746150
"buffer","buffer","buffer","buffer","buffer","buffer","buffer","buffer","buffer","buffer",3758445
"buffer","buffer","buffer","buffer","buffer","buffer","buffer","buffer","buffer","buffer",3770389
"buffer","buffer","buffer","buffer","buffer","buffer","buffer","buffer","buffer","buffer",3782383
"buffer","buffer","buffer","buffer","buffer","buffer","buffer","buffer","buffer","buffer",3794488
"buffer","buffer","buffer","buffer","buffer","buffer","buffer","buffer","buffer","buffer",3806203
"buffer","buffer","buffer","buffer","buffer","buffer","buffer","buffer","buffer","buffer",3818600
"buffer","buffer","buffer","buffer","buffer","buffer","buffer","buffer","buffer","buffer",3830485
"buffer","buffer","buffer","buffer","buffer","buffer","buffer","buffer","buffer","buffer",3842897
"buffer","buffer","buffer","buffer","buffer","buffer","buffer","buffer","buffer","buffer",3854683
"buffer","buffer","buffer","buffer","buffer","buffer","buffer","buffer","buffer","buffer",3866793
"buffer","buffer","buffer","buffer","buffer","buffer","buffer","buffer","buffer","buffer",3878706
"buffer","buffer","buffer","buffer","buffer","buffer","buffer","buffer","buffer","buffer",3890792
"buffer","buffer","buffer","buffer","buffer","buffer","buffer","buffer","buffer","buffer",3902877
"buffer","buffer","buffer","buffer","buffer","buffer","buffer","buffer","buffer","buffer",3914826
"buffer","buffer","buffer","buffer","buffer","buffer","buffer","buffer","buffer","buffer",3926816
"buffer","buffer","buffer","buffer","buffer","buffer","buffer","buffer","buffer","buffer",3939075
"buffer","buffer","buffer","buffer","buffer","buffer","buffer","buffer","buffer","buffer",3950953
"buffer","buffer","buffer","buffer","buffer","buffer","buffer","buffer","buffer","buffer",3963003
"buffer","buffer","buffer","buffer","buffer","buffer","buffer","buffer","buffer","buffer",3975098
"buffer","buffer","buffer","buffer","buffer","buffer","buffer","buffer","buffer","buffer",3987130
"buffer","buffer","buffer","buffer","buffer","buffer","buffer","buffer","buffer","buffer",3999076
"buffer","buffer","buffer","buffer","buffer","buffer","buffer","buffer","buffer","buffer",4011401
"buffer","buffer","buffer","buffer","buffer","buffer","buffer","buffer","buffer","buffer",4023291
"buffer","buffer","buffer","buffer","buffer","buffer","buffer","buffer","buffer","buffer",4035452
"buffer","buffer","buffer","buffer","buffer","buffer","buffer","buffer","buffer","buffer",4047415
"buffer","buffer","buffer","buffer","buffer","buffer","buffer","buffer","buffer","buffer",4059446
"buffer","buffer","buffer","buffer","buffer","buffer","buffer","buffer","buffer","buffer",4071575
"buffer","buffer","buffer","buffer","buffer","buffer","buffer","buffer","buffer","buffer",4083622
"buffer","buffer","buffer","buffer","buffer","buffer","buffer","buffer","buffer","buffer",4095533
"buffer","buffer","buffer","buffer","buffer","buffer","buffer","buffer","buffer","buffer",4107677
"buffer","buffer","buffer","buffer","buffer","buffer","buffer","buffer","buffer","buffer",4119615
"buffer","buffer","buffer","buffer","buffer","buffer","buffer","buffer","buffer","buffer",4131535
"buffer","buffer","buffer","buffer","buffer","buffer","buffer","buffer","buffer","buffer",4143743
"buffer","buffer","buffer","buffer","buffer","buffer","buffer","buffer","buffer","buffer",4155673
"buffer","buffer","buffer","buffer","buffer","buffer","buffer","buffer","buffer","buffer",4167898
"buffer","buffer","buffer","buffer","buffer","buffer","buffer","buffer","buffer","buffer",4179728
"buffer","buffer","buffer","buffer","buffer","buffer","buffer","buffer","buffer","buffer",4191927
"buffer","buffer","buffer","buffer","buffer","buffer","buffer","buffer","buffer","buffer",4203968
"buffer","buffer","buffer","buffer","buffer","buffer","buffer","buffer","buffer","buffer",4216045
"buffer","buffer","buffer","buffer","buffer","buffer","buffer","buffer","buffer","buffer",4228000
"buffer","buffer","buffer","buffer","buffer","buffer","buffer","buffer","buffer","buffer",4240094
"buffer","buffer","buffer","buffer","buffer","buffer","buffer","buffer","buffer","buffer",4252157
"buffer","buffer","buffer","buffer","buffer","buffer","buffer","buffer","buffer","buffer",4264332
"buffer","buffer","buffer","buffer","buffer","buffer","buffer","buffer","buffer","buffer",4276339
"buffer","buffer","buffer","buffer","buffer","buffer","buffer","buffer","buffer","buffer",4288251
"buffer","buffer","buffer","buffer","buffer","buffer","buffer","buffer","buffer","buffer",4300401
"buffer","buffer","buffer","buffer","buffer","buffer","buffer","buffer","buffer","buffer",4312383
"buffer","buffer","buffer","buffer","buffer","buffer","buffer","buffer","buffer","buffer",4324226
"buffer","buffer","buffer","buffer","buffer","buffer","buffer","buffer","buffer","buffer",4336529
"buffer","buffer","buffer","buffer","buffer","buffer","buffer","buffer","buffer","buffer",4348518
"buffer","buffer","buffer","buffer","buffer","buffer","buffer","buffer","buffer","buffer",4360451
"buffer","buffer","buffer","buffer","buffer","buffer","buffer","buffer","buffer","buffer",4372598
"buffer","buffer","buffer","buffer","buffer","buffer","buffer","buffer","buffer","buffer",4384915
"buffer","buffer","buffer","buffer","buffer","buffer","buffer","buffer","buffer","buffer",4396592
"buffer","buffer","buffer","buffer","buffer","buffer","buffer","buffer","buffer","buffer",4408674
"buffer","buffer","buffer","buffer","buffer","buffer","buffer","buffer","buffer","buffer",4420801
"buffer","buffer","buffer","buffer","buffer","buffer","buffer","buffer","buffer","buffer",4432866
"buffer","buffer","buffer","buffer","buffer","buffer","buffer","buffer","buffer","buffer",4444910
"buffer","buffer","buffer","buffer","buffer","buffer","buffer","buffer","buffer","buffer",4456774
"buffer","buffer","buffer","buffer","buffer","buffer","buffer","buffer","buffer","buffer",4468970
"buffer","buffer","buffer","buffer","buffer","buffer","buffer","buffer","buffer","buffer",4480936
"buffer","buffer","buffer","buffer","buffer","buffer","buffer","buffer","buffer","buffer",4493074
"buffer","buffer","buffer","buffer","buffer","buffer","buffer","buffer","buffer","buffer",4505041
"buffer","buffer","buffer","buffer","buffer","buffer","buffer","buffer","buffer","buffer",4516921
"buffer","buffer","buffer","buffer","buffer","buffer","buffer","buffer","buffer","buffer",4529185
"buffer","buffer","buffer","buffer","buffer","buffer","buffer","buffer","buffer","buffer",4541280
"buffer","buffer","buffer","buffer","buffer","buffer","buffer","buffer","buffer","buffer",4553313
"buffer","buffer","buffer","buffer","buffer","buffer","buffer","buffer","buffer","buffer",4565486
"buffer","buffer","buffer","buffer","buffer","buffer","buffer","buffer","buffer","buffer",4577075
"buffer","buffer","buffer","buffer","buffer","buffer","buffer","buffer","buffer","buffer",4589383
"buffer","buffer","buffer","buffer","buffer","buffer","buffer","buffer","buffer","buffer",4601538
"buffer","buffer","buffer","buffer","buffer","buffer","buffer","buffer","buffer","buffer",4613417
"buffer","buffer","buffer","buffer","buffer","buffer","buffer","buffer","buffer","buffer",4625564
"buffer","buffer","buffer","buffer","buffer","buffer","buffer","buffer","buffer","buffer",4637732
"buffer","buffer","buffer","buffer","buffer","buffer","buffer","buffer","buffer","buffer",4649685
"buffer","buffer","buffer","buffer","buffer","buffer","buffer","buffer","buffer","buffer",4661703
"buffer","buffer","buffer","buffer","buffer","buffer","buffer","buffer","buffer","buffer",4673862
"buffer","buffer","buffer","buffer","buffer","buffer","buffer","buffer","buffer","buffer",4685785
"buffer","buffer","buffer","buffer","buffer","buffer","buffer","buffer","buffer","buffer",4697829
"buffer","buffer","buffer","buffer","buffer","buffer","buffer","buffer","buffer","buffer",4709817
"buffer","buffer","buffer","buffer","buffer","buffer","buffer","buffer","buffer","buffer",4721692
"buffer","buffer","buffer","buffer","buffer","buffer","buffer","buffer","buffer","buffer",4734120
"buffer","buffer","buffer","buffer","buffer","buffer","buffer","buffer","buffer","buffer",4746070
"buffer","buffer","buffer","buffer","buffer","buffer","buffer","buffer","buffer","buffer",4758052
"buffer","buffer","buffer","buffer","buffer","buffer","buffer","buffer","buffer","buffer",4770047
"buffer","buffer","buffer","buffer","buffer","buffer","buffer","buffer","buffer","buffer",4782097
"buffer","buffer","buffer","buffer","buffer","buffer","buffer","buffer","buffer","buffer",4794257
"buffer","buffer","buffer","buffer","buffer","buffer","buffer","buffer","buffer","buffer",4806325
"buffer","buffer","buffer","buffer","buffer","buffer","buffer","buffer","buffer","buffer",4818055
"buffer","buffer","buffer","buffer","buffer","buffer","buffer","buffer","buffer","buffer",4830455
"buffer","buffer","buffer","buffer","buffer","buffer","buffer","buffer","buffer","buffer",4842350
"buffer","buffer","buffer","buffer","buffer","buffer","buffer","buffer","buffer","buffer",4854253
"buffer","buffer","buffer","buffer","buffer","buffer","buffer","buffer","buffer","buffer",4866586
"buffer","buffer","buffer","buffer","buffer","buffer","buffer","buffer","buffer","buffer",4878530
"buffer","buffer","buffer","buffer","buffer","buffer","buffer","buffer","buffer","buffer",4890559
"buffer","buffer","buffer","buffer","buffer","buffer","buffer","buffer","buffer","buffer",4902716
"buffer","buffer","buffer","buffer","buffer","buffer","buffer","buffer","buffer","buffer",4914610
"buffer","buffer","buffer","buffer","buffer","buffer","buffer","buffer","buffer","buffer",4926577
"buffer","buffer","buffer","buffer","buffer","buffer","buffer","buffer","buffer","buffer",4938467
"buffer","buffer","buffer","buffer","buffer","buffer","buffer","buffer","buffer","buffer",4950663
"buffer","buffer","buffer","buffer","buffer","buffer","buffer","buffer","buffer","buffer",4962867
"buffer","buffer","buffer","buffer","buffer","buffer","buffer","buffer","buffer","buffer",4974830
"buffer","buffer","buffer","buffer","buffer","buffer","buffer","buffer","buffer","buffer",4986948
"buffer","buffer","buffer","buffer","buffer","buffer","buffer","buffer","buffer","buffer",4999033
"buffer","buffer","buffer","buffer","buffer","buffer","buffer","buffer","buffer","buffer",5011108
"buffer","buffer","buffer","buffer","buffer","buffer","buffer","buffer","buffer","buffer",5023163
"buffer","buffer","buffer","buffer","buffer","buffer","buffer","buffer","buffer","buffer",5034863
"buffer","buffer","buffer","buffer","buffer","buffer","buffer","buffer","buffer","buffer",5047155
"buffer","buffer","buffer","buffer","buffer","buffer","buffer","buffer","buffer","buffer",5059264
"buffer","buffer","buffer","buffer","buffer","buffer","buffer","buffer","buffer","buffer",5071373
"buffer","buffer","buffer","buffer","buffer","buffer","buffer","buffer","buffer","buffer",5083274
"buffer","buffer","buffer","buffer","buffer","buffer","buffer","buffer","buffer","buffer",5095230
"buffer","buffer","buffer","buffer","buffer","buffer","buffer","buffer","buffer","buffer",5107284
"buffer","buffer","buffer","buffer","buffer","buffer","buffer","buffer","buffer","buffer",5119377
"buffer","buffer","buffer","buffer","buffer","buffer","buffer","buffer","buffer","buffer",5131444
"buffer","buffer","buffer","buffer","buffer","buffer","buffer","buffer","buffer","buffer",5143591
"buffer","buffer","buffer","buffer","buffer","buffer","buffer","buffer","buffer","buffer",5155750
"buffer","buffer","buffer","buffer","buffer","buffer","buffer","buffer","buffer","buffer",5167691
"buffer","buffer","buffer","buffer","buffer","buffer","buffer","buffer","buffer","buffer",5179745
"buffer","buffer","buffer","buffer","buffer","buffer","buffer","buffer","buffer","buffer",5191874
"buffer","buffer","buffer","buffer","buffer","buffer","buffer","buffer","buffer","buffer",5203879
"buffer","buffer","buffer","buffer","buffer","buffer","buffer","buffer","buffer","buffer",5215779
"buffer","buffer","buffer","buffer","buffer","buffer","buffer","buffer","buffer","buffer",5227786
"buffer","buffer","buffer","buffer","buffer","buffer","buffer","buffer","buffer","buffer",5239856
"buffer","buffer","buffer","buffer","buffer","buffer","buffer","buffer","buffer","buffer",5251798
"buffer","buffer","buffer","buffer","buffer","buffer","buffer","buffer","buffer","buffer",5263990
"buffer","buffer","buffer","buffer","buffer","buffer","buffer","buffer","buffer","buffer",5275943
"buffer","buffer","buffer","buffer","buffer","buffer","buffer","buffer","buffer","buffer",5287890
"buffer","buffer","buffer","buffer","buffer","buffer","buffer","buffer","buffer","buffer",5300090
"buffer","buffer","buffer","buffer","buffer","buffer","buffer","buffer","buffer","buffer",5312021
"buffer","buffer","buffer","buffer","buffer","buffer","buffer","buffer","buffer","buffer",5324389
"buffer","buffer","buffer","buffer","buffer","buffer","buffer","buffer","buffer","buffer",5336185
"buffer","buffer","buffer","buffer","buffer","buffer","buffer","buffer","buffer","buffer",5348389
"buffer","buffer","buffer","buffer","buffer","buffer","buffer","buffer","buffer","buffer",5360392
"buffer","buffer","buffer","buffer","buffer","buffer","buffer","buffer","buffer","buffer",5372396
"buffer","buffer","buffer","buffer","buffer","buffer","buffer","buffer","buffer","buffer",5384405
"buffer","buffer","buffer","buffer","buffer","buffer","buffer","buffer","buffer","buffer",5396459
"buffer","buffer","buffer","buffer","buffer","buffer","buffer","buffer","buffer","buffer",5408427
"buffer","buffer","buffer","buffer","buffer","buffer","buffer","buffer","buffer","buffer",5420504
"buffer","buffer","buffer","buffer","buffer","buffer","buffer","buffer","buffer","buffer",5432625
"buffer","buffer","buffer","buffer","buffer","buffer","buffer","buffer","buffer","buffer",5444821
"buffer","buffer","buffer","buffer","buffer","buffer","buffer","buffer","buffer","buffer",5456611
"buffer","buffer","buffer","buffer","buffer","buffer","buffer","buffer","buffer","buffer",5468723
"buffer","buffer","buffer","buffer","buffer","buffer","buffer","buffer","buffer","buffer",5480742
"buffer","buffer","buffer","buffer","buffer","buffer","buffer","buffer","buffer","buffer",5492742
"buffer","buffer","buffer","buffer","buffer","buffer","buffer","buffer","buffer","buffer",5504722
"buffer","buffer","buffer","buffer","buffer","buffer","buffer","buffer","buffer","buffer",5517170
"buffer","buffer","buffer","buffer","buffer","buffer","buffer","buffer","buffer","buffer",5528980
"buffer","buffer","buffer","buffer","buffer","buffer","buffer","buffer","buffer","buffer",5541139
"buffer","buffer","buffer","buffer","buffer","buffer","buffer","buffer","buffer","buffer",5553370
"buffer","buffer","buffer","buffer","buffer","buffer","buffer","buffer","buffer","buffer",5565220
"buffer","buffer","buffer","buffer","buffer","buffer","buffer","buffer","buffer","buffer",5577374
"buffer","buffer","buffer","buffer","buffer","buffer","buffer","buffer","buffer","buffer",5589116
"buffer","buffer","buffer","buffer","buffer","buffer","buffer","buffer","buffer","buffer",5601341
"buffer","buffer","buffer","buffer","buffer","buffer","buffer","buffer","buffer","buffer",5613439
"buffer","buffer","buffer","buffer","buffer","buffer","buffer","buffer","buffer","buffer",5625339
"buffer","buffer","buffer","buffer","buffer","buffer","buffer","buffer","buffer","buffer",5637492
"buffer","buffer","buffer","buffer","buffer","buffer","buffer","buffer","buffer","buffer",5649605
"buffer","buffer","buffer","buffer","buffer","buffer","buffer","buffer","buffer","buffer",5661473
"buffer","buffer","buffer","buffer","buffer","buffer","buffer","buffer","buffer","buffer",5673555
"buffer","buffer","buffer","buffer","buffer","buffer","buffer","buffer","buffer","buffer",5685685
"buffer","buffer","buffer","buffer","buffer","buffer","buffer","buffer","buffer","buffer",5697686
"buffer","buffer","buffer","buffer","buffer","buffer","buffer","buffer","buffer","buffer",5709684
"buffer","buffer","buffer","buffer","buffer","buffer","buffer","buffer","buffer","buffer",5721548
"buffer","buffer","buffer","buffer","buffer","buffer","buffer","buffer","buffer","buffer",5733799
"buffer","buffer","buffer","buffer","buffer","buffer","buffer","buffer","buffer","buffer",5745769
"buffer","buffer","buffer","buffer","buffer","buffer","buffer","buffer","buffer","buffer",5757827
"buffer","buffer","buffer","buffer","buffer","buffer","buffer","buffer","buffer","buffer",5769859
"buffer","buffer","buffer","buffer","buffer","buffer","buffer","buffer","buffer","buffer",5782044
"buffer","buffer","buffer","buffer","buffer","buffer","buffer","buffer","buffer","buffer",5794012
"buffer","buffer","buffer","buffer","buffer","buffer","buffer","buffer","buffer","buffer",5805909
"buffer","buffer","buffer","buffer","buffer","buffer","buffer","buffer","buffer","buffer",5818179
"buffer","buffer","buffer","buffer","buffer","buffer","buffer","buffer","buffer","buffer",5830177
"buffer","buffer","buffer","buffer","buffer","buffer","buffer","buffer","buffer","buffer",5842308
"buffer","buffer","buffer","buffer","buffer","buffer","buffer","buffer","buffer","buffer",5854299
"buffer","buffer","buffer","buffer","buffer","buffer","buffer","buffer","buffer","buffer",5866525
"buffer","buffer","buffer","buffer","buffer","buffer","buffer","buffer","buffer","buffer",5878423
"buffer","buffer","buffer","buffer","buffer","buffer","buffer","buffer","buffer","buffer",5890381
"buffer","buffer","buffer","buffer","buffer","buffer","buffer","buffer","buffer","buffer",5902355
"buffer","buffer","buffer","buffer","buffer","buffer","buffer","buffer","buffer","buffer",5914413
"buffer","buffer","buffer","buffer","buffer","buffer","buffer","buffer","buffer","buffer",5926357
"buffer","buffer","buffer","buffer","buffer","buffer","buffer","buffer","buffer","buffer",5938481
"buffer","buffer","buffer","buffer","buffer","buffer","buffer","buffer","buffer","buffer",5950474
"buffer","buffer","buffer","buffer","buffer","buffer","buffer","buffer","buffer","buffer",5962698
"buffer","buffer","buffer","buffer","buffer","buffer","buffer","buffer","buffer","buffer",5974720
"buffer","buffer","buffer","buffer","buffer","buffer","buffer","buffer","buffer","buffer",5986691
"buffer","buffer","buffer","buffer","buffer","buffer","buffer","buffer","buffer","buffer",5998781
"buffer","buffer","buffer","buffer","buffer","buffer","buffer","buffer","buffer","buffer",6010800
"buffer","buffer","buffer","buffer","buffer","buffer","buffer","buffer","buffer","buffer",6022908
"buffer","buffer","buffer","buffer","buffer","buffer","buffer","buffer","buffer","buffer",6034935
"buffer","buffer","buffer","buffer","buffer","buffer","buffer","buffer","buffer","buffer",6046668
"buffer","buffer","buffer","buffer","buffer","buffer","buffer","buffer","buffer","buffer",6059231
"buffer","buffer","buffer","buffer","buffer","buffer","buffer","buffer","buffer","buffer",6070995
"buffer","buffer","buffer","buffer","buffer","buffer","buffer","buffer","buffer","buffer",6083349
"buffer","buffer","buffer","buffer","buffer","buffer","buffer","buffer","buffer","buffer",6095309
"buffer","buffer","buffer","buffer","buffer","buffer","buffer","buffer","buffer","buffer",6107173
"buffer","buffer","buffer","buffer","buffer","buffer","buffer","buffer","buffer","buffer",6119267
"buffer","buffer","buffer","buffer","buffer","buffer","buffer","buffer","buffer","buffer",6131333
"buffer","buffer","buffer","buffer","buffer","buffer","buffer","buffer","buffer","buffer",6143193
"buffer","buffer","buffer","buffer","buffer","buffer","buffer","buffer","buffer","buffer",6155456
"buffer","buffer","buffer","buffer","buffer","buffer","buffer","buffer","buffer","buffer",6167560
"buffer","buffer","buffer","buffer","buffer","buffer","buffer","buffer","buffer","buffer",6179571
"buffer","buffer","buffer","buffer","buffer","buffer","buffer","buffer","buffer","buffer",6191388
"buffer","buffer","buffer","buffer","buffer","buffer","buffer","buffer","buffer","buffer",6203476
"buffer","buffer","buffer","buffer","buffer","buffer","buffer","buffer","buffer","buffer",6215632
"buffer","buffer","buffer","buffer","buffer","buffer","buffer","buffer","buffer","buffer",6227695
"buffer","buffer","buffer","buffer","buffer","buffer","buffer","buffer","buffer","buffer",6239618
"buffer","buffer","buffer","buffer","buffer","buffer","buffer","buffer","buffer","buffer",6251803
"buffer","buffer","buffer","buffer","buffer","buffer","buffer","buffer","buffer","buffer",6263979
"buffer","buffer","buffer","buffer","buffer","buffer","buffer","buffer","buffer","buffer",6275834
"buffer","buffer","buffer","buffer","buffer","buffer","buffer","buffer","buffer","buffer",6287899
"buffer","buffer","buffer","buffer","buffer","buffer","buffer","buffer","buffer","buffer",6299811
"buffer","buffer","buffer","buffer","buffer","buffer","buffer","buffer","buffer","buffer",6311999
"buffer","buffer","buffer","buffer","buffer","buffer","buffer","buffer","buffer","buffer",6323980
"buffer","buffer","buffer","buffer","buffer","buffer","buffer","buffer","buffer","buffer",6336036
"buffer","buffer","buffer","buffer","buffer","buffer","buffer","buffer","buffer","buffer",6348144
"buffer","buffer","buffer","buffer","buffer","buffer","buffer","buffer","buffer","buffer",6360096
"buffer","buffer","buffer","buffer","buffer","buffer","buffer","buffer","buffer","buffer",6372125
"buffer","buffer","buffer","buffer","buffer","buffer","buffer","buffer","buffer","buffer",6384256
"buffer","buffer","buffer","buffer","buffer","buffer","buffer","buffer","buffer","buffer",6396211
"buffer","buffer","buffer","buffer","buffer","buffer","buffer","buffer","buffer","buffer",6408320
"buffer","buffer","buffer","buffer","buffer","buffer","buffer","buffer","buffer","buffer",6420429
"buffer","buffer","buffer","buffer","buffer","buffer","buffer","buffer","buffer","buffer",6432671
"buffer","buffer","buffer","buffer","buffer","buffer","buffer","buffer","buffer","buffer",6444361
"buffer","buffer","buffer","buffer","buffer","buffer","buffer","buffer","buffer","buffer",6456424
"buffer","buffer","buffer","buffer","buffer","buffer","buffer","buffer","buffer","buffer",6468511
"buffer","buffer","buffer","buffer","buffer","buffer","buffer","buffer","buffer","buffer",6480508
"buffer","buffer","buffer","buffer","buffer","buffer","buffer","buffer","buffer","buffer",6492498
"buffer","buffer","buffer","buffer","buffer","buffer","buffer","buffer","buffer","buffer",6504769
"buffer","buffer","buffer","buffer","buffer","buffer","buffer","buffer","buffer","buffer",6516550
"buffer","buffer","buffer","buffer","buffer","buffer","buffer","buffer","buffer","buffer",6528632
"buffer","buffer","buffer","buffer","buffer","buffer","buffer","buffer","buffer","buffer",6540813
"buffer","buffer","buffer","buffer","buffer","buffer","buffer","buffer","buffer","buffer",6552859
"buffer","buffer","buffer","buffer","buffer","buffer","buffer","buffer","buffer","buffer",6564985
"buffer","buffer","buffer","buffer","buffer","buffer","buffer","buffer","buffer","buffer",6576864
"buffer","buffer","buffer","buffer","buffer","buffer","buffer","buffer","buffer","buffer",6589038
"buffer","buffer","buffer","buffer","buffer","buffer","buffer","buffer","buffer","buffer",6601061
"buffer","buffer","buffer","buffer","buffer","buffer","buffer","buffer","buffer","buffer",6613056
"buffer","buffer","buffer","buffer","buffer","buffer","buffer","buffer","buffer","buffer",6625135
"buffer","buffer","buffer","buffer","buffer","buffer","buffer","buffer","buffer","buffer",6637242
"buffer","buffer","buffer","buffer","buffer","buffer","buffer","buffer","buffer","buffer",6649440
"buffer","buffer","buffer","buffer","buffer","buffer","buffer","buffer","buffer","buffer",6661266
"buffer","buffer","buffer","buffer","buffer","buffer","buffer","buffer","buffer","buffer",6673212
"buffer","buffer","buffer","buffer","buffer","buffer","buffer","buffer","buffer","buffer",6685425
"buffer","buffer","buffer","buffer","buffer","buffer","buffer","buffer","buffer","buffer",6697383
"buffer","buffer","buffer","buffer","buffer","buffer","buffer","buffer","buffer","buffer",6709586
"buffer","buffer","buffer","buffer","buffer","buffer","buffer","buffer","buffer","buffer",6721363
"buffer","buffer","buffer","buffer","buffer","buffer","buffer","buffer","buffer","buffer",6733596
"buffer","buffer","buffer","buffer","buffer","buffer","buffer","buffer","buffer","buffer",6745495
"buffer","buffer","buffer","buffer","buffer","buffer","buffer","buffer","buffer","buffer",6757549
"buffer","buffer","buffer","buffer","buffer","buffer","buffer","buffer","buffer","buffer",6769527
"buffer","buffer","buffer","buffer","buffer","buffer","buffer","buffer","buffer","buffer",6781738
"buffer","buffer","buffer","buffer","buffer","buffer","buffer","buffer","buffer","buffer",6793591
"buffer","buffer","buffer","buffer","buffer","buffer","buffer","buffer","buffer","buffer",6805785
"buffer","buffer","buffer","buffer","buffer","buffer","buffer","buffer","buffer","buffer",6817874
"buffer","buffer","buffer","buffer","buffer","buffer","buffer","buffer","buffer","buffer",6829966
"buffer","buffer","buffer","buffer","buffer","buffer","buffer","buffer","buffer","buffer",6842077
"buffer","buffer","buffer","buffer","buffer","buffer","buffer","buffer","buffer","buffer",6854117
"buffer","buffer","buffer","buffer","buffer","buffer","buffer","buffer","buffer","buffer",6866024
"buffer","buffer","buffer","buffer","buffer","buffer","buffer","buffer","buffer","buffer",6878127
"buffer","buffer","buffer","buffer","buffer","buffer","buffer","buffer","buffer","buffer",6890242
"buffer","buffer","buffer","buffer","buffer","buffer","buffer","buffer","buffer","buffer",6902212
"buffer","buffer","buffer","buffer","buffer","buffer","buffer","buffer","buffer","buffer",6914178
"buffer","buffer","buffer","buffer","buffer","buffer","buffer","buffer","buffer","buffer",6926189
"buffer","buffer","buffer","buffer","buffer","buffer","buffer","buffer","buffer","buffer",6938213
"buffer","buffer","buffer","buffer","buffer","buffer","buffer","buffer","buffer","buffer",6950378
"buffer","buffer","buffer","buffer","buffer","buffer","buffer","buffer","buffer","buffer",6962455
"buffer","buffer","buffer","buffer","buffer","buffer","buffer","buffer","buffer","buffer",6974395
"buffer","buffer","buffer","buffer","buffer","buffer","buffer","buffer","buffer","buffer",6986420
"buffer","buffer","buffer","buffer","buffer","buffer","buffer","buffer","buffer","buffer",6998539
"buffer","buffer","buffer","buffer","buffer","buffer","buffer","buffer","buffer","buffer",7010497
"buffer","buffer","buffer","buffer","buffer","buffer","buffer","buffer","buffer","buffer",7022657
"buffer","buffer","buffer","buffer","buffer","buffer","buffer","buffer","buffer","buffer",7034721
"buffer","buffer","buffer","buffer","buffer","buffer","buffer","buffer","buffer","buffer",7046712
"buffer","buffer","buffer","buffer","buffer","buffer","buffer","buffer","buffer","buffer",7058651
"buffer","buffer","buffer","buffer","buffer","buffer","buffer","buffer","buffer","buffer",7071013
"buffer","buffer","buffer","buffer","buffer","buffer","buffer","buffer","buffer","buffer",7082919
"buffer","buffer","buffer","buffer","buffer","buffer","buffer","buffer","buffer","buffer",7094909
"buffer","buffer","buffer","buffer","buffer","buffer","buffer","buffer","buffer","buffer",7107098
"buffer","buffer","buffer","buffer","buffer","buffer","buffer","buffer","buffer","buffer",7119083
"buffer","buffer","buffer","buffer","buffer","buffer","buffer","buffer","buffer","buffer",7131140
"buffer","buffer","buffer","buffer","buffer","buffer","buffer","buffer","buffer","buffer",7143130
"buffer","buffer","buffer","buffer","buffer","buffer","buffer","buffer","buffer","buffer",7155230
"buffer","buffer","buffer","buffer","buffer","buffer","buffer","buffer","buffer","buffer",7167271
"buffer","buffer","buffer","buffer","buffer","buffer","buffer","buffer","buffer","buffer",7179060
"buffer","buffer","buffer","buffer","buffer","buffer","buffer","buffer","buffer","buffer",7191365
"buffer","buffer","buffer","buffer","buffer","buffer","buffer","buffer","buffer","buffer",7203401
"buffer","buffer","buffer","buffer","buffer","buffer","buffer","buffer","buffer","buffer",7215231
"buffer","buffer","buffer","buffer","buffer","buffer","buffer","buffer","buffer","buffer",7227357
"buffer","buffer","buffer","buffer","buffer","buffer","buffer","buffer","buffer","buffer",7239357
"buffer","buffer","buffer","buffer","buffer","buffer","buffer","buffer","buffer","buffer",7251601
"buffer","buffer","buffer","buffer","buffer","buffer","buffer","buffer","buffer","buffer",7263677
"buffer","buffer","buffer","buffer","buffer","buffer","buffer","buffer","buffer","buffer",7275530
"buffer","buffer","buffer","buffer","buffer","buffer","buffer","buffer","buffer","buffer",7287728
"buffer","buffer","buffer","buffer","buffer","buffer","buffer","buffer","buffer","buffer",7299685
"buffer","buffer","buffer","buffer","buffer","buffer","buffer","buffer","buffer","buffer",7311735
"buffer","buffer","buffer","buffer","buffer","buffer","buffer","buffer","buffer","buffer",7323864
"buffer","buffer","buffer","buffer","buffer","buffer","buffer","buffer","buffer","buffer",7335855
"buffer","buffer","buffer","buffer","buffer","buffer","buffer","buffer","buffer","buffer",7347993
"buffer","buffer","buffer","buffer","buffer","buffer","buffer","buffer","buffer","buffer",7359865
"buffer","buffer","buffer","buffer","buffer","buffer","buffer","buffer","buffer","buffer",7372069
"buffer","buffer","buffer","buffer","buffer","buffer","buffer","buffer","buffer","buffer",7384067
"buffer","buffer","buffer","buffer","buffer","buffer","buffer","buffer","buffer","buffer",7396130
"buffer","buffer","buffer","buffer","buffer","buffer","buffer","buffer","buffer","buffer",7408138
"buffer","buffer","buffer","buffer","buffer","buffer","buffer","buffer","buffer","buffer",7420152
"buffer","buffer","buffer","buffer","buffer","buffer","buffer","buffer","buffer","buffer",7432262
"buffer","buffer","buffer","buffer","buffer","buffer","buffer","buffer","buffer","buffer",7444181
"buffer","buffer","buffer","buffer","buffer","buffer","buffer","buffer","buffer","buffer",7456362
"buffer","buffer","buffer","buffer","buffer","buffer","buffer","buffer","buffer","buffer",7468131
"buffer","buffer","buffer","buffer","buffer","buffer","buffer","buffer","buffer","buffer",7480561
"buffer","buffer","buffer","buffer","buffer","buffer","buffer","buffer","buffer","buffer",7492587
"buffer","buffer","buffer","buffer","buffer","buffer","buffer","buffer","buffer","buffer",7504273
"buffer","buffer","buffer","buffer","buffer","buffer","buffer","buffer","buffer","buffer",7516716
"buffer","buffer","buffer","buffer","buffer","buffer","buffer","buffer","buffer","buffer",7528820
"buffer","buffer","buffer","buffer","buffer","buffer","buffer","buffer","buffer","buffer",7540826
"buffer","buffer","buffer","buffer","buffer","buffer","buffer","buffer","buffer","buffer",7552799
"buffer","buffer","buffer","buffer","buffer","buffer","buffer","buffer","buffer","buffer",7565014
"buffer","buffer","buffer","buffer","buffer","buffer","buffer","buffer","buffer","buffer",7576720
"buffer","buffer","buffer","buffer","buffer","buffer","buffer","buffer","buffer","buffer",7588897
"buffer","buffer","buffer","buffer","buffer","buffer","buffer","buffer","buffer","buffer",7600882
"buffer","buffer","buffer","buffer","buffer","buffer","buffer","buffer","buffer","buffer",7612855
"buffer","buffer","buffer","buffer","buffer","buffer","buffer","buffer","buffer","buffer",7624920
"buffer","buffer","buffer","buffer","buffer","buffer","buffer","buffer","buffer","buffer",7637082
"buffer","buffer","buffer","buffer","buffer","buffer","buffer","buffer","buffer","buffer",7648899
"buffer","buffer","buffer","buffer","buffer","buffer","buffer","buffer","buffer","buffer",7661213
"buffer","buffer","buffer","buffer","buffer","buffer","buffer","buffer","buffer","buffer",7673194
"buffer","buffer","buffer","buffer","buffer","buffer","buffer","buffer","buffer","buffer",7685238
"buffer","buffer","buffer","buffer","buffer","buffer","buffer","buffer","buffer","buffer",7697172
"buffer","buffer","buffer","buffer","buffer","buffer","buffer","buffer","buffer","buffer",7709441
"buffer","buffer","buffer","buffer","buffer","buffer","buffer","buffer","buffer","buffer",7721236
"buffer","buffer","buffer","buffer","buffer","buffer","buffer","buffer","buffer","buffer",7733232
"buffer","buffer","buffer","buffer","buffer","buffer","buffer","buffer","buffer","buffer",7745373
"buffer","buffer","buffer","buffer","buffer","buffer","buffer","buffer","buffer","buffer",7757426
"buffer","buffer","buffer","buffer","buffer","buffer","buffer","buffer","buffer","buffer",7769599
"buffer","buffer","buffer","buffer","buffer","buffer","buffer","buffer","buffer","buffer",7781584
"buffer","buffer","buffer","buffer","buffer","buffer","buffer","buffer","buffer","buffer",7793506
"buffer","buffer","buffer","buffer","buffer","buffer","buffer","buffer","buffer","buffer",7805557
"buffer","buffer","buffer","buffer","buffer","buffer","buffer","buffer","buffer","buffer",7817533
"buffer","buffer","buffer","buffer","buffer","buffer","buffer","buffer","buffer","buffer",7829727
"buffer","buffer","buffer","buffer","buffer","buffer","buffer","buffer","buffer","buffer",7841761
"buffer","buffer","buffer","buffer","buffer","buffer","buffer","buffer","buffer","buffer",7853709
"buffer","buffer","buffer","buffer","buffer","buffer","buffer","buffer","buffer","buffer",7865980
"buffer","buffer","buffer","buffer","buffer","buffer","buffer","buffer","buffer","buffer",7877876
"buffer","buffer","buffer","buffer","buffer","buffer","buffer","buffer","buffer","buffer",7889891
"buffer","buffer","buffer","buffer","buffer","buffer","buffer","buffer","buffer","buffer",7901910
"buffer","buffer","buffer","buffer","buffer","buffer","buffer","buffer","buffer","buffer",7914097
"buffer","buffer","buffer","buffer","buffer","buffer","buffer","buffer","buffer","buffer",7926001
"buffer","buffer","buffer","buffer","buffer","buffer","buffer","buffer","buffer","buffer",7937955
"buffer","buffer","buffer","buffer","buffer","buffer","buffer","buffer","buffer","buffer",7950064
"buffer","buffer","buffer","buffer","buffer","buffer","buffer","buffer","buffer","buffer",7962344
"buffer","buffer","buffer","buffer","buffer","buffer","buffer","buffer","buffer","buffer",7974104
"buffer","buffer","buffer","buffer","buffer","buffer","buffer","buffer","buffer","buffer",7986302
"buffer","buffer","buffer","buffer","buffer","buffer","buffer","buffer","buffer","buffer",7998303
"buffer","buffer","buffer","buffer","buffer","buffer","buffer","buffer","buffer","buffer",8010505
"buffer","buffer","buffer","buffer","buffer","buffer","buffer","buffer","buffer","buffer",8022603
"buffer","buffer","buffer","buffer","buffer","buffer","buffer","buffer","buffer","buffer",8034696
"buffer","buffer","buffer","buffer","buffer","buffer","buffer","buffer","buffer","buffer",8046583
"buffer","buffer","buffer","buffer","buffer","buffer","buffer","buffer","buffer","buffer",8058612
"buffer","buffer","buffer","buffer","buffer","buffer","buffer","buffer","buffer","buffer",8070689
"buffer","buffer","buffer","buffer","buffer","buffer","buffer","buffer","buffer","buffer",8082582
"buffer","buffer","buffer","buffer","buffer","buffer","buffer","buffer","buffer","buffer",8094679
"buffer","buffer","buffer","buffer","buffer","buffer","buffer","buffer","buffer","buffer",8106556
"buffer","buffer","buffer","buffer","buffer","buffer","buffer","buffer","buffer","buffer",8118794
"buffer","buffer","buffer","buffer","buffer","buffer","buffer","buffer","buffer","buffer",8130925
"buffer","buffer","buffer","buffer","buffer","buffer","buffer","buffer","buffer","buffer",8142834
"buffer","buffer","buffer","buffer","buffer","buffer","buffer","buffer","buffer","buffer",8155121
"buffer","buffer","buffer","buffer","buffer","buffer","buffer","buffer","buffer","buffer",8166988
"buffer","buffer","buffer","buffer","buffer","buffer","buffer","buffer","buffer","buffer",8179198
"buffer","buffer","buffer","buffer","buffer","buffer","buffer","buffer","buffer","buffer",8191317
"buffer","buffer","buffer","buffer","buffer","buffer","buffer","buffer","buffer","buffer",8203025
"buffer","buffer","buffer","buffer","buffer","buffer","buffer","buffer","buffer","buffer",8215356
"buffer","buffer","buffer","buffer","buffer","buffer","buffer","buffer","buffer","buffer",8227181
"buffer","buffer","buffer","buffer","buffer","buffer","buffer","buffer","buffer","buffer",8239128
"buffer","buffer","buffer","buffer","buffer","buffer","buffer","buffer","buffer","buffer",8251375
"buffer","buffer","buffer","buffer","buffer","buffer","buffer","buffer","buffer","buffer",8263267
"buffer","buffer","buffer","buffer","buffer","buffer","buffer","buffer","buffer","buffer",8275316
"buffer","buffer","buffer","buffer","buffer","buffer","buffer","buffer","buffer","buffer",8287387
"buffer","buffer","buffer","buffer","buffer","buffer","buffer","buffer","buffer","buffer",8299599
"buffer","buffer","buffer","buffer","buffer","buffer","buffer","buffer","buffer","buffer",8311631
"buffer","buffer","buffer","buffer","buffer","buffer","buffer","buffer","buffer","buffer",8323493
"buffer","buffer","buffer","buffer","buffer","buffer","buffer","buffer","buffer","buffer",8335755
"buffer","buffer","buffer","buffer","buffer","buffer","buffer","buffer","buffer","buffer",8347483
"buffer","buffer","buffer","buffer","buffer","buffer","buffer","buffer","buffer","buffer",8359742
"buffer","buffer","buffer","buffer","buffer","buffer","buffer","buffer","buffer","buffer",8371788
"buffer","buffer","buffer","buffer","buffer","buffer","buffer","buffer","buffer","buffer",8384000
"buffer","buffer","buffer","buffer","buffer","buffer","buffer","buffer","buffer","buffer",8396012
"buffer","buffer","buffer","buffer","buffer","buffer","buffer","buffer","buffer","buffer",8407894
"buffer","buffer","buffer","buffer","buffer","buffer","buffer","buffer","buffer","buffer",8420027
"buffer","buffer","buffer","buffer","buffer","buffer","buffer","buffer","buffer","buffer",8432038
"buffer","buffer","buffer","buffer","buffer","buffer","buffer","buffer","buffer","buffer",8444025
"buffer","buffer","buffer","buffer","buffer","buffer","buffer","buffer","buffer","buffer",8456249
"buffer","buffer","buffer","buffer","buffer","buffer","buffer","buffer","buffer","buffer",8468131
"buffer","buffer","buffer","buffer","buffer","buffer","buffer","buffer","buffer","buffer",8480172
"buffer","buffer","buffer","buffer","buffer","buffer","buffer","buffer","buffer","buffer",8492256
"buffer","buffer","buffer","buffer","buffer","buffer","buffer","buffer","buffer","buffer",8504230
"buffer","buffer","buffer","buffer","buffer","buffer","buffer","buffer","buffer","buffer",8516232
"buffer","buffer","buffer","buffer","buffer","buffer","buffer","buffer","buffer","buffer",8528378
"buffer","buffer","buffer","buffer","buffer","buffer","buffer","buffer","buffer","buffer",8540409
"buffer","buffer","buffer","buffer","buffer","buffer","buffer","buffer","buffer","buffer",8552574
"buffer","buffer","buffer","buffer","buffer","buffer","buffer","buffer","buffer","buffer",8564553
"buffer","buffer","buffer","buffer","buffer","buffer","buffer","buffer","buffer","buffer",8576316
"buffer","buffer","buffer","buffer","buffer","buffer","buffer","buffer","buffer","buffer",8588698
"buffer","buffer","buffer","buffer","buffer","buffer","buffer","buffer","buffer","buffer",8600622
"buffer","buffer","buffer","buffer","buffer","buffer","buffer","buffer","buffer","buffer",8612692
"buffer","buffer","buffer","buffer","buffer","buffer","buffer","buffer","buffer","buffer",8624851
"buffer","buffer","buffer","buffer","buffer","buffer","buffer","buffer","buffer","buffer",8636831
"buffer","buffer","buffer","buffer","buffer","buffer","buffer","buffer","buffer","buffer",8648841
"buffer","buffer","buffer","buffer","buffer","buffer","buffer","buffer","buffer","buffer",8660909
"buffer","buffer","buffer","buffer","buffer","buffer","buffer","buffer","buffer","buffer",8673032
"buffer","buffer","buffer","buffer","buffer","buffer","buffer","buffer","buffer","buffer",8684794
"buffer","buffer","buffer","buffer","buffer","buffer","buffer","buffer","buffer","buffer",8697054
"buffer","buffer","buffer","buffer","buffer","buffer","buffer","buffer","buffer","buffer",8709003
"buffer","buffer","buffer","buffer","buffer","buffer","buffer","buffer","buffer","buffer",8721145
"buffer","buffer","buffer","buffer","buffer","buffer","buffer","buffer","buffer","buffer",8733165
"buffer","buffer","buffer","buffer","buffer","buffer","buffer","buffer","buffer","buffer",8745332
"buffer","buffer","buffer","buffer","buffer","buffer","buffer","buffer","buffer","buffer",8757184
"buffer","buffer","buffer","buffer","buffer","buffer","buffer","buffer","buffer","buffer",8769292
"buffer","buffer","buffer","buffer","buffer","buffer","buffer","buffer","buffer","buffer",8781218
"buffer","buffer","buffer","buffer","buffer","buffer","buffer","buffer","buffer","buffer",8793333
"buffer","buffer","buffer","buffer","buffer","buffer","buffer","buffer","buffer","buffer",8805587
"buffer","buffer","buffer","buffer","buffer","buffer","buffer","buffer","buffer","buffer",8817436
"buffer","buffer","buffer","buffer","buffer","buffer","buffer","buffer","buffer","buffer",8829532
"buffer","buffer","buffer","buffer","buffer","buffer","buffer","buffer","buffer","buffer",8841469
"buffer","buffer","buffer","buffer","buffer","buffer","buffer","buffer","buffer","buffer",8853692
"buffer","buffer","buffer","buffer","buffer","buffer","buffer","buffer","buffer","buffer",8865690
"buffer","buffer","buffer","buffer","buffer","buffer","buffer","buffer","buffer","buffer",8877775
"buffer","buffer","buffer","buffer","buffer","buffer","buffer","buffer","buffer","buffer",8889678
"buffer","buffer","buffer","buffer","buffer","buffer","buffer","buffer","buffer","buffer",8901699
"buffer","buffer","buffer","buffer","buffer","buffer","buffer","buffer","buffer","buffer",8913823
"buffer","buffer","buffer","buffer","buffer","buffer","buffer","buffer","buffer","buffer",8926001
"buffer","buffer","buffer","buffer","buffer","buffer","buffer","buffer","buffer","buffer",8937766
"buffer","buffer","buffer","buffer","buffer","buffer","buffer","buffer","buffer","buffer",8949995
"buffer","buffer","buffer","buffer","buffer","buffer","buffer","buffer","buffer","buffer",8962278
"buffer","buffer","buffer","buffer","buffer","buffer","buffer","buffer","buffer","buffer",8974064
"buffer","buffer","buffer","buffer","buffer","buffer","buffer","buffer","buffer","buffer",8986106
"buffer","buffer","buffer","buffer","buffer","buffer","buffer","buffer","buffer","buffer",8998176
"buffer","buffer","buffer","buffer","buffer","buffer","buffer","buffer","buffer","buffer",9010132
"buffer","buffer","buffer","buffer","buffer","buffer","buffer","buffer","buffer","buffer",9022141
"buffer","buffer","buffer","buffer","buffer","buffer","buffer","buffer","buffer","buffer",9034352
"buffer","buffer","buffer","buffer","buffer","buffer","buffer","buffer","buffer","buffer",9046450
"buffer","buffer","buffer","buffer","buffer","buffer","buffer","buffer","buffer","buffer",9058287
"buffer","buffer","buffer","buffer","buffer","buffer","buffer","buffer","buffer","buffer",9070461
"buffer","buffer","buffer","buffer","buffer","buffer","buffer","buffer","buffer","buffer",9082370
"buffer","buffer","buffer","buffer","buffer","buffer","buffer","buffer","buffer","buffer",9094431
"buffer","buffer","buffer","buffer","buffer","buffer","buffer","buffer","buffer","buffer",9106570
"buffer","buffer","buffer","buffer","buffer","buffer","buffer","buffer","buffer","buffer",9118640
"buffer","buffer","buffer","buffer","buffer","buffer","buffer","buffer","buffer","buffer",9130732
"buffer","buffer","buffer","buffer","buffer","buffer","buffer","buffer","buffer","buffer",9142663
"buffer","buffer","buffer","buffer","buffer","buffer","buffer","buffer","buffer","buffer",9154855
"buffer","buffer","buffer","buffer","buffer","buffer","buffer","buffer","buffer","buffer",9166996
"buffer","buffer","buffer","buffer","buffer","buffer","buffer","buffer","buffer","buffer",9178778
"buffer","buffer","buffer","buffer","buffer","buffer","buffer","buffer","buffer","buffer",9191104
"buffer","buffer","buffer","buffer","buffer","buffer","buffer","buffer","buffer","buffer",9202898
"buffer","buffer","buffer","buffer","buffer","buffer","buffer","buffer","buffer","buffer",9214956
"buffer","buffer","buffer","buffer","buffer","buffer","buffer","buffer","buffer","buffer",9227023
"buffer","buffer","buffer","buffer","buffer","buffer","buffer","buffer","buffer","buffer",9239182
"buffer","buffer","buffer","buffer","buffer","buffer","buffer","buffer","buffer","buffer",9251103
"buffer","buffer","buffer","buffer","buffer","buffer","buffer","buffer","buffer","buffer",9263009
"buffer","buffer","buffer","buffer","buffer","buffer","buffer","buffer","buffer","buffer",9275288
"buffer","buffer","buffer","buffer","buffer","buffer","buffer","buffer","buffer","buffer",9287346
"buffer","buffer","buffer","buffer","buffer","buffer","buffer","buffer","buffer","buffer",9299309
"buffer","buffer","buffer","buffer","buffer","buffer","buffer","buffer","buffer","buffer",9311404
"buffer","buffer","buffer","buffer","buffer","buffer","buffer","buffer","buffer","buffer",9323387
"buffer","buffer","buffer","buffer","buffer","buffer","buffer","buffer","buffer","buffer",9335371
"buffer","buffer","buffer","buffer","buffer","buffer","buffer","buffer","buffer","buffer",9347556
"buffer","buffer","buffer","buffer","buffer","buffer","buffer","buffer","buffer","buffer",9359553
"buffer","buffer","buffer","buffer","buffer","buffer","buffer","buffer","buffer","buffer",9371296
"buffer","buffer","buffer","buffer","buffer","buffer","buffer","buffer","buffer","buffer",9383518
"buffer","buffer","buffer","buffer","buffer","buffer","buffer","buffer","buffer","buffer",9395688
"buffer","buffer","buffer","buffer","buffer","buffer","buffer","buffer","buffer","buffer",9407632
"buffer","buffer","buffer","buffer","buffer","buffer","buffer","buffer","buffer","buffer",9419663
"buffer","buffer","buffer","buffer","buffer","buffer","buffer","buffer","buffer","buffer",9431958
"buffer","buffer","buffer","buffer","buffer","buffer","buffer","buffer","buffer","buffer",9443686
"buffer","buffer","buffer","buffer","buffer","buffer","buffer","buffer","buffer","buffer",9456028
"buffer","buffer","buffer","buffer","buffer","buffer","buffer","buffer","buffer","buffer",9467897
"buffer","buffer","buffer","buffer","buffer","buffer","buffer","buffer","buffer","buffer",9479877
"buffer","buffer","buffer","buffer","buffer","buffer","buffer","buffer","buffer","buffer",9492006
"buffer","buffer","buffer","buffer","buffer","buffer","buffer","buffer","buffer","buffer",9504176
"buffer","buffer","buffer","buffer","buffer","buffer","buffer","buffer","buffer","buffer",9516016
"buffer","buffer","buffer","buffer","buffer","buffer","buffer","buffer","buffer","buffer",9528224
"buffer","buffer","buffer","buffer","buffer","buffer","buffer","buffer","buffer","buffer",9540272
"buffer","buffer","buffer","buffer","buffer","buffer","buffer","buffer","buffer","buffer",9552171
"buffer","buffer","buffer","buffer","buffer","buffer","buffer","buffer","buffer","buffer",9564215
"buffer","buffer","buffer","buffer","buffer","buffer","buffer","buffer","buffer","buffer",9576222
"buffer","buffer","buffer","buffer","buffer","buffer","buffer","buffer","buffer","buffer",9588486
"buffer","buffer","buffer","buffer","buffer","buffer","buffer","buffer","buffer","buffer",9600385
"buffer","buffer","buffer","buffer","buffer","buffer","buffer","buffer","buffer","buffer",9612119
"buffer","buffer","buffer","buffer","buffer","buffer","buffer","buffer","buffer","buffer",9624444
"buffer","buffer","buffer","buffer","buffer","buffer","buffer","buffer","buffer","buffer",9636457
"buffer","buffer","buffer","buffer","buffer","buffer","buffer","buffer","buffer","buffer",9648794
"buffer","buffer","buffer","buffer","buffer","buffer","buffer","buffer","buffer","buffer",9660553
"buffer","buffer","buffer","buffer","buffer","buffer","buffer","buffer","buffer","buffer",9672661
"buffer","buffer","buffer","buffer","buffer","buffer","buffer","buffer","buffer","buffer",9684722
"buffer","buffer","buffer","buffer","buffer","buffer","buffer","buffer","buffer","buffer",9697027
"buffer","buffer","buffer","buffer","buffer","buffer","buffer","buffer","buffer","buffer",9708874
"buffer","buffer","buffer","buffer","buffer","buffer","buffer","buffer","buffer","buffer",9720736
"buffer","buffer","buffer","buffer","buffer","buffer","buffer","buffer","buffer","buffer",9733063
"buffer","buffer","buffer","buffer","buffer","buffer","buffer","buffer","buffer","buffer",9745077
"buffer","buffer","buffer","buffer","buffer","buffer","buffer","buffer","buffer","buffer",9757226
"buffer","buffer","buffer","buffer","buffer","buffer","buffer","buffer","buffer","buffer",9769136
"buffer","buffer","buffer","buffer","buffer","buffer","buffer","buffer","buffer","buffer",9781083
"buffer","buffer","buffer","buffer","buffer","buffer","buffer","buffer","buffer","buffer",9793189
"buffer","buffer","buffer","buffer","buffer","buffer","buffer","buffer","buffer","buffer",9805211
"buffer","buffer","buffer","buffer","buffer","buffer","buffer","buffer","buffer","buffer",9817256
"buffer","buffer","buffer","buffer","buffer","buffer","buffer","buffer","buffer","buffer",9829229
"buffer","buffer","buffer","buffer","buffer","buffer","buffer","buffer","buffer","buffer",9841361
"buffer","buffer","buffer","buffer","buffer","buffer","buffer","buffer","buffer","buffer",9853390
"buffer","buffer","buffer","buffer","buffer","buffer","buffer","buffer","buffer","buffer",9865418
"buffer","buffer","buffer","buffer","buffer","buffer","buffer","buffer","buffer","buffer",9877325
"buffer","buffer","buffer","buffer","buffer","buffer","buffer","buffer","buffer","buffer",9889488
"buffer","buffer","buffer","buffer","buffer","buffer","buffer","buffer","buffer","buffer",9901513
"buffer","buffer","buffer","buffer","buffer","buffer","buffer","buffer","buffer","buffer",9913675
"buffer","buffer","buffer","buffer","buffer","buffer","buffer","buffer","buffer","buffer",9925564
"buffer","buffer","buffer","buffer","buffer","buffer","buffer","buffer","buffer","buffer",9937851
"buffer","buffer","buffer","buffer","buffer","buffer","buffer","buffer","buffer","buffer",9949700
"buffer","buffer","buffer","buffer","buffer","buffer","buffer","buffer","buffer","buffer",9961853
"buffer","buffer","buffer","buffer","buffer","buffer","buffer","buffer","buffer","buffer",9973856
"buffer","buffer","buffer","buffer","buffer","buffer","buffer","buffer","buffer","buffer",9986065
"buffer","buffer","buffer","buffer","buffer","buffer","buffer","buffer","buffer","buffer",9997894
"buffer","buffer","buffer","buffer","buffer","buffer","buffer","buffer","buffer","buffer",10010023
"buffer","buffer","buffer","buffer","buffer","buffer","buffer","buffer","buffer","buffer",10022128
"buffer","buffer","buffer","buffer","buffer","buffer","buffer","buffer","buffer","buffer",10034214
"buffer","buffer","buffer","buffer","buffer","buffer","buffer","buffer","buffer","buffer",10046043
"buffer","buffer","buffer","buffer","buffer","buffer","buffer","buffer","buffer","buffer",10058077
"buffer","buffer","buffer","buffer","buffer","buffer","buffer","buffer","buffer","buffer",10070383
"buffer","buffer","buffer","buffer","buffer","buffer","buffer","buffer","buffer","buffer",10082301
"buffer","buffer","buffer","buffer","buffer","buffer","buffer","buffer","buffer","buffer",10094344
"buffer","buffer","buffer","buffer","buffer","buffer","buffer","buffer","buffer","buffer",10106354
"buffer","buffer","buffer","buffer","buffer","buffer","buffer","buffer","buffer","buffer",10118424
"buffer","buffer","buffer","buffer","buffer","buffer","buffer","buffer","buffer","buffer",10130348
"buffer","buffer","buffer","buffer","buffer","buffer","buffer","buffer","buffer","buffer",10142392
"buffer","buffer","buffer","buffer","buffer","buffer","buffer","buffer","buffer","buffer",10154592
"buffer","buffer","buffer","buffer","buffer","buffer","buffer","buffer","buffer","buffer",10166537
"buffer","buffer","buffer","buffer","buffer","buffer","buffer","buffer","buffer","buffer",10178556
"buffer","buffer","buffer","buffer","buffer","buffer","buffer","buffer","buffer","buffer",10190591
"buffer","buffer","buffer","buffer","buffer","buffer","buffer","buffer","buffer","buffer",10202605
"buffer","buffer","buffer","buffer","buffer","buffer","buffer","buffer","buffer","buffer",10214744
"buffer","buffer","buffer","buffer","buffer","buffer","buffer","buffer","buffer","buffer",10226776
"buffer","buffer","buffer","buffer","buffer","buffer","buffer","buffer","buffer","buffer",10238756
"buffer","buffer","buffer","buffer","buffer","buffer","buffer","buffer","buffer","buffer",10250833
"buffer","buffer","buffer","buffer","buffer","buffer","buffer","buffer","buffer","buffer",10262914
"buffer","buffer","buffer","buffer","buffer","buffer","buffer","buffer","buffer","buffer",10274818
"buffer","buffer","buffer","buffer","buffer","buffer","buffer","buffer","buffer","buffer",10287079
"buffer","buffer","buffer","buffer","buffer","buffer","buffer","buffer","buffer","buffer",10299232
"buffer","buffer","buffer","buffer","buffer","buffer","buffer","buffer","buffer","buffer",10311097
"buffer","buffer","buffer","buffer","buffer","buffer","buffer","buffer","buffer","buffer",10322895
"buffer","buffer","buffer","buffer","buffer","buffer","buffer","buffer","buffer","buffer",10335280
"buffer","buffer","buffer","buffer","buffer","buffer","buffer","buffer","buffer","buffer",10347112
"buffer","buffer","buffer","buffer","buffer","buffer","buffer","buffer","buffer","buffer",10359268
"buffer","buffer","buffer","buffer","buffer","buffer","buffer","buffer","buffer","buffer",10371436
"buffer","buffer","buffer","buffer","buffer","buffer","buffer","buffer","buffer","buffer",10383428
"buffer","buffer","buffer","buffer","buffer","buffer","buffer","buffer","buffer","buffer",10395598
"buffer","buffer","buffer","buffer","buffer","buffer","buffer","buffer","buffer","buffer",10407383
"buffer","buffer","buffer","buffer","buffer","buffer","buffer","buffer","buffer","buffer",10419488
"buffer","buffer","buffer","buffer","buffer","buffer","buffer","buffer","buffer","buffer",10431661
"buffer","buffer","buffer","buffer","buffer","buffer","buffer","buffer","buffer","buffer",10443521
"buffer","buffer","buffer","buffer","buffer","buffer","buffer","buffer","buffer","buffer",10455901
"buffer","buffer","buffer","buffer","buffer","buffer","buffer","buffer","buffer","buffer",10467841
"buffer","buffer","buffer","buffer","buffer","buffer","buffer","buffer","buffer","buffer",10479728
"buffer","buffer","buffer","buffer","buffer","buffer","buffer","buffer","buffer","buffer",10491940
"buffer","buffer","buffer","buffer","buffer","buffer","buffer","buffer","buffer","buffer",10503868
"buffer","buffer","buffer","buffer","buffer","buffer","buffer","buffer","buffer","buffer",10516007
"buffer","buffer","buffer","buffer","buffer","buffer","buffer","buffer","buffer","buffer",10527979
"buffer","buffer","buffer","buffer","buffer","buffer","buffer","buffer","buffer","buffer",10540162
"buffer","buffer","buffer","buffer","buffer","buffer","buffer","buffer","buffer","buffer",10552073
"buffer","buffer","buffer","buffer","buffer","buffer","buffer","buffer","buffer","buffer",10564136
"buffer","buffer","buffer","buffer","buffer","buffer","buffer","buffer","buffer","buffer",10576171
"buffer","buffer","buffer","buffer","buffer","buffer","buffer","buffer","buffer","buffer",10588157
"buffer","buffer","buffer","buffer","buffer","buffer","buffer","buffer","buffer","buffer",10600084
"buffer","buffer","buffer","buffer","buffer","buffer","buffer","buffer","buffer","buffer",10612247
"buffer","buffer","buffer","buffer","buffer","buffer","buffer","buffer","buffer","buffer",10624498
"buffer","buffer","buffer","buffer","buffer","buffer","buffer","buffer","buffer","buffer",10636269
"buffer","buffer","buffer","buffer","buffer","buffer","buffer","buffer","buffer","buffer",10648454
"buffer","buffer","buffer","buffer","buffer","buffer","buffer","buffer","buffer","buffer",10660323
"buffer","buffer","buffer","buffer","buffer","buffer","buffer","buffer","buffer","buffer",10672545
"buffer","buffer","buffer","buffer","buffer","buffer","buffer","buffer","buffer","buffer",10684553
"buffer","buffer","buffer","buffer","buffer","buffer","buffer","buffer","buffer","buffer",10696521
"buffer","buffer","buffer","buffer","buffer","buffer","buffer","buffer","buffer","buffer",10708682
"buffer","buffer","buffer","buffer","buffer","buffer","buffer","buffer","buffer","buffer",10720794
"buffer","buffer","buffer","buffer","buffer","buffer","buffer","buffer","buffer","buffer",10732831
"buffer","buffer","buffer","buffer","buffer","buffer","buffer","buffer","buffer","buffer",10744734
"buffer","buffer","buffer","buffer","buffer","buffer","buffer","buffer","buffer","buffer",10756838
"buffer","buffer","buffer","buffer","buffer","buffer","buffer","buffer","buffer","buffer",10768902
"buffer","buffer","buffer","buffer","buffer","buffer","buffer","buffer","buffer","buffer",10780861
"buffer","buffer","buffer","buffer","buffer","buffer","buffer","buffer","buffer","buffer",10792984
"buffer","buffer","buffer","buffer","buffer","buffer","buffer","buffer","buffer","buffer",10804961
"buffer","buffer","buffer","buffer","buffer","buffer","buffer","buffer","buffer","buffer",10817330
"buffer","buffer","buffer","buffer","buffer","buffer","buffer","buffer","buffer","buffer",10828865
"buffer","buffer","buffer","buffer","buffer","buffer","buffer","buffer","buffer","buffer",10841157
"buffer","buffer","buffer","buffer","buffer","buffer","buffer","buffer","buffer","buffer",10853205
"buffer","buffer","buffer","buffer","buffer","buffer","buffer","buffer","buffer","buffer",10865123
"buffer","buffer","buffer","buffer","buffer","buffer","buffer","buffer","buffer","buffer",10877316
"buffer","buffer","buffer","buffer","buffer","buffer","buffer","buffer","buffer","buffer",10889216
"buffer","buffer","buffer","buffer","buffer","buffer","buffer","buffer","buffer","buffer",10901294
"buffer","buffer","buffer","buffer","buffer","buffer","buffer","buffer","buffer","buffer",10913530
"buffer","buffer","buffer","buffer","buffer","buffer","buffer","buffer","buffer","buffer",10925367
"buffer","buffer","buffer","buffer","buffer","buffer","buffer","buffer","buffer","buffer",10937505
"buffer","buffer","buffer","buffer","buffer","buffer","buffer","buffer","buffer","buffer",10949735
"buffer","buffer","buffer","buffer","buffer","buffer","buffer","buffer","buffer","buffer",10961599
"buffer","buffer","buffer","buffer","buffer","buffer","buffer","buffer","buffer","buffer",10973911
"buffer","buffer","buffer","buffer","buffer","buffer","buffer","buffer","buffer","buffer",10985748
"buffer","buffer","buffer","buffer","buffer","buffer","buffer","buffer","buffer","buffer",10997668
"buffer","buffer","buffer","buffer","buffer","buffer","buffer","buffer","buffer","buffer",11009673
"buffer","buffer","buffer","buffer","buffer","buffer","buffer","buffer","buffer","buffer",11022028
"buffer","buffer","buffer","buffer","buffer","buffer","buffer","buffer","buffer","buffer",11033876
"buffer","buffer","buffer","buffer","buffer","buffer","buffer","buffer","buffer","buffer",11045787
"buffer","buffer","buffer","buffer","buffer","buffer","buffer","buffer","buffer","buffer",11057923
"buffer","buffer","buffer","buffer","buffer","buffer","buffer","buffer","buffer","buffer",11070013
"buffer","buffer","buffer","buffer","buffer","buffer","buffer","buffer","buffer","buffer",11082070
"buffer","buffer","buffer","buffer","buffer","buffer","buffer","buffer","buffer","buffer",11094262
"buffer","buffer","buffer","buffer","buffer","buffer","buffer","buffer","buffer","buffer",11106323
"buffer","buffer","buffer","buffer","buffer","buffer","buffer","buffer","buffer","buffer",11118192
"buffer","buffer","buffer","buffer","buffer","buffer","buffer","buffer","buffer","buffer",11130307
"buffer","buffer","buffer","buffer","buffer","buffer","buffer","buffer","buffer","buffer",11142345
"buffer","buffer","buffer","buffer","buffer","buffer","buffer","buffer","buffer","buffer",11154334
"buffer","buffer","buffer","buffer","buffer","buffer","buffer","buffer","buffer","buffer",11166396
"buffer","buffer","buffer","buffer","buffer","buffer","buffer","buffer","buffer","buffer",11178453
"buffer","buffer","buffer","buffer","buffer","buffer","buffer","buffer","buffer","buffer",11190420
"buffer","buffer","buffer","buffer","buffer","buffer","buffer","buffer","buffer","buffer",11202455
"buffer","buffer","buffer","buffer","buffer","buffer","buffer","buffer","buffer","buffer",11214763
"buffer","buffer","buffer","buffer","buffer","buffer","buffer","buffer","buffer","buffer",11226570
"buffer","buffer","buffer","buffer","buffer","buffer","buffer","buffer","buffer","buffer",11238497
"buffer","buffer","buffer","buffer","buffer","buffer","buffer","buffer","buffer","buffer",11250801
"buffer","buffer","buffer","buffer","buffer","buffer","buffer","buffer","buffer","buffer",11262730
"buffer","buffer","buffer","buffer","buffer","buffer","buffer","buffer","buffer","buffer",11274728
"buffer","buffer","buffer","buffer","buffer","buffer","buffer","buffer","buffer","buffer",11286928
"buffer","buffer","buffer","buffer","buffer","buffer","buffer","buffer","buffer","buffer",11299034
"buffer","buffer","buffer","buffer","buffer","buffer","buffer","buffer","buffer","buffer",11310992
"buffer","buffer","buffer","buffer","buffer","buffer","buffer","buffer","buffer","buffer",11323077
"buffer","buffer","buffer","buffer","buffer","buffer","buffer","buffer","buffer","buffer",11335273
"buffer","buffer","buffer","buffer","buffer","buffer","buffer","buffer","buffer","buffer",11347149
"buffer","buffer","buffer","buffer","buffer","buffer","buffer","buffer","buffer","buffer",11359128
"buffer","buffer","buffer","buffer","buffer","buffer","buffer","buffer","buffer","buffer",11371228
"buffer","buffer","buffer","buffer","buffer","buffer","buffer","buffer","buffer","buffer",11383135
"buffer","buffer","buffer","buffer","buffer","buffer","buffer","buffer","buffer","buffer",11395193
"buffer","buffer","buffer","buffer","buffer","buffer","buffer","buffer","buffer","buffer",11407367
"buffer","buffer","buffer","buffer","buffer","buffer","buffer","buffer","buffer","buffer",11419204
"buffer","buffer","buffer","buffer","buffer","buffer","buffer","buffer","buffer","buffer",11431414
"buffer","buffer","buffer","buffer","buffer","buffer","buffer","buffer","buffer","buffer",11443429
"buffer","buffer","buffer","buffer","buffer","buffer","buffer","buffer","buffer","buffer",11455666
"buffer","buffer","buffer","buffer","buffer","buffer","buffer","buffer","buffer","buffer",11467492
"buffer","buffer","buffer","buffer","buffer","buffer","buffer","buffer","buffer","buffer",11479539
"buffer","buffer","buffer","buffer","buffer","buffer","buffer","buffer","buffer","buffer",11491794
"buffer","buffer","buffer","buffer","buffer","buffer","buffer","buffer","buffer","buffer",11503844
"buffer","buffer","buffer","buffer","buffer","buffer","buffer","buffer","buffer","buffer",11515575
"buffer","buffer","buffer","buffer","buffer","buffer","buffer","buffer","buffer","buffer",11527879
"buffer","buffer","buffer","buffer","buffer","buffer","buffer","buffer","buffer","buffer",11539782
"buffer","buffer","buffer","buffer","buffer","buffer","buffer","buffer","buffer","buffer",11551759
"buffer","buffer","buffer","buffer","buffer","buffer","buffer","buffer","buffer","buffer",11563999
"buffer","buffer","buffer","buffer","buffer","buffer","buffer","buffer","buffer","buffer",11575848
"buffer","buffer","buffer","buffer","buffer","buffer","buffer","buffer","buffer","buffer",11588017
"buffer","buffer","buffer","buffer","buffer","buffer","buffer","buffer","buffer","buffer",11600148
"buffer","buffer","buffer","buffer","buffer","buffer","buffer","buffer","buffer","buffer",11612081
"buffer","buffer","buffer","buffer","buffer","buffer","buffer","buffer","buffer","buffer",11624211
"buffer","buffer","buffer","buffer","buffer","buffer","buffer","buffer","buffer","buffer",11636203
"buffer","buffer","buffer","buffer","buffer","buffer","buffer","buffer","buffer","buffer",11648034
"buffer","buffer","buffer","buffer","buffer","buffer","buffer","buffer","buffer","buffer",11660238
"buffer","buffer","buffer","buffer","buffer","buffer","buffer","buffer","buffer","buffer",11672187
"buffer","buffer","buffer","buffer","buffer","buffer","buffer","buffer","buffer","buffer",11684405
"buffer","buffer","buffer","buffer","buffer","buffer","buffer","buffer","buffer","buffer",11696286
"buffer","buffer","buffer","buffer","buffer","buffer","buffer","buffer","buffer","buffer",11708447
"buffer","buffer","buffer","buffer","buffer","buffer","buffer","buffer","buffer","buffer",11720450
"buffer","buffer","buffer","buffer","buffer","buffer","buffer","buffer","buffer","buffer",11732526
"buffer","buffer","buffer","buffer","buffer","buffer","buffer","buffer","buffer","buffer",11744699
"buffer","buffer","buffer","buffer","buffer","buffer","buffer","buffer","buffer","buffer",11756482
"buffer","buffer","buffer","buffer","buffer","buffer","buffer","buffer","buffer","buffer",11768812
"buffer","buffer","buffer","buffer","buffer","buffer","buffer","buffer","buffer","buffer",11780777
"buffer","buffer","buffer","buffer","buffer","buffer","buffer","buffer","buffer","buffer",11792646
"buffer","buffer","buffer","buffer","buffer","buffer","buffer","buffer","buffer","buffer",11804700
"buffer","buffer","buffer","buffer","buffer","buffer","buffer","buffer","buffer","buffer",11816876
"buffer","buffer","buffer","buffer","buffer","buffer","buffer","buffer","buffer","buffer",11828927
"buffer","buffer","buffer","buffer","buffer","buffer","buffer","buffer","buffer","buffer",11840928
"buffer","buffer","buffer","buffer","buffer","buffer","buffer","buffer","buffer","buffer",11852991
"buffer","buffer","buffer","buffer","buffer","buffer","buffer","buffer","buffer","buffer",11864939
"buffer","buffer","buffer","buffer","buffer","buffer","buffer","buffer","buffer","buffer",11877163
"buffer","buffer","buffer","buffer","buffer","buffer","buffer","buffer","buffer","buffer",11889225
"buffer","buffer","buffer","buffer","buffer","buffer","buffer","buffer","buffer","buffer",11901117
"buffer","buffer","buffer","buffer","buffer","buffer","buffer","buffer","buffer","buffer",11913229
"buffer","buffer","buffer","buffer","buffer","buffer","buffer","buffer","buffer","buffer",11925331
"buffer","buffer","buffer","buffer","buffer","buffer","buffer","buffer","buffer","buffer",11937317
"buffer","buffer","buffer","buffer","buffer","buffer","buffer","buffer","buffer","buffer",11949308
"buffer","buffer","buffer","buffer","buffer","buffer","buffer","buffer","buffer","buffer",11961321
"buffer","buffer","buffer","buffer","buffer","buffer","buffer","buffer","buffer","buffer",11973536
"buffer","buffer","buffer","buffer","buffer","buffer","buffer","buffer","buffer","buffer",11985558
"buffer","buffer","buffer","buffer","buffer","buffer","buffer","buffer","buffer","buffer",11997541
"buffer","buffer","buffer","buffer","buffer","buffer","buffer","buffer","buffer","buffer",12009505
"buffer","buffer","buffer","buffer","buffer","buffer","buffer","buffer","buffer","buffer",12021552
"buffer","buffer","buffer","buffer","buffer","buffer","buffer","buffer","buffer","buffer",12033764
"buffer","buffer","buffer","buffer","buffer","buffer","buffer","buffer","buffer","buffer",12045719
"buffer","buffer","buffer","buffer","buffer","buffer","buffer","buffer","buffer","buffer",12057788
"buffer","buffer","buffer","buffer","buffer","buffer","buffer","buffer","buffer","buffer",12069906
"buffer","buffer","buffer","buffer","buffer","buffer","buffer","buffer","buffer","buffer",12081903
"buffer","buffer","buffer","buffer","buffer","buffer","buffer","buffer","buffer","buffer",12093907
"buffer","buffer","buffer","buffer","buffer","buffer","buffer","buffer","buffer","buffer",12105887
"buffer","buffer","buffer","buffer","buffer","buffer","buffer","buffer","buffer","buffer",12118082
"buffer","buffer","buffer","buffer","buffer","buffer","buffer","buffer","buffer","buffer",12130042
"buffer","buffer","buffer","buffer","buffer","buffer","buffer","buffer","buffer","buffer",12142203
"buffer","buffer","buffer","buffer","buffer","buffer","buffer","buffer","buffer","buffer",12154335
"buffer","buffer","buffer","buffer","buffer","buffer","buffer","buffer","buffer","buffer",12166274
"buffer","buffer","buffer","buffer","buffer","buffer","buffer","buffer","buffer","buffer",12178165
"buffer","buffer","buffer","buffer","buffer","buffer","buffer","buffer","buffer","buffer",12190224
"buffer","buffer","buffer","buffer","buffer","buffer","buffer","buffer","buffer","buffer",12202340
"buffer","buffer","buffer","buffer","buffer","buffer","buffer","buffer","buffer","buffer",12214367
"buffer","buffer","buffer","buffer","buffer","buffer","buffer","buffer","buffer","buffer",12226473
"buffer","buffer","buffer","buffer","buffer","buffer","buffer","buffer","buffer","buffer",12238365
"buffer","buffer","buffer","buffer","buffer","buffer","buffer","buffer","buffer","buffer",12250620
"buffer","buffer","buffer","buffer","buffer","buffer","buffer","buffer","buffer","buffer",12262440
"buffer","buffer","buffer","buffer","buffer","buffer","buffer","buffer","buffer","buffer",12274714
"buffer","buffer","buffer","buffer","buffer","buffer","buffer","buffer","buffer","buffer",12286712
"buffer","buffer","buffer","buffer","buffer","buffer","buffer","buffer","buffer","buffer",12298483
"buffer","buffer","buffer","buffer","buffer","buffer","buffer","buffer","buffer","buffer",12310776
"buffer","buffer","buffer","buffer","buffer","buffer","buffer","buffer","buffer","buffer",12322794
"buffer","buffer","buffer","buffer","buffer","buffer","buffer","buffer","buffer","buffer",12334873
"buffer","buffer","buffer","buffer","buffer","buffer","buffer","buffer","buffer","buffer",12346885
"buffer","buffer","buffer","buffer","buffer","buffer","buffer","buffer","buffer","buffer",12358770
"buffer","buffer","buffer","buffer","buffer","buffer","buffer","buffer","buffer","buffer",12370955
"buffer","buffer","buffer","buffer","buffer","buffer","buffer","buffer","buffer","buffer",12382934
"buffer","buffer","buffer","buffer","buffer","buffer","buffer","buffer","buffer","buffer",12395005
"buffer","buffer","buffer","buffer","buffer","buffer","buffer","buffer","buffer","buffer",12407014
"buffer","buffer","buffer","buffer","buffer","buffer","buffer","buffer","buffer","buffer",12419133
"buffer","buffer","buffer","buffer","buffer","buffer","buffer","buffer","buffer","buffer",12431198
"buffer","buffer","buffer","buffer","buffer","buffer","buffer","buffer","buffer","buffer",12442974
"buffer","buffer","buffer","buffer","buffer","buffer","buffer","buffer","buffer","buffer",12455205
"buffer","buffer","buffer","buffer","buffer","buffer","buffer","buffer","buffer","buffer",12467266
"buffer","buffer","buffer","buffer","buffer","buffer","buffer","buffer","buffer","buffer",12479259
"buffer","buffer","buffer","buffer","buffer","buffer","buffer","buffer","buffer","buffer",12491495
"buffer","buffer","buffer","buffer","buffer","buffer","buffer","buffer","buffer","buffer",12503312
"buffer","buffer","buffer","buffer","buffer","buffer","buffer","buffer","buffer","buffer",12515632
"buffer","buffer","buffer","buffer","buffer","buffer","buffer","buffer","buffer","buffer",12527583
"buffer","buffer","buffer","buffer","buffer","buffer","buffer","buffer","buffer","buffer",12539636
"buffer","buffer","buffer","buffer","buffer","buffer","buffer","buffer","buffer","buffer",12551512
"buffer","buffer","buffer","buffer","buffer","buffer","buffer","buffer","buffer","buffer",12563574
"buffer","buffer","buffer","buffer","buffer","buffer","buffer","buffer","buffer","buffer",12575774
"buffer","buffer","buffer","buffer","buffer","buffer","buffer","buffer","buffer","buffer",12587805
"buffer","buffer","buffer","buffer","buffer","buffer","buffer","buffer","buffer","buffer",12599913
"buffer","buffer","buffer","buffer","buffer","buffer","buffer","buffer","buffer","buffer",12611774
"buffer","buffer","buffer","buffer","buffer","buffer","buffer","buffer","buffer","buffer",12624112
"buffer","buffer","buffer","buffer","buffer","buffer","buffer","buffer","buffer","buffer",12635924
"buffer","buffer","buffer","buffer","buffer","buffer","buffer","buffer","buffer","buffer",12647993
"buffer","buffer","buffer","buffer","buffer","buffer","buffer","buffer","buffer","buffer",12660059
"buffer","buffer","buffer","buffer","buffer","buffer","buffer","buffer","buffer","buffer",12672003
"buffer","buffer","buffer","buffer","buffer","buffer","buffer","buffer","buffer","buffer",12684142
"buffer","buffer","buffer","buffer","buffer","buffer","buffer","buffer","buffer","buffer",12696191
"buffer","buffer","buffer","buffer","buffer","buffer","buffer","buffer","buffer","buffer",12708261
"buffer","buffer","buffer","buffer","buffer","buffer","buffer","buffer","buffer","buffer",12720168
"buffer","buffer","buffer","buffer","buffer","buffer","buffer","buffer","buffer","buffer",12732130
"buffer","buffer","buffer","buffer","buffer","buffer","buffer","buffer","buffer","buffer",12744386
"buffer","buffer","buffer","buffer","buffer","buffer","buffer","buffer","buffer","buffer",12756490
"buffer","buffer","buffer","buffer","buffer","buffer","buffer","buffer","buffer","buffer",12768459
"buffer","buffer","buffer","buffer","buffer","buffer","buffer","buffer","buffer","buffer",12780679
"buffer","buffer","buffer","buffer","buffer","buffer","buffer","buffer","buffer","buffer",12792647
"buffer","buffer","buffer","buffer","buffer","buffer","buffer","buffer","buffer","buffer",12804588
"buffer","buffer","buffer","buffer","buffer","buffer","buffer","buffer","buffer","buffer",12816525
"buffer","buffer","buffer","buffer","buffer","buffer","buffer","buffer","buffer","buffer",12828677
"buffer","buffer","buffer","buffer","buffer","buffer","buffer","buffer","buffer","buffer",12840664
"buffer","buffer","buffer","buffer","buffer","buffer","buffer","buffer","buffer","buffer",12852726
"buffer","buffer","buffer","buffer","buffer","buffer","buffer","buffer","buffer","buffer",12865019
"buffer","buffer","buffer","buffer","buffer","buffer","buffer","buffer","buffer","buffer",12876762
"buffer","buffer","buffer","buffer","buffer","buffer","buffer","buffer","buffer","buffer",12888943
"buffer","buffer","buffer","buffer","buffer","buffer","buffer","buffer","buffer","buffer",12900985
"buffer","buffer","buffer","buffer","buffer","buffer","buffer","buffer","buffer","buffer",12913130
"buffer","buffer","buffer","buffer","buffer","buffer","buffer","buffer","buffer","buffer",12924928
"buffer","buffer","buffer","buffer","buffer","buffer","buffer","buffer","buffer","buffer",12937081
"buffer","buffer","buffer","buffer","buffer","buffer","buffer","buffer","buffer","buffer",12949170
"buffer","buffer","buffer","buffer","buffer","buffer","buffer","buffer","buffer","buffer",12961325
"buffer","buffer","buffer","buffer","buffer","buffer","buffer","buffer","buffer","buffer",12973412
"buffer","buffer","buffer","buffer","buffer","buffer","buffer","buffer","buffer","buffer",12985491
"buffer","buffer","buffer","buffer","buffer","buffer","buffer","buffer","buffer","buffer",12997254
"buffer","buffer","buffer","buffer","buffer","buffer","buffer","buffer","buffer","buffer",13009496
"buffer","buffer","buffer","buffer","buffer","buffer","buffer","buffer","buffer","buffer",13021264
"buffer","buffer","buffer","buffer","buffer","buffer","buffer","buffer","buffer","buffer",13033411
"buffer","buffer","buffer","buffer","buffer","buffer","buffer","buffer","buffer","buffer",13045512
"buffer","buffer","buffer","buffer","buffer","buffer","buffer","buffer","buffer","buffer",13057740
"buffer","buffer","buffer","buffer","buffer","buffer","buffer","buffer","buffer","buffer",13069645
"buffer","buffer","buffer","buffer","buffer","buffer","buffer","buffer","buffer","buffer",13081710
"buffer","buffer","buffer","buffer","buffer","buffer","buffer","buffer","buffer","buffer",13093811
"buffer","buffer","buffer","buffer","buffer","buffer","buffer","buffer","buffer","buffer",13105762
"buffer","buffer","buffer","buffer","buffer","buffer","buffer","buffer","buffer","buffer",13117612
"buffer","buffer","buffer","buffer","buffer","buffer","buffer","buffer","buffer","buffer",13129805
"buffer","buffer","buffer","buffer","buffer","buffer","buffer","buffer","buffer","buffer",13141999
"buffer","buffer","buffer","buffer","buffer","buffer","buffer","buffer","buffer","buffer",13153945
"buffer","buffer","buffer","buffer","buffer","buffer","buffer","buffer","buffer","buffer",13165991
"buffer","buffer","buffer","buffer","buffer","buffer","buffer","buffer","buffer","buffer",13178166
"buffer","buffer","buffer","buffer","buffer","buffer","buffer","buffer","buffer","buffer",13189985
"buffer","buffer","buffer","buffer","buffer","buffer","buffer","buffer","buffer","buffer",13202089
"buffer","buffer","buffer","buffer","buffer","buffer","buffer","buffer","buffer","buffer",13214026
"buffer","buffer","buffer","buffer","buffer","buffer","buffer","buffer","buffer","buffer",13226155
"buffer","buffer","buffer","buffer","buffer","buffer","buffer","buffer","buffer","buffer",13238320
"buffer","buffer","buffer","buffer","buffer","buffer","buffer","buffer","buffer","buffer",13250122
"buffer","buffer","buffer","buffer","buffer","buffer","buffer","buffer","buffer","buffer",13262418
"buffer","buffer","buffer","buffer","buffer","buffer","buffer","buffer","buffer","buffer",13274308
"buffer","buffer","buffer","buffer","buffer","buffer","buffer","buffer","buffer","buffer",13286301
"buffer","buffer","buffer","buffer","buffer","buffer","buffer","buffer","buffer","buffer",13298423
"buffer","buffer","buffer","buffer","buffer","buffer","buffer","buffer","buffer","buffer",13310519
"buffer","buffer","buffer","buffer","buffer","buffer","buffer","buffer","buffer","buffer",13322441
"buffer","buffer","buffer","buffer","buffer","buffer","buffer","buffer","buffer","buffer",13334440
"buffer","buffer","buffer","buffer","buffer","buffer","buffer","buffer","buffer","buffer",13346694
"buffer","buffer","buffer","buffer","buffer","buffer","buffer","buffer","buffer","buffer",13358771
"buffer","buffer","buffer","buffer","buffer","buffer","buffer","buffer","buffer","buffer",13370784
"buffer","buffer","buffer","buffer","buffer","buffer","buffer","buffer","buffer","buffer",13382915
"buffer","buffer","buffer","buffer","buffer","buffer","buffer","buffer","buffer","buffer",13394898
"buffer","buffer","buffer","buffer","buffer","buffer","buffer","buffer","buffer","buffer",13406858
"buffer","buffer","buffer","buffer","buffer","buffer","buffer","buffer","buffer","buffer",13418948
"buffer","buffer","buffer","buffer","buffer","buffer","buffer","buffer","buffer","buffer",13430907
"buffer","buffer","buffer","buffer","buffer","buffer","buffer","buffer","buffer","buffer",13442904
"buffer","buffer","buffer","buffer","buffer","buffer","buffer","buffer","buffer","buffer",13455039
"buffer","buffer","buffer","buffer","buffer","buffer","buffer","buffer","buffer","buffer",13467180
"buffer","buffer","buffer","buffer","buffer","buffer","buffer","buffer","buffer","buffer",13479271
"buffer","buffer","buffer","buffer","buffer","buffer","buffer","buffer","buffer","buffer",13491272
"buffer","buffer","buffer","buffer","buffer","buffer","buffer","buffer","buffer","buffer",13503287
"buffer","buffer","buffer","buffer","buffer","buffer","buffer","buffer","buffer","buffer",13515222
"buffer","buffer","buffer","buffer","buffer","buffer","buffer","buffer","buffer","buffer",13527323
"buffer","buffer","buffer","buffer","buffer","buffer","buffer","buffer","buffer","buffer",13539417
"buffer","buffer","buffer","buffer","buffer","buffer","buffer","buffer","buffer","buffer",13551382
"buffer","buffer","buffer","buffer","buffer","buffer","buffer","buffer","buffer","buffer",13563666
"buffer","buffer","buffer","buffer","buffer","buffer","buffer","buffer","buffer","buffer",13575414
"buffer","buffer","buffer","buffer","buffer","buffer","buffer","buffer","buffer","buffer",13587547
"buffer","buffer","buffer","buffer","buffer","buffer","buffer","buffer","buffer","buffer",13599579
"buffer","buffer","buffer","buffer","buffer","buffer","buffer","buffer","buffer","buffer",13611565
"buffer","buffer","buffer","buffer","buffer","buffer","buffer","buffer","buffer","buffer",13623591
"buffer","buffer","buffer","buffer","buffer","buffer","buffer","buffer","buffer","buffer",13635772
"buffer","buffer","buffer","buffer","buffer","buffer","buffer","buffer","buffer","buffer",13647744
"buffer","buffer","buffer","buffer","buffer","buffer","buffer","buffer","buffer","buffer",13659744
"buffer","buffer","buffer","buffer","buffer","buffer","buffer","buffer","buffer","buffer",13671990
"buffer","buffer","buffer","buffer","buffer","buffer","buffer","buffer","buffer","buffer",13683842
"buffer","buffer","buffer","buffer","buffer","buffer","buffer","buffer","buffer","buffer",13696146
"buffer","buffer","buffer","buffer","buffer","buffer","buffer","buffer","buffer","buffer",13708106
"buffer","buffer","buffer","buffer","buffer","buffer","buffer","buffer","buffer","buffer",13720111
"buffer","buffer","buffer","buffer","buffer","buffer","buffer","buffer","buffer","buffer",13732230
"buffer","buffer","buffer","buffer","buffer","buffer","buffer","buffer","buffer","buffer",13744153
"buffer","buffer","buffer","buffer","buffer","buffer","buffer","buffer","buffer","buffer",13756196
"buffer","buffer","buffer","buffer","buffer","buffer","buffer","buffer","buffer","buffer",13768427
"buffer","buffer","buffer","buffer","buffer","buffer","buffer","buffer","buffer","buffer",13780526
"buffer","buffer","buffer","buffer","buffer","buffer","buffer","buffer","buffer","buffer",13792236
"buffer","buffer","buffer","buffer","buffer","buffer","buffer","buffer","buffer","buffer",13804486
"buffer","buffer","buffer","buffer","buffer","buffer","buffer","buffer","buffer","buffer",13816266
"buffer","buffer","buffer","buffer","buffer","buffer","buffer","buffer","buffer","buffer",13828468
"buffer","buffer","buffer","buffer","buffer","buffer","buffer","buffer","buffer","buffer",13840764
"buffer","buffer","buffer","buffer","buffer","buffer","buffer","buffer","buffer","buffer",13852519
"buffer","buffer","buffer","buffer","buffer","buffer","buffer","buffer","buffer","buffer",13864775
"buffer","buffer","buffer","buffer","buffer","buffer","buffer","buffer","buffer","buffer",13876602
"buffer","buffer","buffer","buffer","buffer","buffer","buffer","buffer","buffer","buffer",13888800
"buffer","buffer","buffer","buffer","buffer","buffer","buffer","buffer","buffer","buffer",13900726
"buffer","buffer","buffer","buffer","buffer","buffer","buffer","buffer","buffer","buffer",13913067
"buffer","buffer","buffer","buffer","buffer","buffer","buffer","buffer","buffer","buffer",13924756
"buffer","buffer","buffer","buffer","buffer","buffer","buffer","buffer","buffer","buffer",13937032
"buffer","buffer","buffer","buffer","buffer","buffer","buffer","buffer","buffer","buffer",13948984
"buffer","buffer","buffer","buffer","buffer","buffer","buffer","buffer","buffer","buffer",13961012
"buffer","buffer","buffer","buffer","buffer","buffer","buffer","buffer","buffer","buffer",13973009
"buffer","buffer","buffer","buffer","buffer","buffer","buffer","buffer","buffer","buffer",13984957
"buffer","buffer","buffer","buffer","buffer","buffer","buffer","buffer","buffer","buffer",13997098
"buffer","buffer","buffer","buffer","buffer","buffer","buffer","buffer","buffer","buffer",14009232
"buffer","buffer","buffer","buffer","buffer","buffer","buffer","buffer","buffer","buffer",14021378
"buffer","buffer","buffer","buffer","buffer","buffer","buffer","buffer","buffer","buffer",14033245
"buffer","buffer","buffer","buffer","buffer","buffer","buffer","buffer","buffer","buffer",14045509
"buffer","buffer","buffer","buffer","buffer","buffer","buffer","buffer","buffer","buffer",14057431
"buffer","buffer","buffer","buffer","buffer","buffer","buffer","buffer","buffer","buffer",14069480
"buffer","buffer","buffer","buffer","buffer","buffer","buffer","buffer","buffer","buffer",14081417
"buffer","buffer","buffer","buffer","buffer","buffer","buffer","buffer","buffer","buffer",14093470
"buffer","buffer","buffer","buffer","buffer","buffer","buffer","buffer","buffer","buffer",14105399
"buffer","buffer","buffer","buffer","buffer","buffer","buffer","buffer","buffer","buffer",14117742
"buffer","buffer","buffer","buffer","buffer","buffer","buffer","buffer","buffer","buffer",14129542
"buffer","buffer","buffer","buffer","buffer","buffer","buffer","buffer","buffer","buffer",14141755
"buffer","buffer","buffer","buffer","buffer","buffer","buffer","buffer","buffer","buffer",14153727
"buffer","buffer","buffer","buffer","buffer","buffer","buffer","buffer","buffer","buffer",14165754
"buffer","buffer","buffer","buffer","buffer","buffer","buffer","buffer","buffer","buffer",14177868
"buffer","buffer","buffer","buffer","buffer","buffer","buffer","buffer","buffer","buffer",14189898
"buffer","buffer","buffer","buffer","buffer","buffer","buffer","buffer","buffer","buffer",14201932
"buffer","buffer","buffer","buffer","buffer","buffer","buffer","buffer","buffer","buffer",14213940
"buffer","buffer","buffer","buffer","buffer","buffer","buffer","buffer","buffer","buffer",14226079
"buffer","buffer","buffer","buffer","buffer","buffer","buffer","buffer","buffer","buffer",14238008
"buffer","buffer","buffer","buffer","buffer","buffer","buffer","buffer","buffer","buffer",14250116
"buffer","buffer","buffer","buffer","buffer","buffer","buffer","buffer","buffer","buffer",14262237
"buffer","buffer","buffer","buffer","buffer","buffer","buffer","buffer","buffer","buffer",14274205
"buffer","buffer","buffer","buffer","buffer","buffer","buffer","buffer","buffer","buffer",14286386
"buffer","buffer","buffer","buffer","buffer","buffer","buffer","buffer","buffer","buffer",14298369
"buffer","buffer","buffer","buffer","buffer","buffer","buffer","buffer","buffer","buffer",14310386
"buffer","buffer","buffer","buffer","buffer","buffer","buffer","buffer","buffer","buffer",14322464
"buffer","buffer","buffer","buffer","buffer","buffer","buffer","buffer","buffer","buffer",14334495
"buffer","buffer","buffer","buffer","buffer","buffer","buffer","buffer","buffer","buffer",14346503
"buffer","buffer","buffer","buffer","buffer","buffer","buffer","buffer","buffer","buffer",14358585
"buffer","buffer","buffer","buffer","buffer","buffer","buffer","buffer","buffer","buffer",14370581
"buffer","buffer","buffer","buffer","buffer","buffer","buffer","buffer","buffer","buffer",14382619
"buffer","buffer","buffer","buffer","buffer","buffer","buffer","buffer","buffer","buffer",14394633
"buffer","buffer","buffer","buffer","buffer","buffer","buffer","buffer","buffer","buffer",14406610
"buffer","buffer","buffer","buffer","buffer","buffer","buffer","buffer","buffer","buffer",14418616
"buffer","buffer","buffer","buffer","buffer","buffer","buffer","buffer","buffer","buffer",14430686
"buffer","buffer","buffer","buffer","buffer","buffer","buffer","buffer","buffer","buffer",14442561
"buffer","buffer","buffer","buffer","buffer","buffer","buffer","buffer","buffer","buffer",14454744
"buffer","buffer","buffer","buffer","buffer","buffer","buffer","buffer","buffer","buffer",14467033
"buffer","buffer","buffer","buffer","buffer","buffer","buffer","buffer","buffer","buffer",14478787
"buffer","buffer","buffer","buffer","buffer","buffer","buffer","buffer","buffer","buffer",14491048
"buffer","buffer","buffer","buffer","buffer","buffer","buffer","buffer","buffer","buffer",14502989
"buffer","buffer","buffer","buffer","buffer","buffer","buffer","buffer","buffer","buffer",14515244
"buffer","buffer","buffer","buffer","buffer","buffer","buffer","buffer","buffer","buffer",14527042
"buffer","buffer","buffer","buffer","buffer","buffer","buffer","buffer","buffer","buffer",14539210
"buffer","buffer","buffer","buffer","buffer","buffer","buffer","buffer","buffer","buffer",14551252
"buffer","buffer","buffer","buffer","buffer","buffer","buffer","buffer","buffer","buffer",14563296
"buffer","buffer","buffer","buffer","buffer","buffer","buffer","buffer","buffer","buffer",14575345
"buffer","buffer","buffer","buffer","buffer","buffer","buffer","buffer","buffer","buffer",14587436
"buffer","buffer","buffer","buffer","buffer","buffer","buffer","buffer","buffer","buffer",14599431
"buffer","buffer","buffer","buffer","buffer","buffer","buffer","buffer","buffer","buffer",14611609
"buffer","buffer","buffer","buffer","buffer","buffer","buffer","buffer","buffer","buffer",14623507
"buffer","buffer","buffer","buffer","buffer","buffer","buffer","buffer","buffer","buffer",14635541
"buffer","buffer","buffer","buffer","buffer","buffer","buffer","buffer","buffer","buffer",14647514
"buffer","buffer","buffer","buffer","buffer","buffer","buffer","buffer","buffer","buffer",14659584
"buffer","buffer","buffer","buffer","buffer","buffer","buffer","buffer","buffer","buffer",14671777
"buffer","buffer","buffer","buffer","buffer","buffer","buffer","buffer","buffer","buffer",14683667
"buffer","buffer","buffer","buffer","buffer","buffer","buffer","buffer","buffer","buffer",14695780
"buffer","buffer","buffer","buffer","buffer","buffer","buffer","buffer","buffer","buffer",14707969
"buffer","buffer","buffer","buffer","buffer","buffer","buffer","buffer","buffer","buffer",14719712
"buffer","buffer","buffer","buffer","buffer","buffer","buffer","buffer","buffer","buffer",14731911
"buffer","buffer","buffer","buffer","buffer","buffer","buffer","buffer","buffer","buffer",14743825
"buffer","buffer","buffer","buffer","buffer","buffer","buffer","buffer","buffer","buffer",14756018
"buffer","buffer","buffer","buffer","buffer","buffer","buffer","buffer","buffer","buffer",14768177
"buffer","buffer","buffer","buffer","buffer","buffer","buffer","buffer","buffer","buffer",14780209
"buffer","buffer","buffer","buffer","buffer","buffer","buffer","buffer","buffer","buffer",14791927
"buffer","buffer","buffer","buffer","buffer","buffer","buffer","buffer","buffer","buffer",14804062
"buffer","buffer","buffer","buffer","buffer","buffer","buffer","buffer","buffer","buffer",14816288
"buffer","buffer","buffer","buffer","buffer","buffer","buffer","buffer","buffer","buffer",14828386
"buffer","buffer","buffer","buffer","buffer","buffer","buffer","buffer","buffer","buffer",14840347
"buffer","buffer","buffer","buffer","buffer","buffer","buffer","buffer","buffer","buffer",14852386
"buffer","buffer","buffer","buffer","buffer","buffer","buffer","buffer","buffer","buffer",14864459
"buffer","buffer","buffer","buffer","buffer","buffer","buffer","buffer","buffer","buffer",14876484
"buffer","buffer","buffer","buffer","buffer","buffer","buffer","buffer","buffer","buffer",14888570
"buffer","buffer","buffer","buffer","buffer","buffer","buffer","buffer","buffer","buffer",14900512
"buffer","buffer","buffer","buffer","buffer","buffer","buffer","buffer","buffer","buffer",14912488
"buffer","buffer","buffer","buffer","buffer","buffer","buffer","buffer","buffer","buffer",14924557
"buffer","buffer","buffer","buffer","buffer","buffer","buffer","buffer","buffer","buffer",14936700
"buffer","buffer","buffer","buffer","buffer","buffer","buffer","buffer","buffer","buffer",14948688
"buffer","buffer","buffer","buffer","buffer","buffer","buffer","buffer","buffer","buffer",14960739
"buffer","buffer","buffer","buffer","buffer","buffer","buffer","buffer","buffer","buffer",14972945
"buffer","buffer","buffer","buffer","buffer","buffer","buffer","buffer","buffer","buffer",14984883
"buffer","buffer","buffer","buffer","buffer","buffer","buffer","buffer","buffer","buffer",14996941
"buffer","buffer","buffer","buffer","buffer","buffer","buffer","buffer","buffer","buffer",15009030
"buffer","buffer","buffer","buffer","buffer","buffer","buffer","buffer","buffer","buffer",15020780
"buffer","buffer","buffer","buffer","buffer","buffer","buffer","buffer","buffer","buffer",15033083
"buffer","buffer","buffer","buffer","buffer","buffer","buffer","buffer","buffer","buffer",15045132
"buffer","buffer","buffer","buffer","buffer","buffer","buffer","buffer","buffer","buffer",15057244
"buffer","buffer","buffer","buffer","buffer","buffer","buffer","buffer","buffer","buffer",15069048
"buffer","buffer","buffer","buffer","buffer","buffer","buffer","buffer","buffer","buffer",15081320
"buffer","buffer","buffer","buffer","buffer","buffer","buffer","buffer","buffer","buffer",15093380
"buffer","buffer","buffer","buffer","buffer","buffer","buffer","buffer","buffer","buffer",15105103
"buffer","buffer","buffer","buffer","buffer","buffer","buffer","buffer","buffer","buffer",15117347
"buffer","buffer","buffer","buffer","buffer","buffer","buffer","buffer","buffer","buffer",15129358
"buffer","buffer","buffer","buffer","buffer","buffer","buffer","buffer","buffer","buffer",15141388
"buffer","buffer","buffer","buffer","buffer","buffer","buffer","buffer","buffer","buffer",15153765
"buffer","buffer","buffer","buffer","buffer","buffer","buffer","buffer","buffer","buffer",15165537
"buffer","buffer","buffer","buffer","buffer","buffer","buffer","buffer","buffer","buffer",15177759
"buffer","buffer","buffer","buffer","buffer","buffer","buffer","buffer","buffer","buffer",15189764
"buffer","buffer","buffer","buffer","buffer","buffer","buffer","buffer","buffer","buffer",15201690
"buffer","buffer","buffer","buffer","buffer","buffer","buffer","buffer","buffer","buffer",15213881
"buffer","buffer","buffer","buffer","buffer","buffer","buffer","buffer","buffer","buffer",15225820
"buffer","buffer","buffer","buffer","buffer","buffer","buffer","buffer","buffer","buffer",15237951
"buffer","buffer","buffer","buffer","buffer","buffer","buffer","buffer","buffer","buffer",15249862
"buffer","buffer","buffer","buffer","buffer","buffer","buffer","buffer","buffer","buffer",15262017
"buffer","buffer","buffer","buffer","buffer","buffer","buffer","buffer","buffer","buffer",15274049
"buffer","buffer","buffer","buffer","buffer","buffer","buffer","buffer","buffer","buffer",15286052
"buffer","buffer","buffer","buffer","buffer","buffer","buffer","buffer","buffer","buffer",15298063
"buffer","buffer","buffer","buffer","buffer","buffer","buffer","buffer","buffer","buffer",15310252
"buffer","buffer","buffer","buffer","buffer","buffer","buffer","buffer","buffer","buffer",15322072
"buffer","buffer","buffer","buffer","buffer","buffer","buffer","buffer","buffer","buffer",15334266
"buffer","buffer","buffer","buffer","buffer","buffer","buffer","buffer","buffer","buffer",15346178
"buffer","buffer","buffer","buffer","buffer","buffer","buffer","buffer","buffer","buffer",15358398
"buffer","buffer","buffer","buffer","buffer","buffer","buffer","buffer","buffer","buffer",15370362
"buffer","buffer","buffer","buffer","buffer","buffer","buffer","buffer","buffer","buffer",15382485
"buffer","buffer","buffer","buffer","buffer","buffer","buffer","buffer","buffer","buffer",15394344
"buffer","buffer","buffer","buffer","buffer","buffer","buffer","buffer","buffer","buffer",15406536
"buffer","buffer","buffer","buffer","buffer","buffer","buffer","buffer","buffer","buffer",15418305
"buffer","buffer","buffer","buffer","buffer","buffer","buffer","buffer","buffer","buffer",15430636
"buffer","buffer","buffer","buffer","buffer","buffer","buffer","buffer","buffer","buffer",15442593
"buffer","buffer","buffer","buffer","buffer","buffer","buffer","buffer","buffer","buffer",15454597
"buffer","buffer","buffer","buffer","buffer","buffer","buffer","buffer","buffer","buffer",15466588
"buffer","buffer","buffer","buffer","buffer","buffer","buffer","buffer","buffer","buffer",15478626
"buffer","buffer","buffer","buffer","buffer","buffer","buffer","buffer","buffer","buffer",15490726
"buffer","buffer","buffer","buffer","buffer","buffer","buffer","buffer","buffer","buffer",15502818
"buffer","buffer","buffer","buffer","buffer","buffer","buffer","buffer","buffer","buffer",15514995
"buffer","buffer","buffer","buffer","buffer","buffer","buffer","buffer","buffer","buffer",15526935
"buffer","buffer","buffer","buffer","buffer","buffer","buffer","buffer","buffer","buffer",15538992
"buffer","buffer","buffer","buffer","buffer","buffer","buffer","buffer","buffer","buffer",15551055
"buffer","buffer","buffer","buffer","buffer","buffer","buffer","buffer","buffer","buffer",15562963
"buffer","buffer","buffer","buffer","buffer","buffer","buffer","buffer","buffer","buffer",15575083
"buffer","buffer","buffer","buffer","buffer","buffer","buffer","buffer","buffer","buffer",15587155
"buffer","buffer","buffer","buffer","buffer","buffer","buffer","buffer","buffer","buffer",15599201
"buffer","buffer","buffer","buffer","buffer","buffer","buffer","buffer","buffer","buffer",15611314
"buffer","buffer","buffer","buffer","buffer","buffer","buffer","buffer","buffer","buffer",15623252
"buffer","buffer","buffer","buffer","buffer","buffer","buffer","buffer","buffer","buffer",15635290
"buffer","buffer","buffer","buffer","buffer","buffer","buffer","buffer","buffer","buffer",15647510
"buffer","buffer","buffer","buffer","buffer","buffer","buffer","buffer","buffer","buffer",15659398
"buffer","buffer","buffer","buffer","buffer","buffer","buffer","buffer","buffer","buffer",15671659
"buffer","buffer","buffer","buffer","buffer","buffer","buffer","buffer","buffer","buffer",15683650
"buffer","buffer","buffer","buffer","buffer","buffer","buffer","buffer","buffer","buffer",15695601
"buffer","buffer","buffer","buffer","buffer","buffer","buffer","buffer","buffer","buffer",15707616
"buffer","buffer","buffer","buffer","buffer","buffer","buffer","buffer","buffer","buffer",15719618
"buffer","buffer","buffer","buffer","buffer","buffer","buffer","buffer","buffer","buffer",15731566
"buffer","buffer","buffer","buffer","buffer","buffer","buffer","buffer","buffer","buffer",15743821
"buffer","buffer","buffer","buffer","buffer","buffer","buffer","buffer","buffer","buffer",15755752
"buffer","buffer","buffer","buffer","buffer","buffer","buffer","buffer","buffer","buffer",15768009
"buffer","buffer","buffer","buffer","buffer","buffer","buffer","buffer","buffer","buffer",15780098
"buffer","buffer","buffer","buffer","buffer","buffer","buffer","buffer","buffer","buffer",15791896
"buffer","buffer","buffer","buffer","buffer","buffer","buffer","buffer","buffer","buffer",15803922
"buffer","buffer","buffer","buffer","buffer","buffer","buffer","buffer","buffer","buffer",15815955
"buffer","buffer","buffer","buffer","buffer","buffer","buffer","buffer","buffer","buffer",15828088
"buffer","buffer","buffer","buffer","buffer","buffer","buffer","buffer","buffer","buffer",15840119
"buffer","buffer","buffer","buffer","buffer","buffer","buffer","buffer","buffer","buffer",15852094
"buffer","buffer","buffer","buffer","buffer","buffer","buffer","buffer","buffer","buffer",15864355
"buffer","buffer","buffer","buffer","buffer","buffer","buffer","buffer","buffer","buffer",15876219
"buffer","buffer","buffer","buffer","buffer","buffer","buffer","buffer","buffer","buffer",15888318
"buffer","buffer","buffer","buffer","buffer","buffer","buffer","buffer","buffer","buffer",15900412
"buffer","buffer","buffer","buffer","buffer","buffer","buffer","buffer","buffer","buffer",15912342
"buffer","buffer","buffer","buffer","buffer","buffer","buffer","buffer","buffer","buffer",15924518
"buffer","buffer","buffer","buffer","buffer","buffer","buffer","buffer","buffer","buffer",15936494
"buffer","buffer","buffer","buffer","buffer","buffer","buffer","buffer","buffer","buffer",15948597
"buffer","buffer","buffer","buffer","buffer","buffer","buffer","buffer","buffer","buffer",15960404
"buffer","buffer","buffer","buffer","buffer","buffer","buffer","buffer","buffer","buffer",15972761
"buffer","buffer","buffer","buffer","buffer","buffer","buffer","buffer","buffer","buffer",15984715
"buffer","buffer","buffer","buffer","buffer","buffer","buffer","buffer","buffer","buffer",15996557
"buffer","buffer","buffer","buffer","buffer","buffer","buffer","buffer","buffer","buffer",16008840
"buffer","buffer","buffer","buffer","buffer","buffer","buffer","buffer","buffer","buffer",16020899
"buffer","buffer","buffer","buffer","buffer","buffer","buffer","buffer","buffer","buffer",16032892
"buffer","buffer","buffer","buffer","buffer","buffer","buffer","buffer","buffer","buffer",16045080
"buffer","buffer","buffer","buffer","buffer","buffer","buffer","buffer","buffer","buffer",16056936
"buffer","buffer","buffer","buffer","buffer","buffer","buffer","buffer","buffer","buffer",16069191
"buffer","buffer","buffer","buffer","buffer","buffer","buffer","buffer","buffer","buffer",16080924
"buffer","buffer","buffer","buffer","buffer","buffer","buffer","buffer","buffer","buffer",16092896
"buffer","buffer","buffer","buffer","buffer","buffer","buffer","buffer","buffer","buffer",16105245
"buffer","buffer","buffer","buffer","buffer","buffer","buffer","buffer","buffer","buffer",16117131
"buffer","buffer","buffer","buffer","buffer","buffer","buffer","buffer","buffer","buffer",16129103
"buffer","buffer","buffer","buffer","buffer","buffer","buffer","buffer","buffer","buffer",16141471
"buffer","buffer","buffer","buffer","buffer","buffer","buffer","buffer","buffer","buffer",16153244
"buffer","buffer","buffer","buffer","buffer","buffer","buffer","buffer","buffer","buffer",16165444
"buffer","buffer","buffer","buffer","buffer","buffer","buffer","buffer","buffer","buffer",16177406
"buffer","buffer","buffer","buffer","buffer","buffer","buffer","buffer","buffer","buffer",16189465
"buffer","buffer","buffer","buffer","buffer","buffer","buffer","buffer","buffer","buffer",16201622
"buffer","buffer","buffer","buffer","buffer","buffer","buffer","buffer","buffer","buffer",16213441
"buffer","buffer","buffer","buffer","buffer","buffer","buffer","buffer","buffer","buffer",16225613
"buffer","buffer","buffer","buffer","buffer","buffer","buffer","buffer","buffer","buffer",16237751
"buffer","buffer","buffer","buffer","buffer","buffer","buffer","buffer","buffer","buffer",16249758
"buffer","buffer","buffer","buffer","buffer","buffer","buffer","buffer","buffer","buffer",16261797
"buffer","buffer","buffer","buffer","buffer","buffer","buffer","buffer","buffer","buffer",16273651
"buffer","buffer","buffer","buffer","buffer","buffer","buffer","buffer","buffer","buffer",16285930
"buffer","buffer","buffer","buffer","buffer","buffer","buffer","buffer","buffer","buffer",16297796
"buffer","buffer","buffer","buffer","buffer","buffer","buffer","buffer","buffer","buffer",16310063
"buffer","buffer","buffer","buffer","buffer","buffer","buffer","buffer","buffer","buffer",16321989
"buffer","buffer","buffer","buffer","buffer","buffer","buffer","buffer","buffer","buffer",16334027
"buffer","buffer","buffer","buffer","buffer","buffer","buffer","buffer","buffer","buffer",16346076
"buffer","buffer","buffer","buffer","buffer","buffer","buffer","buffer","buffer","buffer",16358099
"buffer","buffer","buffer","buffer","buffer","buffer","buffer","buffer","buffer","buffer",16370161
"buffer","buffer","buffer","buffer","buffer","buffer","buffer","buffer","buffer","buffer",16382263
"buffer","buffer","buffer","buffer","buffer","buffer","buffer","buffer","buffer","buffer",16394187
"buffer","buffer","buffer","buffer","buffer","buffer","buffer","buffer","buffer","buffer",16406211
"buffer","buffer","buffer","buffer","buffer","buffer","buffer","buffer","buffer","buffer",16418236
"buffer","buffer","buffer","buffer","buffer","buffer","buffer","buffer","buffer","buffer",16430387
"buffer","buffer","buffer","buffer","buffer","buffer","buffer","buffer","buffer","buffer",16442340
"buffer","buffer","buffer","buffer","buffer","buffer","buffer","buffer","buffer","buffer",16454417
"buffer","buffer","buffer","buffer","buffer","buffer","buffer","buffer","buffer","buffer",16466465
"buffer","buffer","buffer","buffer","buffer","buffer","buffer","buffer","buffer","buffer",16478485
"buffer","buffer","buffer","buffer","buffer","buffer","buffer","buffer","buffer","buffer",16490638
"buffer","buffer","buffer","buffer","buffer","buffer","buffer","buffer","buffer","buffer",16502668
"buffer","buffer","buffer","buffer","buffer","buffer","buffer","buffer","buffer","buffer",16514729
"buffer","buffer","buffer","buffer","buffer","buffer","buffer","buffer","buffer","buffer",16526693
"buffer","buffer","buffer","buffer","buffer","buffer","buffer","buffer","buffer","buffer",16538578
"buffer","buffer","buffer","buffer","buffer","buffer","buffer","buffer","buffer","buffer",16550672
"buffer","buffer","buffer","buffer","buffer","buffer","buffer","buffer","buffer","buffer",16563175
"buffer","buffer","buffer","buffer","buffer","buffer","buffer","buffer","buffer","buffer",16574870
"buffer","buffer","buffer","buffer","buffer","buffer","buffer","buffer","buffer","buffer",16586956
"buffer","buffer","buffer","buffer","buffer","buffer","buffer","buffer","buffer","buffer",16599107
"buffer","buffer","buffer","buffer","buffer","buffer","buffer","buffer","buffer","buffer",16611049
"buffer","buffer","buffer","buffer","buffer","buffer","buffer","buffer","buffer","buffer",16623067
"buffer","buffer","buffer","buffer","buffer","buffer","buffer","buffer","buffer","buffer",16635047
"buffer","buffer","buffer","buffer","buffer","buffer","buffer","buffer","buffer","buffer",16647013
"buffer","buffer","buffer","buffer","buffer","buffer","buffer","buffer","buffer","buffer",16659337
"buffer","buffer","buffer","buffer","buffer","buffer","buffer","buffer","buffer","buffer",16671237
"buffer","buffer","buffer","buffer","buffer","buffer","buffer","buffer","buffer","buffer",16683461
"buffer","buffer","buffer","buffer","buffer","buffer","buffer","buffer","buffer","buffer",16695447
"buffer","buffer","buffer","buffer","buffer","buffer","buffer","buffer","buffer","buffer",16707398
"buffer","buffer","buffer","buffer","buffer","buffer","buffer","buffer","buffer","buffer",16719358
"buffer","buffer","buffer","buffer","buffer","buffer","buffer","buffer","buffer","buffer",16731510
"buffer","buffer","buffer","buffer","buffer","buffer","buffer","buffer","buffer","buffer",16743518
"buffer","buffer","buffer","buffer","buffer","buffer","buffer","buffer","buffer","buffer",16755704
"buffer","buffer","buffer","buffer","buffer","buffer","buffer","buffer","buffer","buffer",16767631
"buffer","buffer","buffer","buffer","buffer","buffer","buffer","buffer","buffer","buffer",16779907
"buffer","buffer","buffer","buffer","buffer","buffer","buffer","buffer","buffer","buffer",16791742
"buffer","buffer","buffer","buffer","buffer","buffer","buffer","buffer","buffer","buffer",16803977
"buffer","buffer","buffer","buffer","buffer","buffer","buffer","buffer","buffer","buffer",16815765
"buffer","buffer","buffer","buffer","buffer","buffer","buffer","buffer","buffer","buffer",16828022
"buffer","buffer","buffer","buffer","buffer","buffer","buffer","buffer","buffer","buffer",16839900
"buffer","buffer","buffer","buffer","buffer","buffer","buffer","buffer","buffer","buffer",16851722
"buffer","buffer","buffer","buffer","buffer","buffer","buffer","buffer","buffer","buffer",16864054
"buffer","buffer","buffer","buffer","buffer","buffer","buffer","buffer","buffer","buffer",16875949
"buffer","buffer","buffer","buffer","buffer","buffer","buffer","buffer","buffer","buffer",16887985
"buffer","buffer","buffer","buffer","buffer","buffer","buffer","buffer","buffer","buffer",16900112
"buffer","buffer","buffer","buffer","buffer","buffer","buffer","buffer","buffer","buffer",16912291
"buffer","buffer","buffer","buffer","buffer","buffer","buffer","buffer","buffer","buffer",16924155
"buffer","buffer","buffer","buffer","buffer","buffer","buffer","buffer","buffer","buffer",16936324
"buffer","buffer","buffer","buffer","buffer","buffer","buffer","buffer","buffer","buffer",16948375
"buffer","buffer","buffer","buffer","buffer","buffer","buffer","buffer","buffer","buffer",16960453
"buffer","buffer","buffer","buffer","buffer","buffer","buffer","buffer","buffer","buffer",16972456
"buffer","buffer","buffer","buffer","buffer","buffer","buffer","buffer","buffer","buffer",16984347
"buffer","buffer","buffer","buffer","buffer","buffer","buffer","buffer","buffer","buffer",16996678
"buffer","buffer","buffer","buffer","buffer","buffer","buffer","buffer","buffer","buffer",17008716
"buffer","buffer","buffer","buffer","buffer","buffer","buffer","buffer","buffer","buffer",17020569
"buffer","buffer","buffer","buffer","buffer","buffer","buffer","buffer","buffer","buffer",17032625
"buffer","buffer","buffer","buffer","buffer","buffer","buffer","buffer","buffer","buffer",17044796
"buffer","buffer","buffer","buffer","buffer","buffer","buffer","buffer","buffer","buffer",17056870
"buffer","buffer","buffer","buffer","buffer","buffer","buffer","buffer","buffer","buffer",17068730
"buffer","buffer","buffer","buffer","buffer","buffer","buffer","buffer","buffer","buffer",17080891
"buffer","buffer","buffer","buffer","buffer","buffer","buffer","buffer","buffer","buffer",17092877
"buffer","buffer","buffer","buffer","buffer","buffer","buffer","buffer","buffer","buffer",17104818
"buffer","buffer","buffer","buffer","buffer","buffer","buffer","buffer","buffer","buffer",17116967
"buffer","buffer","buffer","buffer","buffer","buffer","buffer","buffer","buffer","buffer",17128983
"buffer","buffer","buffer","buffer","buffer","buffer","buffer","buffer","buffer","buffer",17141079
"buffer","buffer","buffer","buffer","buffer","buffer","buffer","buffer","buffer","buffer",17153256
"buffer","buffer","buffer","buffer","buffer","buffer","buffer","buffer","buffer","buffer",17165155
"buffer","buffer","buffer","buffer","buffer","buffer","buffer","buffer","buffer","buffer",17177314
"buffer","buffer","buffer","buffer","buffer","buffer","buffer","buffer","buffer","buffer",17189260
"buffer","buffer","buffer","buffer","buffer","buffer","buffer","buffer","buffer","buffer",17201491
"buffer","buffer","buffer","buffer","buffer","buffer","buffer","buffer","buffer","buffer",17213321
"buffer","buffer","buffer","buffer","buffer","buffer","buffer","buffer","buffer","buffer",17225549
"buffer","buffer","buffer","buffer","buffer","buffer","buffer","buffer","buffer","buffer",17237353
"buffer","buffer","buffer","buffer","buffer","buffer","buffer","buffer","buffer","buffer",17249647
"buffer","buffer","buffer","buffer","buffer","buffer","buffer","buffer","buffer","buffer",17261558
"buffer","buffer","buffer","buffer","buffer","buffer","buffer","buffer","buffer","buffer",17273580
"buffer","buffer","buffer","buffer","buffer","buffer","buffer","buffer","buffer","buffer",17285622
"buffer","buffer","buffer","buffer","buffer","buffer","buffer","buffer","buffer","buffer",17297728
"buffer","buffer","buffer","buffer","buffer","buffer","buffer","buffer","buffer","buffer",17309720
"buffer","buffer","buffer","buffer","buffer","buffer","buffer","buffer","buffer","buffer",17321621
"buffer","buffer","buffer","buffer","buffer","buffer","buffer","buffer","buffer","buffer",17333750
"buffer","buffer","buffer","buffer","buffer","buffer","buffer","buffer","buffer","buffer",17345833
"buffer","buffer","buffer","buffer","buffer","buffer","buffer","buffer","buffer","buffer",17357994
"buffer","buffer","buffer","buffer","buffer","buffer","buffer","buffer","buffer","buffer",17369961
"buffer","buffer","buffer","buffer","buffer","buffer","buffer","buffer","buffer","buffer",17381894
"buffer","buffer","buffer","buffer","buffer","buffer","buffer","buffer","buffer","buffer",17393860
"buffer","buffer","buffer","buffer","buffer","buffer","buffer","buffer","buffer","buffer",17406132
"buffer","buffer","buffer","buffer","buffer","buffer","buffer","buffer","buffer","buffer",17418061
"buffer","buffer","buffer","buffer","buffer","buffer","buffer","buffer","buffer","buffer",17430162
"buffer","buffer","buffer","buffer","buffer","buffer","buffer","buffer","buffer","buffer",17442255
"buffer","buffer","buffer","buffer","buffer","buffer","buffer","buffer","buffer","buffer",17454198
"buffer","buffer","buffer","buffer","buffer","buffer","buffer","buffer","buffer","buffer",17466110
"buffer","buffer","buffer","buffer","buffer","buffer","buffer","buffer","buffer","buffer",17478335
"buffer","buffer","buffer","buffer","buffer","buffer","buffer","buffer","buffer","buffer",17490456
"buffer","buffer","buffer","buffer","buffer","buffer","buffer","buffer","buffer","buffer",17502312
"buffer","buffer","buffer","buffer","buffer","buffer","buffer","buffer","buffer","buffer",17514396
"buffer","buffer","buffer","buffer","buffer","buffer","buffer","buffer","buffer","buffer",17526647
"buffer","buffer","buffer","buffer","buffer","buffer","buffer","buffer","buffer","buffer",17538709
"buffer","buffer","buffer","buffer","buffer","buffer","buffer","buffer","buffer","buffer",17550677
"buffer","buffer","buffer","buffer","buffer","buffer","buffer","buffer","buffer","buffer",17562619
"buffer","buffer","buffer","buffer","buffer","buffer","buffer","buffer","buffer","buffer",17574673
"buffer","buffer","buffer","buffer","buffer","buffer","buffer","buffer","buffer","buffer",17586798
"buffer","buffer","buffer","buffer","buffer","buffer","buffer","buffer","buffer","buffer",17598865
"buffer","buffer","buffer","buffer","buffer","buffer","buffer","buffer","buffer","buffer",17610965
"buffer","buffer","buffer","buffer","buffer","buffer","buffer","buffer","buffer","buffer",17622769
"buffer","buffer","buffer","buffer","buffer","buffer","buffer","buffer","buffer","buffer",17635161
"buffer","buffer","buffer","buffer","buffer","buffer","buffer","buffer","buffer","buffer",17646994
"buffer","buffer","buffer","buffer","buffer","buffer","buffer","buffer","buffer","buffer",17659077
"buffer","buffer","buffer","buffer","buffer","buffer","buffer","buffer","buffer","buffer",17670978
"buffer","buffer","buffer","buffer","buffer","buffer","buffer","buffer","buffer","buffer",17683220
"buffer","buffer","buffer","buffer","buffer","buffer","buffer","buffer","buffer","buffer",17695230
"buffer","buffer","buffer","buffer","buffer","buffer","buffer","buffer","buffer","buffer",17707155
"buffer","buffer","buffer","buffer","buffer","buffer","buffer","buffer","buffer","buffer",17719122
"buffer","buffer","buffer","buffer","buffer","buffer","buffer","buffer","buffer","buffer",17731235
"buffer","buffer","buffer","buffer","buffer","buffer","buffer","buffer","buffer","buffer",17743321
"buffer","buffer","buffer","buffer","buffer","buffer","buffer","buffer","buffer","buffer",17755415
"buffer","buffer","buffer","buffer","buffer","buffer","buffer","buffer","buffer","buffer",17767423
"buffer","buffer","buffer","buffer","buffer","buffer","buffer","buffer","buffer","buffer",17779448
"buffer","buffer","buffer","buffer","buffer","buffer","buffer","buffer","buffer","buffer",17791380
"buffer","buffer","buffer","buffer","buffer","buffer","buffer","buffer","buffer","buffer",17803662
"buffer","buffer","buffer","buffer","buffer","buffer","buffer","buffer","buffer","buffer",17815566
"buffer","buffer","buffer","buffer","buffer","buffer","buffer","buffer","buffer","buffer",17827575
"buffer","buffer","buffer","buffer","buffer","buffer","buffer","buffer","buffer","buffer",17839653
"buffer","buffer","buffer","buffer","buffer","buffer","buffer","buffer","buffer","buffer",17851740
"buffer","buffer","buffer","buffer","buffer","buffer","buffer","buffer","buffer","buffer",17863797
"buffer","buffer","buffer","buffer","buffer","buffer","buffer","buffer","buffer","buffer",17875772
"buffer","buffer","buffer","buffer","buffer","buffer","buffer","buffer","buffer","buffer",17887765
"buffer","buffer","buffer","buffer","buffer","buffer","buffer","buffer","buffer","buffer",17899914
"buffer","buffer","buffer","buffer","buffer","buffer","buffer","buffer","buffer","buffer",17912185
"buffer","buffer","buffer","buffer","buffer","buffer","buffer","buffer","buffer","buffer",17923994
"buffer","buffer","buffer","buffer","buffer","buffer","buffer","buffer","buffer","buffer",17936043
"buffer","buffer","buffer","buffer","buffer","buffer","buffer","buffer","buffer","buffer",17948105
"buffer","buffer","buffer","buffer","buffer","buffer","buffer","buffer","buffer","buffer",17960089
"buffer","buffer","buffer","buffer","buffer","buffer","buffer","buffer","buffer","buffer",17972169
"buffer","buffer","buffer","buffer","buffer","buffer","buffer","buffer","buffer","buffer",17984177
"buffer","buffer","buffer","buffer","buffer","buffer","buffer","buffer","buffer","buffer",17996379
"buffer","buffer","buffer","buffer","buffer","buffer","buffer","buffer","buffer","buffer",18008109
"buffer","buffer","buffer","buffer","buffer","buffer","buffer","buffer","buffer","buffer",18020537
"buffer","buffer","buffer","buffer","buffer","buffer","buffer","buffer","buffer","buffer",18032529
"buffer","buffer","buffer","buffer","buffer","buffer","buffer","buffer","buffer","buffer",18044551
"buffer","buffer","buffer","buffer","buffer","buffer","buffer","buffer","buffer","buffer",18056579
"buffer","buffer","buffer","buffer","buffer","buffer","buffer","buffer","buffer","buffer",18068617
"buffer","buffer","buffer","buffer","buffer","buffer","buffer","buffer","buffer","buffer",18080617
"buffer","buffer","buffer","buffer","buffer","buffer","buffer","buffer","buffer","buffer",18092551
"buffer","buffer","buffer","buffer","buffer","buffer","buffer","buffer","buffer","buffer",18104769
"buffer","buffer","buffer","buffer","buffer","buffer","buffer","buffer","buffer","buffer",18116976
"buffer","buffer","buffer","buffer","buffer","buffer","buffer","buffer","buffer","buffer",18128857
"buffer","buffer","buffer","buffer","buffer","buffer","buffer","buffer","buffer","buffer",18140931
"buffer","buffer","buffer","buffer","buffer","buffer","buffer","buffer","buffer","buffer",18153151
"buffer","buffer","buffer","buffer","buffer","buffer","buffer","buffer","buffer","buffer",18165031
"buffer","buffer","buffer","buffer","buffer","buffer","buffer","buffer","buffer","buffer",18176986
"buffer","buffer","buffer","buffer","buffer","buffer","buffer","buffer","buffer","buffer",18189031
"buffer","buffer","buffer","buffer","buffer","buffer","buffer","buffer","buffer","buffer",18201054
"buffer","buffer","buffer","buffer","buffer","buffer","buffer","buffer","buffer","buffer",18213041
"buffer","buffer","buffer","buffer","buffer","buffer","buffer","buffer","buffer","buffer",18225125
"buffer","buffer","buffer","buffer","buffer","buffer","buffer","buffer","buffer","buffer",18237201
"buffer","buffer","buffer","buffer","buffer","buffer","buffer","buffer","buffer","buffer",18249300
"buffer","buffer","buffer","buffer","buffer","buffer","buffer","buffer","buffer","buffer",18261220
"buffer","buffer","buffer","buffer","buffer","buffer","buffer","buffer","buffer","buffer",18273422
"buffer","buffer","buffer","buffer","buffer","buffer","buffer","buffer","buffer","buffer",18285300
"buffer","buffer","buffer","buffer","buffer","buffer","buffer","buffer","buffer","buffer",18297366
"buffer","buffer","buffer","buffer","buffer","buffer","buffer","buffer","buffer","buffer",18309433
"buffer","buffer","buffer","buffer","buffer","buffer","buffer","buffer","buffer","buffer",18321500
"buffer","buffer","buffer","buffer","buffer","buffer","buffer","buffer","buffer","buffer",18333453
"buffer","buffer","buffer","buffer","buffer","buffer","buffer","buffer","buffer","buffer",18345639
"buffer","buffer","buffer","buffer","buffer","buffer","buffer","buffer","buffer","buffer",18357590
"buffer","buffer","buffer","buffer","buffer","buffer","buffer","buffer","buffer","buffer",18369724
"buffer","buffer","buffer","buffer","buffer","buffer","buffer","buffer","buffer","buffer",18382077
"buffer","buffer","buffer","buffer","buffer","buffer","buffer","buffer","buffer","buffer",18393808
"buffer","buffer","buffer","buffer","buffer","buffer","buffer","buffer","buffer","buffer",18405761
"buffer","buffer","buffer","buffer","buffer","buffer","buffer","buffer","buffer","buffer",18417871
"buffer","buffer","buffer","buffer","buffer","buffer","buffer","buffer","buffer","buffer",18429917
"buffer","buffer","buffer","buffer","buffer","buffer","buffer","buffer","buffer","buffer",18441809
"buffer","buffer","buffer","buffer","buffer","buffer","buffer","buffer","buffer","buffer",18454127
"buffer","buffer","buffer","buffer","buffer","buffer","buffer","buffer","buffer","buffer",18466078
"buffer","buffer","buffer","buffer","buffer","buffer","buffer","buffer","buffer","buffer",18478246
"buffer","buffer","buffer","buffer","buffer","buffer","buffer","buffer","buffer","buffer",18490160
"buffer","buffer","buffer","buffer","buffer","buffer","buffer","buffer","buffer","buffer",18502093
"buffer","buffer","buffer","buffer","buffer","buffer","buffer","buffer","buffer","buffer",18514311
"buffer","buffer","buffer","buffer","buffer","buffer","buffer","buffer","buffer","buffer",18526290
"buffer","buffer","buffer","buffer","buffer","buffer","buffer","buffer","buffer","buffer",18538557
"buffer","buffer","buffer","buffer","buffer","buffer","buffer","buffer","buffer","buffer",18550401
"buffer","buffer","buffer","buffer","buffer","buffer","buffer","buffer","buffer","buffer",18562440
"buffer","buffer","buffer","buffer","buffer","buffer","buffer","buffer","buffer","buffer",18574448
"buffer","buffer","buffer","buffer","buffer","buffer","buffer","buffer","buffer","buffer",18586458
"buffer","buffer","buffer","buffer","buffer","buffer","buffer","buffer","buffer","buffer",18598666
"buffer","buffer","buffer","buffer","buffer","buffer","buffer","buffer","buffer","buffer",18610576
"buffer","buffer","buffer","buffer","buffer","buffer","buffer","buffer","buffer","buffer",18622737
"buffer","buffer","buffer","buffer","buffer","buffer","buffer","buffer","buffer","buffer",18634648
"buffer","buffer","buffer","buffer","buffer","buffer","buffer","buffer","buffer","buffer",18646898
"buffer","buffer","buffer","buffer","buffer","buffer","buffer","buffer","buffer","buffer",18659065
"buffer","buffer","buffer","buffer","buffer","buffer","buffer","buffer","buffer","buffer",18670889
"buffer","buffer","buffer","buffer","buffer","buffer","buffer","buffer","buffer","buffer",18683001
"buffer","buffer","buffer","buffer","buffer","buffer","buffer","buffer","buffer","buffer",18694947
"buffer","buffer","buffer","buffer","buffer","buffer","buffer","buffer","buffer","buffer",18707077
"buffer","buffer","buffer","buffer","buffer","buffer","buffer","buffer","buffer","buffer",18719139
"buffer","buffer","buffer","buffer","buffer","buffer","buffer","buffer","buffer","buffer",18731010
"buffer","buffer","buffer","buffer","buffer","buffer","buffer","buffer","buffer","buffer",18743163
"buffer","buffer","buffer","buffer","buffer","buffer","buffer","buffer","buffer","buffer",18755295
"buffer","buffer","buffer","buffer","buffer","buffer","buffer","buffer","buffer","buffer",18767391
"buffer","buffer","buffer","buffer","buffer","buffer","buffer","buffer","buffer","buffer",18779324
"buffer","buffer","buffer","buffer","buffer","buffer","buffer","buffer","buffer","buffer",18791408
"buffer","buffer","buffer","buffer","buffer","buffer","buffer","buffer","buffer","buffer",18803520
"buffer","buffer","buffer","buffer","buffer","buffer","buffer","buffer","buffer","buffer",18815438
"buffer","buffer","buffer","buffer","buffer","buffer","buffer","buffer","buffer","buffer",18827467
"buffer","buffer","buffer","buffer","buffer","buffer","buffer","buffer","buffer","buffer",18839624
"buffer","buffer","buffer","buffer","buffer","buffer","buffer","buffer","buffer","buffer",18851509
"buffer","buffer","buffer","buffer","buffer","buffer","buffer","buffer","buffer","buffer",18863637
"buffer","buffer","buffer","buffer","buffer","buffer","buffer","buffer","buffer","buffer",18875441
"buffer","buffer","buffer","buffer","buffer","buffer","buffer","buffer","buffer","buffer",18887644
"buffer","buffer","buffer","buffer","buffer","buffer","buffer","buffer","buffer","buffer",18899635
"buffer","buffer","buffer","buffer","buffer","buffer","buffer","buffer","buffer","buffer",18911875
"buffer","buffer","buffer","buffer","buffer","buffer","buffer","buffer","buffer","buffer",18923755
"buffer","buffer","buffer","buffer","buffer","buffer","buffer","buffer","buffer","buffer",18935786
"buffer","buffer","buffer","buffer","buffer","buffer","buffer","buffer","buffer","buffer",18947930
"buffer","buffer","buffer","buffer","buffer","buffer","buffer","buffer","buffer","buffer",18959999
"buffer","buffer","buffer","buffer","buffer","buffer","buffer","buffer","buffer","buffer",18972069
"buffer","buffer","buffer","buffer","buffer","buffer","buffer","buffer","buffer","buffer",18984038
"buffer","buffer","buffer","buffer","buffer","buffer","buffer","buffer","buffer","buffer",18996166
"buffer","buffer","buffer","buffer","buffer","buffer","buffer","buffer","buffer","buffer",19008217
"buffer","buffer","buffer","buffer","buffer","buffer","buffer","buffer","buffer","buffer",19020173
"buffer","buffer","buffer","buffer","buffer","buffer","buffer","buffer","buffer","buffer",19032228
"buffer","buffer","buffer","buffer","buffer","buffer","buffer","buffer","buffer","buffer",19044230
"buffer","buffer","buffer","buffer","buffer","buffer","buffer","buffer","buffer","buffer",19056377
"buffer","buffer","buffer","buffer","buffer","buffer","buffer","buffer","buffer","buffer",19068356
"buffer","buffer","buffer","buffer","buffer","buffer","buffer","buffer","buffer","buffer",19080489
"buffer","buffer","buffer","buffer","buffer","buffer","buffer","buffer","buffer","buffer",19092487
"buffer","buffer","buffer","buffer","buffer","buffer","buffer","buffer","buffer","buffer",19104605
"buffer","buffer","buffer","buffer","buffer","buffer","buffer","buffer","buffer","buffer",19116633
"buffer","buffer","buffer","buffer","buffer","buffer","buffer","buffer","buffer","buffer",19128704
"buffer","buffer","buffer","buffer","buffer","buffer","buffer","buffer","buffer","buffer",19140791
"buffer","buffer","buffer","buffer","buffer","buffer","buffer","buffer","buffer","buffer",19152760
"buffer","buffer","buffer","buffer","buffer","buffer","buffer","buffer","buffer","buffer",19164617
"buffer","buffer","buffer","buffer","buffer","buffer","buffer","buffer","buffer","buffer",19176779
"buffer","buffer","buffer","buffer","buffer","buffer","buffer","buffer","buffer","buffer",19188789
"buffer","buffer","buffer","buffer","buffer","buffer","buffer","buffer","buffer","buffer",19200955
"buffer","buffer","buffer","buffer","buffer","buffer","buffer","buffer","buffer","buffer",19212877
"buffer","buffer","buffer","buffer","buffer","buffer","buffer","buffer","buffer","buffer",19224943
"buffer","buffer","buffer","buffer","buffer","buffer","buffer","buffer","buffer","buffer",19236998
"buffer","buffer","buffer","buffer","buffer","buffer","buffer","buffer","buffer","buffer",19249046
"buffer","buffer","buffer","buffer","buffer","buffer","buffer","buffer","buffer","buffer",19261032
"buffer","buffer","buffer","buffer","buffer","buffer","buffer","buffer","buffer","buffer",19273033
"buffer","buffer","buffer","buffer","buffer","buffer","buffer","buffer","buffer","buffer",19285267
"buffer","buffer","buffer","buffer","buffer","buffer","buffer","buffer","buffer","buffer",19297181
"buffer","buffer","buffer","buffer","buffer","buffer","buffer","buffer","buffer","buffer",19309285
"buffer","buffer","buffer","buffer","buffer","buffer","buffer","buffer","buffer","buffer",19321421
"buffer","buffer","buffer","buffer","buffer","buffer","buffer","buffer","buffer","buffer",19333496
"buffer","buffer","buffer","buffer","buffer","buffer","buffer","buffer","buffer","buffer",19345386
"buffer","buffer","buffer","buffer","buffer","buffer","buffer","buffer","buffer","buffer",19357537
"buffer","buffer","buffer","buffer","buffer","buffer","buffer","buffer","buffer","buffer",19369617
"buffer","buffer","buffer","buffer","buffer","buffer","buffer","buffer","buffer","buffer",19381434
"buffer","buffer","buffer","buffer","buffer","buffer","buffer","buffer","buffer","buffer",19393614
"buffer","buffer","buffer","buffer","buffer","buffer","buffer","buffer","buffer","buffer",19405753
"buffer","buffer","buffer","buffer","buffer","buffer","buffer","buffer","buffer","buffer",19417814
"buffer","buffer","buffer","buffer","buffer","buffer","buffer","buffer","buffer","buffer",19429769
"buffer","buffer","buffer","buffer","buffer","buffer","buffer","buffer","buffer","buffer",19441933
"buffer","buffer","buffer","buffer","buffer","buffer","buffer","buffer","buffer","buffer",19453772
"buffer","buffer","buffer","buffer","buffer","buffer","buffer","buffer","buffer","buffer",19465923
"buffer","buffer","buffer","buffer","buffer","buffer","buffer","buffer","buffer","buffer",19478138
"buffer","buffer","buffer","buffer","buffer","buffer","buffer","buffer","buffer","buffer",19489853
"buffer","buffer","buffer","buffer","buffer","buffer","buffer","buffer","buffer","buffer",19501880
"buffer","buffer","buffer","buffer","buffer","buffer","buffer","buffer","buffer","buffer",19514022
"buffer","buffer","buffer","buffer","buffer","buffer","buffer","buffer","buffer","buffer",19526170
"buffer","buffer","buffer","buffer","buffer","buffer","buffer","buffer","buffer","buffer",19538180
"buffer","buffer","buffer","buffer","buffer","buffer","buffer","buffer","buffer","buffer",19550154
"buffer","buffer","buffer","buffer","buffer","buffer","buffer","buffer","buffer","buffer",19562356
"buffer","buffer","buffer","buffer","buffer","buffer","buffer","buffer","buffer","buffer",19574215
"buffer","buffer","buffer","buffer","buffer","buffer","buffer","buffer","buffer","buffer",19586280
"buffer","buffer","buffer","buffer","buffer","buffer","buffer","buffer","buffer","buffer",19598404
"buffer","buffer","buffer","buffer","buffer","buffer","buffer","buffer","buffer","buffer",19610433
"buffer","buffer","buffer","buffer","buffer","buffer","buffer","buffer","buffer","buffer",19622468
"buffer","buffer","buffer","buffer","buffer","buffer","buffer","buffer","buffer","buffer",19634496
"buffer","buffer","buffer","buffer","buffer","buffer","buffer","buffer","buffer","buffer",19646530
"buffer","buffer","buffer","buffer","buffer","buffer","buffer","buffer","buffer","buffer",19658831
"buffer","buffer","buffer","buffer","buffer","buffer","buffer","buffer","buffer","buffer",19670748
"buffer","buffer","buffer","buffer","buffer","buffer","buffer","buffer","buffer","buffer",19682633
"buffer","buffer","buffer","buffer","buffer","buffer","buffer","buffer","buffer","buffer",19694716
"buffer","buffer","buffer","buffer","buffer","buffer","buffer","buffer","buffer","buffer",19706835
"buffer","buffer","buffer","buffer","buffer","buffer","buffer","buffer","buffer","buffer",19718847
"buffer","buffer","buffer","buffer","buffer","buffer","buffer","buffer","buffer","buffer",19730933
"buffer","buffer","buffer","buffer","buffer","buffer","buffer","buffer","buffer","buffer",19742854
"buffer","buffer","buffer","buffer","buffer","buffer","buffer","buffer","buffer","buffer",19754937
"buffer","buffer","buffer","buffer","buffer","buffer","buffer","buffer","buffer","buffer",19766992
"buffer","buffer","buffer","buffer","buffer","buffer","buffer","buffer","buffer","buffer",19779104
"buffer","buffer","buffer","buffer","buffer","buffer","buffer","buffer","buffer","buffer",19791013
"buffer","buffer","buffer","buffer","buffer","buffer","buffer","buffer","buffer","buffer",19803142
"buffer","buffer","buffer","buffer","buffer","buffer","buffer","buffer","buffer","buffer",19815157
"buffer","buffer","buffer","buffer","buffer","buffer","buffer","buffer","buffer","buffer",19827327
"buffer","buffer","buffer","buffer","buffer","buffer","buffer","buffer","buffer","buffer",19839449
"buffer","buffer","buffer","buffer","buffer","buffer","buffer","buffer","buffer","buffer",19851437
"buffer","buffer","buffer","buffer","buffer","buffer","buffer","buffer","buffer","buffer",19863539
"buffer","buffer","buffer","buffer","buffer","buffer","buffer","buffer","buffer","buffer",19875340
"buffer","buffer","buffer","buffer","buffer","buffer","buffer","buffer","buffer","buffer",19887477
"buffer","buffer","buffer","buffer","buffer","buffer","buffer","buffer","buffer","buffer",19899614
"buffer","buffer","buffer","buffer","buffer","buffer","buffer","buffer","buffer","buffer",19911627
"buffer","buffer","buffer","buffer","buffer","buffer","buffer","buffer","buffer","buffer",19923436
"buffer","buffer","buffer","buffer","buffer","buffer","buffer","buffer","buffer","buffer",19935691
"buffer","buffer","buffer","buffer","buffer","buffer","buffer","buffer","buffer","buffer",19947654
"buffer","buffer","buffer","buffer","buffer","buffer","buffer","buffer","buffer","buffer",19959619
"buffer","buffer","buffer","buffer","buffer","buffer","buffer","buffer","buffer","buffer",19971849
"buffer","buffer","buffer","buffer","buffer","buffer","buffer","buffer","buffer","buffer",19983898
"buffer","buffer","buffer","buffer","buffer","buffer","buffer","buffer","buffer","buffer",19995904
"buffer","buffer","buffer","buffer","buffer","buffer","buffer","buffer","buffer","buffer",20008098
"buffer","buffer","buffer","buffer","buffer","buffer","buffer","buffer","buffer","buffer",20020142
"buffer","buffer","buffer","buffer","buffer","buffer","buffer","buffer","buffer","buffer",20031972
"buffer","buffer","buffer","buffer","buffer","buffer","buffer","buffer","buffer","buffer",20043928
"buffer","buffer","buffer","buffer","buffer","buffer","buffer","buffer","buffer","buffer",20055892
"buffer","buffer","buffer","buffer","buffer","buffer","buffer","buffer","buffer","buffer",20068141
"buffer","buffer","buffer","buffer","buffer","buffer","buffer","buffer","buffer","buffer",20080200
"buffer","buffer","buffer","buffer","buffer","buffer","buffer","buffer","buffer","buffer",20092510
"buffer","buffer","buffer","buffer","buffer","buffer","buffer","buffer","buffer","buffer",20104148
"buffer","buffer","buffer","buffer","buffer","buffer","buffer","buffer","buffer","buffer",20116456
"buffer","buffer","buffer","buffer","buffer","buffer","buffer","buffer","buffer","buffer",20128533
"buffer","buffer","buffer","buffer","buffer","buffer","buffer","buffer","buffer","buffer",20140549
"buffer","buffer","buffer","buffer","buffer","buffer","buffer","buffer","buffer","buffer",20152407
"buffer","buffer","buffer","buffer","buffer","buffer","buffer","buffer","buffer","buffer",20164591
"buffer","buffer","buffer","buffer","buffer","buffer","buffer","buffer","buffer","buffer",20176785
"buffer","buffer","buffer","buffer","buffer","buffer","buffer","buffer","buffer","buffer",20188688
"buffer","buffer","buffer","buffer","buffer","buffer","buffer","buffer","buffer","buffer",20200779
"buffer","buffer","buffer","buffer","buffer","buffer","buffer","buffer","buffer","buffer",20212640
"buffer","buffer","buffer","buffer","buffer","buffer","buffer","buffer","buffer","buffer",20224821
"buffer","buffer","buffer","buffer","buffer","buffer","buffer","buffer","buffer","buffer",20236892
"buffer","buffer","buffer","buffer","buffer","buffer","buffer","buffer","buffer","buffer",20248962
"buffer","buffer","buffer","buffer","buffer","buffer","buffer","buffer","buffer","buffer",20260914
"buffer","buffer","buffer","buffer","buffer","buffer","buffer","buffer","buffer","buffer",20272959
"buffer","buffer","buffer","buffer","buffer","buffer","buffer","buffer","buffer","buffer",20285076
"buffer","buffer","buffer","buffer","buffer","buffer","buffer","buffer","buffer","buffer",20296906
"buffer","buffer","buffer","buffer","buffer","buffer","buffer","buffer","buffer","buffer",20309024
"buffer","buffer","buffer","buffer","buffer","buffer","buffer","buffer","buffer","buffer",20321099
"buffer","buffer","buffer","buffer","buffer","buffer","buffer","buffer","buffer","buffer",20333386
"buffer","buffer","buffer","buffer","buffer","buffer","buffer","buffer","buffer","buffer",20345346
"buffer","buffer","buffer","buffer","buffer","buffer","buffer","buffer","buffer","buffer",20357307
"buffer","buffer","buffer","buffer","buffer","buffer","buffer","buffer","buffer","buffer",20369297
"buffer","buffer","buffer","buffer","buffer","buffer","buffer","buffer","buffer","buffer",20381462
"buffer","buffer","buffer","buffer","buffer","buffer","buffer","buffer","buffer","buffer",20393355
"buffer","buffer","buffer","buffer","buffer","buffer","buffer","buffer","buffer","buffer",20405365
"buffer","buffer","buffer","buffer","buffer","buffer","buffer","buffer","buffer","buffer",20417614
"buffer","buffer","buffer","buffer","buffer","buffer","buffer","buffer","buffer","buffer",20429453
"buffer","buffer","buffer","buffer","buffer","buffer","buffer","buffer","buffer","buffer",20441682
"buffer","buffer","buffer","buffer","buffer","buffer","buffer","buffer","buffer","buffer",20453591
"buffer","buffer","buffer","buffer","buffer","buffer","buffer","buffer","buffer","buffer",20465731
"buffer","buffer","buffer","buffer","buffer","buffer","buffer","buffer","buffer","buffer",20477739
"buffer","buffer","buffer","buffer","buffer","buffer","buffer","buffer","buffer","buffer",20489923
"buffer","buffer","buffer","buffer","buffer","buffer","buffer","buffer","buffer","buffer",20501857
"buffer","buffer","buffer","buffer","buffer","buffer","buffer","buffer","buffer","buffer",20513837
"buffer","buffer","buffer","buffer","buffer","buffer","buffer","buffer","buffer","buffer",20525909
"buffer","buffer","buffer","buffer","buffer","buffer","buffer","buffer","buffer","buffer",20537911
"buffer","buffer","buffer","buffer","buffer","buffer","buffer","buffer","buffer","buffer",20549907
"buffer","buffer","buffer","buffer","buffer","buffer","buffer","buffer","buffer","buffer",20562006
"buffer","buffer","buffer","buffer","buffer","buffer","buffer","buffer","buffer","buffer",20574197
"buffer","buffer","buffer","buffer","buffer","buffer","buffer","buffer","buffer","buffer",20586317
"buffer","buffer","buffer","buffer","buffer","buffer","buffer","buffer","buffer","buffer",20598135
"buffer","buffer","buffer","buffer","buffer","buffer","buffer","buffer","buffer","buffer",20610234
"buffer","buffer","buffer","buffer","buffer","buffer","buffer","buffer","buffer","buffer",20622226
"buffer","buffer","buffer","buffer","buffer","buffer","buffer","buffer","buffer","buffer",20634561
"buffer","buffer","buffer","buffer","buffer","buffer","buffer","buffer","buffer","buffer",20646442
"buffer","buffer","buffer","buffer","buffer","buffer","buffer","buffer","buffer","buffer",20658387
"buffer","buffer","buffer","buffer","buffer","buffer","buffer","buffer","buffer","buffer",20670389
"buffer","buffer","buffer","buffer","buffer","buffer","buffer","buffer","buffer","buffer",20682522
"buffer","buffer","buffer","buffer","buffer","buffer","buffer","buffer","buffer","buffer",20694539
"buffer","buffer","buffer","buffer","buffer","buffer","buffer","buffer","buffer","buffer",20706553
"buffer","buffer","buffer","buffer","buffer","buffer","buffer","buffer","buffer","buffer",20718572
"buffer","buffer","buffer","buffer","buffer","buffer","buffer","buffer","buffer","buffer",20730746
"buffer","buffer","buffer","buffer","buffer","buffer","buffer","buffer","buffer","buffer",20742674
"buffer","buffer","buffer","buffer","buffer","buffer","buffer","buffer","buffer","buffer",20754842
"buffer","buffer","buffer","buffer","buffer","buffer","buffer","buffer","buffer","buffer",20766693
"buffer","buffer","buffer","buffer","buffer","buffer","buffer","buffer","buffer","buffer",20778801
"buffer","buffer","buffer","buffer","buffer","buffer","buffer","buffer","buffer","buffer",20791076
"buffer","buffer","buffer","buffer","buffer","buffer","buffer","buffer","buffer","buffer",20803018
"buffer","buffer","buffer","buffer","buffer","buffer","buffer","buffer","buffer","buffer",20814987
"buffer","buffer","buffer","buffer","buffer","buffer","buffer","buffer","buffer","buffer",20827168
"buffer","buffer","buffer","buffer","buffer","buffer","buffer","buffer","buffer","buffer",20839096
"buffer","buffer","buffer","buffer","buffer","buffer","buffer","buffer","buffer","buffer",20851083
"buffer","buffer","buffer","buffer","buffer","buffer","buffer","buffer","buffer","buffer",20863231
"buffer","buffer","buffer","buffer","buffer","buffer","buffer","buffer","buffer","buffer",20875273
"buffer","buffer","buffer","buffer","buffer","buffer","buffer","buffer","buffer","buffer",20887311
"buffer","buffer","buffer","buffer","buffer","buffer","buffer","buffer","buffer","buffer",20899364
"buffer","buffer","buffer","buffer","buffer","buffer","buffer","buffer","buffer","buffer",20911445
"buffer","buffer","buffer","buffer","buffer","buffer","buffer","buffer","buffer","buffer",20923295
"buffer","buffer","buffer","buffer","buffer","buffer","buffer","buffer","buffer","buffer",20935495
"buffer","buffer","buffer","buffer","buffer","buffer","buffer","buffer","buffer","buffer",20947695
"buffer","buffer","buffer","buffer","buffer","buffer","buffer","buffer","buffer","buffer",20959478
"buffer","buffer","buffer","buffer","buffer","buffer","buffer","buffer","buffer","buffer",20971411
"buffer","buffer","buffer","buffer","buffer","buffer","buffer","buffer","buffer","buffer",20983570
"buffer","buffer","buffer","buffer","buffer","buffer","buffer","buffer","buffer","buffer",20995710
"buffer","buffer","buffer","buffer","buffer","buffer","buffer","buffer","buffer","buffer",21007612
"buffer","buffer","buffer","buffer","buffer","buffer","buffer","buffer","buffer","buffer",21019789
"buffer","buffer","buffer","buffer","buffer","buffer","buffer","buffer","buffer","buffer",21031721
"buffer","buffer","buffer","buffer","buffer","buffer","buffer","buffer","buffer","buffer",21043585
"buffer","buffer","buffer","buffer","buffer","buffer","buffer","buffer","buffer","buffer",21055895
"buffer","buffer","buffer","buffer","buffer","buffer","buffer","buffer","buffer","buffer",21067939
"buffer","buffer","buffer","buffer","buffer","buffer","buffer","buffer","buffer","buffer",21080069
"buffer","buffer","buffer","buffer","buffer","buffer","buffer","buffer","buffer","buffer",21092068
"buffer","buffer","buffer","buffer","buffer","buffer","buffer","buffer","buffer","buffer",21104115
"buffer","buffer","buffer","buffer","buffer","buffer","buffer","buffer","buffer","buffer",21116097
"buffer","buffer","buffer","buffer","buffer","buffer","buffer","buffer","buffer","buffer",21128323
"buffer","buffer","buffer","buffer","buffer","buffer","buffer","buffer","buffer","buffer",21140158
"buffer","buffer","buffer","buffer","buffer","buffer","buffer","buffer","buffer","buffer",21152254
"buffer","buffer","buffer","buffer","buffer","buffer","buffer","buffer","buffer","buffer",21164420
"buffer","buffer","buffer","buffer","buffer","buffer","buffer","buffer","buffer","buffer",21176383
"buffer","buffer","buffer","buffer","buffer","buffer","buffer","buffer","buffer","buffer",21188486
"buffer","buffer","buffer","buffer","buffer","buffer","buffer","buffer","buffer","buffer",21200570
"buffer","buffer","buffer","buffer","buffer","buffer","buffer","buffer","buffer","buffer",21212593
"buffer","buffer","buffer","buffer","buffer","buffer","buffer","buffer","buffer","buffer",21224428
"buffer","buffer","buffer","buffer","buffer","buffer","buffer","buffer","buffer","buffer",21236777
"buffer","buffer","buffer","buffer","buffer","buffer","buffer","buffer","buffer","buffer",21248827
"buffer","buffer","buffer","buffer","buffer","buffer","buffer","buffer","buffer","buffer",21260674
"buffer","buffer","buffer","buffer","buffer","buffer","buffer","buffer","buffer","buffer",21272867
"buffer","buffer","buffer","buffer","buffer","buffer","buffer","buffer","buffer","buffer",21284852
"buffer","buffer","buffer","buffer","buffer","buffer","buffer","buffer","buffer","buffer",21296887
"buffer","buffer","buffer","buffer","buffer","buffer","buffer","buffer","buffer","buffer",21308858
"buffer","buffer","buffer","buffer","buffer","buffer","buffer","buffer","buffer","buffer",21321012
"buffer","buffer","buffer","buffer","buffer","buffer","buffer","buffer","buffer","buffer",21333066
"buffer","buffer","buffer","buffer","buffer","buffer","buffer","buffer","buffer","buffer",21344954
"buffer","buffer","buffer","buffer","buffer","buffer","buffer","buffer","buffer","buffer",21357059
"buffer","buffer","buffer","buffer","buffer","buffer","buffer","buffer","buffer","buffer",21369001
"buffer","buffer","buffer","buffer","buffer","buffer","buffer","buffer","buffer","buffer",21380963
"buffer","buffer","buffer","buffer","buffer","buffer","buffer","buffer","buffer","buffer",21393145
"buffer","buffer","buffer","buffer","buffer","buffer","buffer","buffer","buffer","buffer",21405284
"buffer","buffer","buffer","buffer","buffer","buffer","buffer","buffer","buffer","buffer",21417326
"buffer","buffer","buffer","buffer","buffer","buffer","buffer","buffer","buffer","buffer",21429253
"buffer","buffer","buffer","buffer","buffer","buffer","buffer","buffer","buffer","buffer",21441216
"buffer","buffer","buffer","buffer","buffer","buffer","buffer","buffer","buffer","buffer",21453305
"buffer","buffer","buffer","buffer","buffer","buffer","buffer","buffer","buffer","buffer",21465409
"buffer","buffer","buffer","buffer","buffer","buffer","buffer","buffer","buffer","buffer",21477579
"buffer","buffer","buffer","buffer","buffer","buffer","buffer","buffer","buffer","buffer",21489470
"buffer","buffer","buffer","buffer","buffer","buffer","buffer","buffer","buffer","buffer",21501541
"buffer","buffer","buffer","buffer","buffer","buffer","buffer","buffer","buffer","buffer",21513530
"buffer","buffer","buffer","buffer","buffer","buffer","buffer","buffer","buffer","buffer",21525848
"buffer","buffer","buffer","buffer","buffer","buffer","buffer","buffer","buffer","buffer",21537776
"buffer","buffer","buffer","buffer","buffer","buffer","buffer","buffer","buffer","buffer",21550003
"buffer","buffer","buffer","buffer","buffer","buffer","buffer","buffer","buffer","buffer",21561607
"buffer","buffer","buffer","buffer","buffer","buffer","buffer","buffer","buffer","buffer",21573993
"buffer","buffer","buffer","buffer","buffer","buffer","buffer","buffer","buffer","buffer",21585976
"buffer","buffer","buffer","buffer","buffer","buffer","buffer","buffer","buffer","buffer",21598039
"buffer","buffer","buffer","buffer","buffer","buffer","buffer","buffer","buffer","buffer",21609862
"buffer","buffer","buffer","buffer","buffer","buffer","buffer","buffer","buffer","buffer",21622079
"buffer","buffer","buffer","buffer","buffer","buffer","buffer","buffer","buffer","buffer",21634197
"buffer","buffer","buffer","buffer","buffer","buffer","buffer","buffer","buffer","buffer",21646151
"buffer","buffer","buffer","buffer","buffer","buffer","buffer","buffer","buffer","buffer",21658363
"buffer","buffer","buffer","buffer","buffer","buffer","buffer","buffer","buffer","buffer",21670197
"buffer","buffer","buffer","buffer","buffer","buffer","buffer","buffer","buffer","buffer",21682338
"buffer","buffer","buffer","buffer","buffer","buffer","buffer","buffer","buffer","buffer",21694364
"buffer","buffer","buffer","buffer","buffer","buffer","buffer","buffer","buffer","buffer",21706335
"buffer","buffer","buffer","buffer","buffer","buffer","buffer","buffer","buffer","buffer",21718444
"buffer","buffer","buffer","buffer","buffer","buffer","buffer","buffer","buffer","buffer",21730468
"buffer","buffer","buffer","buffer","buffer","buffer","buffer","buffer","buffer","buffer",21742616
"buffer","buffer","buffer","buffer","buffer","buffer","buffer","buffer","buffer","buffer",21754562
"buffer","buffer","buffer","buffer","buffer","buffer","buffer","buffer","buffer","buffer",21766506
"buffer","buffer","buffer","buffer","buffer","buffer","buffer","buffer","buffer","buffer",21778625
"buffer","buffer","buffer","buffer","buffer","buffer","buffer","buffer","buffer","buffer",21790686
"buffer","buffer","buffer","buffer","buffer","buffer","buffer","buffer","buffer","buffer",21802750
"buffer","buffer","buffer","buffer","buffer","buffer","buffer","buffer","buffer","buffer",21815011
"buffer","buffer","buffer","buffer","buffer","buffer","buffer","buffer","buffer","buffer",21826781
"buffer","buffer","buffer","buffer","buffer","buffer","buffer","buffer","buffer","buffer",21838937
"buffer","buffer","buffer","buffer","buffer","buffer","buffer","buffer","buffer","buffer",21850969
"buffer","buffer","buffer","buffer","buffer","buffer","buffer","buffer","buffer","buffer",21862877
"buffer","buffer","buffer","buffer","buffer","buffer","buffer","buffer","buffer","buffer",21875029
"buffer","buffer","buffer","buffer","buffer","buffer","buffer","buffer","buffer","buffer",21887094
"buffer","buffer","buffer","buffer","buffer","buffer","buffer","buffer","buffer","buffer",21899077
"buffer","buffer","buffer","buffer","buffer","buffer","buffer","buffer","buffer","buffer",21911363
"buffer","buffer","buffer","buffer","buffer","buffer","buffer","buffer","buffer","buffer",21923332
"buffer","buffer","buffer","buffer","buffer","buffer","buffer","buffer","buffer","buffer",21935200
"buffer","buffer","buffer","buffer","buffer","buffer","buffer","buffer","buffer","buffer",21947439
"buffer","buffer","buffer","buffer","buffer","buffer","buffer","buffer","buffer","buffer",21959227
"buffer","buffer","buffer","buffer","buffer","buffer","buffer","buffer","buffer","buffer",21971458
"buffer","buffer","buffer","buffer","buffer","buffer","buffer","buffer","buffer","buffer",21983425
"buffer","buffer","buffer","buffer","buffer","buffer","buffer","buffer","buffer","buffer",21995453
"buffer","buffer","buffer","buffer","buffer","buffer","buffer","buffer","buffer","buffer",22007327
"buffer","buffer","buffer","buffer","buffer","buffer","buffer","buffer","buffer","buffer",22019528
"buffer","buffer","buffer","buffer","buffer","buffer","buffer","buffer","buffer","buffer",22031705
"buffer","buffer","buffer","buffer","buffer","buffer","buffer","buffer","buffer","buffer",22043809
"buffer","buffer","buffer","buffer","buffer","buffer","buffer","buffer","buffer","buffer",22055752
"buffer","buffer","buffer","buffer","buffer","buffer","buffer","buffer","buffer","buffer",22067920
"buffer","buffer","buffer","buffer","buffer","buffer","buffer","buffer","buffer","buffer",22079897
"buffer","buffer","buffer","buffer","buffer","buffer","buffer","buffer","buffer","buffer",22091861
"buffer","buffer","buffer","buffer","buffer","buffer","buffer","buffer","buffer","buffer",22103876
"buffer","buffer","buffer","buffer","buffer","buffer","buffer","buffer","buffer","buffer",22115832
"buffer","buffer","buffer","buffer","buffer","buffer","buffer","buffer","buffer","buffer",22128275
"buffer","buffer","buffer","buffer","buffer","buffer","buffer","buffer","buffer","buffer",22140061
"buffer","buffer","buffer","buffer","buffer","buffer","buffer","buffer","buffer","buffer",22152072
"buffer","buffer","buffer","buffer","buffer","buffer","buffer","buffer","buffer","buffer",22164289
"buffer","buffer","buffer","buffer","buffer","buffer","buffer","buffer","buffer","buffer",22176123
"buffer","buffer","buffer","buffer","buffer","buffer","buffer","buffer","buffer","buffer",22188146
"buffer","buffer","buffer","buffer","buffer","buffer","buffer","buffer","buffer","buffer",22200185
"buffer","buffer","buffer","buffer","buffer","buffer","buffer","buffer","buffer","buffer",22212391
"buffer","buffer","buffer","buffer","buffer","buffer","buffer","buffer","buffer","buffer",22224450
"buffer","buffer","buffer","buffer","buffer","buffer","buffer","buffer","buffer","buffer",22236292
"buffer","buffer","buffer","buffer","buffer","buffer","buffer","buffer","buffer","buffer",22248394
"buffer","buffer","buffer","buffer","buffer","buffer","buffer","buffer","buffer","buffer",22260411
"buffer","buffer","buffer","buffer","buffer","buffer","buffer","buffer","buffer","buffer",22272388
"buffer","buffer","buffer","buffer","buffer","buffer","buffer","buffer","buffer","buffer",22284680
"buffer","buffer","buffer","buffer","buffer","buffer","buffer","buffer","buffer","buffer",22296579
"buffer","buffer","buffer","buffer","buffer","buffer","buffer","buffer","buffer","buffer",22308598
"buffer","buffer","buffer","buffer","buffer","buffer","buffer","buffer","buffer","buffer",22320735
"buffer","buffer","buffer","buffer","buffer","buffer","buffer","buffer","buffer","buffer",22332853
"buffer","buffer","buffer","buffer","buffer","buffer","buffer","buffer","buffer","buffer",22344707
"buffer","buffer","buffer","buffer","buffer","buffer","buffer","buffer","buffer","buffer",22356882
"buffer","buffer","buffer","buffer","buffer","buffer","buffer","buffer","buffer","buffer",22368838
"buffer","buffer","buffer","buffer","buffer","buffer","buffer","buffer","buffer","buffer",22381047
"buffer","buffer","buffer","buffer","buffer","buffer","buffer","buffer","buffer","buffer",22392905
"buffer","buffer","buffer","buffer","buffer","buffer","buffer","buffer","buffer","buffer",22405065
"buffer","buffer","buffer","buffer","buffer","buffer","buffer","buffer","buffer","buffer",22416791
"buffer","buffer","buffer","buffer","buffer","buffer","buffer","buffer","buffer","buffer",22429001
"buffer","buffer","buffer","buffer","buffer","buffer","buffer","buffer","buffer","buffer",22441186
"buffer","buffer","buffer","buffer","buffer","buffer","buffer","buffer","buffer","buffer",22453239
"buffer","buffer","buffer","buffer","buffer","buffer","buffer","buffer","buffer","buffer",22465207
"buffer","buffer","buffer","buffer","buffer","buffer","buffer","buffer","buffer","buffer",22477174
"buffer","buffer","buffer","buffer","buffer","buffer","buffer","buffer","buffer","buffer",22489321
"buffer","buffer","buffer","buffer","buffer","buffer","buffer","buffer","buffer","buffer",22501537
"buffer","buffer","buffer","buffer","buffer","buffer","buffer","buffer","buffer","buffer",22513472
"buffer","buffer","buffer","buffer","buffer","buffer","buffer","buffer","buffer","buffer",22525522
"buffer","buffer","buffer","buffer","buffer","buffer","buffer","buffer","buffer","buffer",22537441
"buffer","buffer","buffer","buffer","buffer","buffer","buffer","buffer","buffer","buffer",22549729
"buffer","buffer","buffer","buffer","buffer","buffer","buffer","buffer","buffer","buffer",22561570
"buffer","buffer","buffer","buffer","buffer","buffer","buffer","buffer","buffer","buffer",22573732
"buffer","buffer","buffer","buffer","buffer","buffer","buffer","buffer","buffer","buffer",22585625
"buffer","buffer","buffer","buffer","buffer","buffer","buffer","buffer","buffer","buffer",22597606
"buffer","buffer","buffer","buffer","buffer","buffer","buffer","buffer","buffer","buffer",22609760
"buffer","buffer","buffer","buffer","buffer","buffer","buffer","buffer","buffer","buffer",22621869
"buffer","buffer","buffer","buffer","buffer","buffer","buffer","buffer","buffer","buffer",22633805
"buffer","buffer","buffer","buffer","buffer","buffer","buffer","buffer","buffer","buffer",22646016
"buffer","buffer","buffer","buffer","buffer","buffer","buffer","buffer","buffer","buffer",22657968
"buffer","buffer","buffer","buffer","buffer","buffer","buffer","buffer","buffer","buffer",22670069
"buffer","buffer","buffer","buffer","buffer","buffer","buffer","buffer","buffer","buffer",22682048
"buffer","buffer","buffer","buffer","buffer","buffer","buffer","buffer","buffer","buffer",22694225
"buffer","buffer","buffer","buffer","buffer","buffer","buffer","buffer","buffer","buffer",22706296
"buffer","buffer","buffer","buffer","buffer","buffer","buffer","buffer","buffer","buffer",22718235
"buffer","buffer","buffer","buffer","buffer","buffer","buffer","buffer","buffer","buffer",22730256
"buffer","buffer","buffer","buffer","buffer","buffer","buffer","buffer","buffer","buffer",22742303
"buffer","buffer","buffer","buffer","buffer","buffer","buffer","buffer","buffer","buffer",22754379
"buffer","buffer","buffer","buffer","buffer","buffer","buffer","buffer","buffer","buffer",22766602
"buffer","buffer","buffer","buffer","buffer","buffer","buffer","buffer","buffer","buffer",22778430
"buffer","buffer","buffer","buffer","buffer","buffer","buffer","buffer","buffer","buffer",22790611
"buffer","buffer","buffer","buffer","buffer","buffer","buffer","buffer","buffer","buffer",22802608
"buffer","buffer","buffer","buffer","buffer","buffer","buffer","buffer","buffer","buffer",22814570
"buffer","buffer","buffer","buffer","buffer","buffer","buffer","buffer","buffer","buffer",22826671
"buffer","buffer","buffer","buffer","buffer","buffer","buffer","buffer","buffer","buffer",22838692
"buffer","buffer","buffer","buffer","buffer","buffer","buffer","buffer","buffer","buffer",22850717
"buffer","buffer","buffer","buffer","buffer","buffer","buffer","buffer","buffer","buffer",22862787
"buffer","buffer","buffer","buffer","buffer","buffer","buffer","buffer","buffer","buffer",22874894
"buffer","buffer","buffer","buffer","buffer","buffer","buffer","buffer","buffer","buffer",22886740
"buffer","buffer","buffer","buffer","buffer","buffer","buffer","buffer","buffer","buffer",22899041
"buffer","buffer","buffer","buffer","buffer","buffer","buffer","buffer","buffer","buffer",22911081
"buffer","buffer","buffer","buffer","buffer","buffer","buffer","buffer","buffer","buffer",22922954
"buffer","buffer","buffer","buffer","buffer","buffer","buffer","buffer","buffer","buffer",22934938
"buffer","buffer","buffer","buffer","buffer","buffer","buffer","buffer","buffer","buffer",22947172
"buffer","buffer","buffer","buffer","buffer","buffer","buffer","buffer","buffer","buffer",22959239
"buffer","buffer","buffer","buffer","buffer","buffer","buffer","buffer","buffer","buffer",22971082
"buffer","buffer","buffer","buffer","buffer","buffer","buffer","buffer","buffer","buffer",22983272
"buffer","buffer","buffer","buffer","buffer","buffer","buffer","buffer","buffer","buffer",22995297
"buffer","buffer","buffer","buffer","buffer","buffer","buffer","buffer","buffer","buffer",23007372
"buffer","buffer","buffer","buffer","buffer","buffer","buffer","buffer","buffer","buffer",23019410
"buffer","buffer","buffer","buffer","buffer","buffer","buffer","buffer","buffer","buffer",23031422
"buffer","buffer","buffer","buffer","buffer","buffer","buffer","buffer","buffer","buffer",23043515
"buffer","buffer","buffer","buffer","buffer","buffer","buffer","buffer","buffer","buffer",23055566
"buffer","buffer","buffer","buffer","buffer","buffer","buffer","buffer","buffer","buffer",23067682
"buffer","buffer","buffer","buffer","buffer","buffer","buffer","buffer","buffer","buffer",23079456
"buffer","buffer","buffer","buffer","buffer","buffer","buffer","buffer","buffer","buffer",23091738
"buffer","buffer","buffer","buffer","buffer","buffer","buffer","buffer","buffer","buffer",23103513
"buffer","buffer","buffer","buffer","buffer","buffer","buffer","buffer","buffer","buffer",23115721
"buffer","buffer","buffer","buffer","buffer","buffer","buffer","buffer","buffer","buffer",23127842
"buffer","buffer","buffer","buffer","buffer","buffer","buffer","buffer","buffer","buffer",23139919
"buffer","buffer","buffer","buffer","buffer","buffer","buffer","buffer","buffer","buffer",23151837
"buffer","buffer","buffer","buffer","buffer","buffer","buffer","buffer","buffer","buffer",23164054
"buffer","buffer","buffer","buffer","buffer","buffer","buffer","buffer","buffer","buffer",23175925
"buffer","buffer","buffer","buffer","buffer","buffer","buffer","buffer","buffer","buffer",23188064
"buffer","buffer","buffer","buffer","buffer","buffer","buffer","buffer","buffer","buffer",23199847
"buffer","buffer","buffer","buffer","buffer","buffer","buffer","buffer","buffer","buffer",23212104
"buffer","buffer","buffer","buffer","buffer","buffer","buffer","buffer","buffer","buffer",23224231
"buffer","buffer","buffer","buffer","buffer","buffer","buffer","buffer","buffer","buffer",23236081
"buffer","buffer","buffer","buffer","buffer","buffer","buffer","buffer","buffer","buffer",23248301
"buffer","buffer","buffer","buffer","buffer","buffer","buffer","buffer","buffer","buffer",23260230
"buffer","buffer","buffer","buffer","buffer","buffer","buffer","buffer","buffer","buffer",23272238
"buffer","buffer","buffer","buffer","buffer","buffer","buffer","buffer","buffer","buffer",23284298
"buffer","buffer","buffer","buffer","buffer","buffer","buffer","buffer","buffer","buffer",23296213
"buffer","buffer","buffer","buffer","buffer","buffer","buffer","buffer","buffer","buffer",23308598
"buffer","buffer","buffer","buffer","buffer","buffer","buffer","buffer","buffer","buffer",23320737
"buffer","buffer","buffer","buffer","buffer","buffer","buffer","buffer","buffer","buffer",23332472
"buffer","buffer","buffer","buffer","buffer","buffer","buffer","buffer","buffer","buffer",23344682
"buffer","buffer","buffer","buffer","buffer","buffer","buffer","buffer","buffer","buffer",23356550
"buffer","buffer","buffer","buffer","buffer","buffer","buffer","buffer","buffer","buffer",23368674
"buffer","buffer","buffer","buffer","buffer","buffer","buffer","buffer","buffer","buffer",23380658
"buffer","buffer","buffer","buffer","buffer","buffer","buffer","buffer","buffer","buffer",23392669
"buffer","buffer","buffer","buffer","buffer","buffer","buffer","buffer","buffer","buffer",23404891
"buffer","buffer","buffer","buffer","buffer","buffer","buffer","buffer","buffer","buffer",23416957
"buffer","buffer","buffer","buffer","buffer","buffer","buffer","buffer","buffer","buffer",23428830
"buffer","buffer","buffer","buffer","buffer","buffer","buffer","buffer","buffer","buffer",23440945
"buffer","buffer","buffer","buffer","buffer","buffer","buffer","buffer","buffer","buffer",23452986
"buffer","buffer","buffer","buffer","buffer","buffer","buffer","buffer","buffer","buffer",23465120
"buffer","buffer","buffer","buffer","buffer","buffer","buffer","buffer","buffer","buffer",23476971
"buffer","buffer","buffer","buffer","buffer","buffer","buffer","buffer","buffer","buffer",23489215
"buffer","buffer","buffer","buffer","buffer","buffer","buffer","buffer","buffer","buffer",23501341
"buffer","buffer","buffer","buffer","buffer","buffer","buffer","buffer","buffer","buffer",23513153
"buffer","buffer","buffer","buffer","buffer","buffer","buffer","buffer","buffer","buffer",23525302
"buffer","buffer","buffer","buffer","buffer","buffer","buffer","buffer","buffer","buffer",23537326
"buffer","buffer","buffer","buffer","buffer","buffer","buffer","buffer","buffer","buffer",23549538
"buffer","buffer","buffer","buffer","buffer","buffer","buffer","buffer","buffer","buffer",23561442
"buffer","buffer","buffer","buffer","buffer","buffer","buffer","buffer","buffer","buffer",23573419
"buffer","buffer","buffer","buffer","buffer","buffer","buffer","buffer","buffer","buffer",23585505
"buffer","buffer","buffer","buffer","buffer","buffer","buffer","buffer","buffer","buffer",23597734
"buffer","buffer","buffer","buffer","buffer","buffer","buffer","buffer","buffer","buffer",23609602
"buffer","buffer","buffer","buffer","buffer","buffer","buffer","buffer","buffer","buffer",23621553
"buffer","buffer","buffer","buffer","buffer","buffer","buffer","buffer","buffer","buffer",23633552
"buffer","buffer","buffer","buffer","buffer","buffer","buffer","buffer","buffer","buffer",23645846
"buffer","buffer","buffer","buffer","buffer","buffer","buffer","buffer","buffer","buffer",23657635
"buffer","buffer","buffer","buffer","buffer","buffer","buffer","buffer","buffer","buffer",23669791
"buffer","buffer","buffer","buffer","buffer","buffer","buffer","buffer","buffer","buffer",23681784
"buffer","buffer","buffer","buffer","buffer","buffer","buffer","buffer","buffer","buffer",23693963
"buffer","buffer","buffer","buffer","buffer","buffer","buffer","buffer","buffer","buffer",23705988
"buffer","buffer","buffer","buffer","buffer","buffer","buffer","buffer","buffer","buffer",23717885
"buffer","buffer","buffer","buffer","buffer","buffer","buffer","buffer","buffer","buffer",23730037
"buffer","buffer","buffer","buffer","buffer","buffer","buffer","buffer","buffer","buffer",23742134
"buffer","buffer","buffer","buffer","buffer","buffer","buffer","buffer","buffer","buffer",23754344
"buffer","buffer","buffer","buffer","buffer","buffer","buffer","buffer","buffer","buffer",23766317
"buffer","buffer","buffer","buffer","buffer","buffer","buffer","buffer","buffer","buffer",23778271
"buffer","buffer","buffer","buffer","buffer","buffer","buffer","buffer","buffer","buffer",23790325
"buffer","buffer","buffer","buffer","buffer","buffer","buffer","buffer","buffer","buffer",23802232
"buffer","buffer","buffer","buffer","buffer","buffer","buffer","buffer","buffer","buffer",23814380
"buffer","buffer","buffer","buffer","buffer","buffer","buffer","buffer","buffer","buffer",23826220
"buffer","buffer","buffer","buffer","buffer","buffer","buffer","buffer","buffer","buffer",23838305
"buffer","buffer","buffer","buffer","buffer","buffer","buffer","buffer","buffer","buffer",23850518
"buffer","buffer","buffer","buffer","buffer","buffer","buffer","buffer","buffer","buffer",23862544
"buffer","buffer","buffer","buffer","buffer","buffer","buffer","buffer","buffer","buffer",23874526
"buffer","buffer","buffer","buffer","buffer","buffer","buffer","buffer","buffer","buffer",23886733
"buffer","buffer","buffer","buffer","buffer","buffer","buffer","buffer","buffer","buffer",23898786
"buffer","buffer","buffer","buffer","buffer","buffer","buffer","buffer","buffer","buffer",23910787
"buffer","buffer","buffer","buffer","buffer","buffer","buffer","buffer","buffer","buffer",23922814
"buffer","buffer","buffer","buffer","buffer","buffer","buffer","buffer","buffer","buffer",23934944
"buffer","buffer","buffer","buffer","buffer","buffer","buffer","buffer","buffer","buffer",23946885
"buffer","buffer","buffer","buffer","buffer","buffer","buffer","buffer","buffer","buffer",23958944
"buffer","buffer","buffer","buffer","buffer","buffer","buffer","buffer","buffer","buffer",23970984
"buffer","buffer","buffer","buffer","buffer","buffer","buffer","buffer","buffer","buffer",23982996
"buffer","buffer","buffer","buffer","buffer","buffer","buffer","buffer","buffer","buffer",23995365
"buffer","buffer","buffer","buffer","buffer","buffer","buffer","buffer","buffer","buffer",24007108
"buffer","buffer","buffer","buffer","buffer","buffer","buffer","buffer","buffer","buffer",24019178
"buffer","buffer","buffer","buffer","buffer","buffer","buffer","buffer","buffer","buffer",24031248
"buffer","buffer","buffer","buffer","buffer","buffer","buffer","buffer","buffer","buffer",24043168
"buffer","buffer","buffer","buffer","buffer","buffer","buffer","buffer","buffer","buffer",24055222
"buffer","buffer","buffer","buffer","buffer","buffer","buffer","buffer","buffer","buffer",24067376
"buffer","buffer","buffer","buffer","buffer","buffer","buffer","buffer","buffer","buffer",24079534
"buffer","buffer","buffer","buffer","buffer","buffer","buffer","buffer","buffer","buffer",24091616
"buffer","buffer","buffer","buffer","buffer","buffer","buffer","buffer","buffer","buffer",24103423
"buffer","buffer","buffer","buffer","buffer","buffer","buffer","buffer","buffer","buffer",24115592
"buffer","buffer","buffer","buffer","buffer","buffer","buffer","buffer","buffer","buffer",24127328
"buffer","buffer","buffer","buffer","buffer","buffer","buffer","buffer","buffer","buffer",24139628
"buffer","buffer","buffer","buffer","buffer","buffer","buffer","buffer","buffer","buffer",24151587
"buffer","buffer","buffer","buffer","buffer","buffer","buffer","buffer","buffer","buffer",24163663
"buffer","buffer","buffer","buffer","buffer","buffer","buffer","buffer","buffer","buffer",24175731
"buffer","buffer","buffer","buffer","buffer","buffer","buffer","buffer","buffer","buffer",24187902
"buffer","buffer","buffer","buffer","buffer","buffer","buffer","buffer","buffer","buffer",24199837
"buffer","buffer","buffer","buffer","buffer","buffer","buffer","buffer","buffer","buffer",24212017
"buffer","buffer","buffer","buffer","buffer","buffer","buffer","buffer","buffer","buffer",24223849
"buffer","buffer","buffer","buffer","buffer","buffer","buffer","buffer","buffer","buffer",24235867
"buffer","buffer","buffer","buffer","buffer","buffer","buffer","buffer","buffer","buffer",24248063
"buffer","buffer","buffer","buffer","buffer","buffer","buffer","buffer","buffer","buffer",24259996
"buffer","buffer","buffer","buffer","buffer","buffer","buffer","buffer","buffer","buffer",24272212
"buffer","buffer","buffer","buffer","buffer","buffer","buffer","buffer","buffer","buffer",24283956
"buffer","buffer","buffer","buffer","buffer","buffer","buffer","buffer","buffer","buffer",24296221
"buffer","buffer","buffer","buffer","buffer","buffer","buffer","buffer","buffer","buffer",24308300
"buffer","buffer","buffer","buffer","buffer","buffer","buffer","buffer","buffer","buffer",24320266
"buffer","buffer","buffer","buffer","buffer","buffer","buffer","buffer","buffer","buffer",24332545
"buffer","buffer","buffer","buffer","buffer","buffer","buffer","buffer","buffer","buffer",24344505
"buffer","buffer","buffer","buffer","buffer","buffer","buffer","buffer","buffer","buffer",24356446
"buffer","buffer","buffer","buffer","buffer","buffer","buffer","buffer","buffer","buffer",24368300
"buffer","buffer","buffer","buffer","buffer","buffer","buffer","buffer","buffer","buffer",24380484
"buffer","buffer","buffer","buffer","buffer","buffer","buffer","buffer","buffer","buffer",24392627
"buffer","buffer","buffer","buffer","buffer","buffer","buffer","buffer","buffer","buffer",24404542
"buffer","buffer","buffer","buffer","buffer","buffer","buffer","buffer","buffer","buffer",24416595
"buffer","buffer","buffer","buffer","buffer","buffer","buffer","buffer","buffer","buffer",24428797
"buffer","buffer","buffer","buffer","buffer","buffer","buffer","buffer","buffer","buffer",24440906
"buffer","buffer","buffer","buffer","buffer","buffer","buffer","buffer","buffer","buffer",24452831
"buffer","buffer","buffer","buffer","buffer","buffer","buffer","buffer","buffer","buffer",24464636
"buffer","buffer","buffer","buffer","buffer","buffer","buffer","buffer","buffer","buffer",24477104
"buffer","buffer","buffer","buffer","buffer","buffer","buffer","buffer","buffer","buffer",24488982
"buffer","buffer","buffer","buffer","buffer","buffer","buffer","buffer","buffer","buffer",24500943
"buffer","buffer","buffer","buffer","buffer","buffer","buffer","buffer","buffer","buffer",24513011
"buffer","buffer","buffer","buffer","buffer","buffer","buffer","buffer","buffer","buffer",24525131
"buffer","buffer","buffer","buffer","buffer","buffer","buffer","buffer","buffer","buffer",24537347
"buffer","buffer","buffer","buffer","buffer","buffer","buffer","buffer","buffer","buffer",24549143
"buffer","buffer","buffer","buffer","buffer","buffer","buffer","buffer","buffer","buffer",24561327
"buffer","buffer","buffer","buffer","buffer","buffer","buffer","buffer","buffer","buffer",24573140
"buffer","buffer","buffer","buffer","buffer","buffer","buffer","buffer","buffer","buffer",24585409
"buffer","buffer","buffer","buffer","buffer","buffer","buffer","buffer","buffer","buffer",24597289
"buffer","buffer","buffer","buffer","buffer","buffer","buffer","buffer","buffer","buffer",24609376
"buffer","buffer","buffer","buffer","buffer","buffer","buffer","buffer","buffer","buffer",24621665
"buffer","buffer","buffer","buffer","buffer","buffer","buffer","buffer","buffer","buffer",24633652
"buffer","buffer","buffer","buffer","buffer","buffer","buffer","buffer","buffer","buffer",24645469
"buffer","buffer","buffer","buffer","buffer","buffer","buffer","buffer","buffer","buffer",24657377
"buffer","buffer","buffer","buffer","buffer","buffer","buffer","buffer","buffer","buffer",24669487
"buffer","buffer","buffer","buffer","buffer","buffer","buffer","buffer","buffer","buffer",24681889
"buffer","buffer","buffer","buffer","buffer","buffer","buffer","buffer","buffer","buffer",24693759
"buffer","buffer","buffer","buffer","buffer","buffer","buffer","buffer","buffer","buffer",24705751
"buffer","buffer","buffer","buffer","buffer","buffer","buffer","buffer","buffer","buffer",24717794
"buffer","buffer","buffer","buffer","buffer","buffer","buffer","buffer","buffer","buffer",24730141
"buffer","buffer","buffer","buffer","buffer","buffer","buffer","buffer","buffer","buffer",24741814
"buffer","buffer","buffer","buffer","buffer","buffer","buffer","buffer","buffer","buffer",24753823
"buffer","buffer","buffer","buffer","buffer","buffer","buffer","buffer","buffer","buffer",24765924
"buffer","buffer","buffer","buffer","buffer","buffer","buffer","buffer","buffer","buffer",24778035
"buffer","buffer","buffer","buffer","buffer","buffer","buffer","buffer","buffer","buffer",24790169
"buffer","buffer","buffer","buffer","buffer","buffer","buffer","buffer","buffer","buffer",24802340
"buffer","buffer","buffer","buffer","buffer","buffer","buffer","buffer","buffer","buffer",24814240
"buffer","buffer","buffer","buffer","buffer","buffer","buffer","buffer","buffer","buffer",24826241
"buffer","buffer","buffer","buffer","buffer","buffer","buffer","buffer","buffer","buffer",24838297
"buffer","buffer","buffer","buffer","buffer","buffer","buffer","buffer","buffer","buffer",24850282
"buffer","buffer","buffer","buffer","buffer","buffer","buffer","buffer","buffer","buffer",24862493
"buffer","buffer","buffer","buffer","buffer","buffer","buffer","buffer","buffer","buffer",24874417
"buffer","buffer","buffer","buffer","buffer","buffer","buffer","buffer","buffer","buffer",24886332
"buffer","buffer","buffer","buffer","buffer","buffer","buffer","buffer","buffer","buffer",24898606
"buffer","buffer","buffer","buffer","buffer","buffer","buffer","buffer","buffer","buffer",24910540
"buffer","buffer","buffer","buffer","buffer","buffer","buffer","buffer","buffer","buffer",24922451
"buffer","buffer","buffer","buffer","buffer","buffer","buffer","buffer","buffer","buffer",24934710
"buffer","buffer","buffer","buffer","buffer","buffer","buffer","buffer","buffer","buffer",24946543
"buffer","buffer","buffer","buffer","buffer","buffer","buffer","buffer","buffer","buffer",24958738
"buffer","buffer","buffer","buffer","buffer","buffer","buffer","buffer","buffer","buffer",24970703
"buffer","buffer","buffer","buffer","buffer","buffer","buffer","buffer","buffer","buffer",24983035
"buffer","buffer","buffer","buffer","buffer","buffer","buffer","buffer","buffer","buffer",24994920
"buffer","buffer","buffer","buffer","buffer","buffer","buffer","buffer","buffer","buffer",25006918
"buffer","buffer","buffer","buffer","buffer","buffer","buffer","buffer","buffer","buffer",25019098
"buffer","buffer","buffer","buffer","buffer","buffer","buffer","buffer","buffer","buffer",25031001
"buffer","buffer","buffer","buffer","buffer","buffer","buffer","buffer","buffer","buffer",25043035
"buffer","buffer","buffer","buffer","buffer","buffer","buffer","buffer","buffer","buffer",25055263
"buffer","buffer","buffer","buffer","buffer","buffer","buffer","buffer","buffer","buffer",25067375
"buffer","buffer","buffer","buffer","buffer","buffer","buffer","buffer","buffer","buffer",25079189
"buffer","buffer","buffer","buffer","buffer","buffer","buffer","buffer","buffer","buffer",25091316
"buffer","buffer","buffer","buffer","buffer","buffer","buffer","buffer","buffer","buffer",25103419
"buffer","buffer","buffer","buffer","buffer","buffer","buffer","buffer","buffer","buffer",25115338
"buffer","buffer","buffer","buffer","buffer","buffer","buffer","buffer","buffer","buffer",25127349
"buffer","buffer","buffer","buffer","buffer","buffer","buffer","buffer","buffer","buffer",25139470
"buffer","buffer","buffer","buffer","buffer","buffer","buffer","buffer","buffer","buffer",25151500
"buffer","buffer","buffer","buffer","buffer","buffer","buffer","buffer","buffer","buffer",25163573
"buffer","buffer","buffer","buffer","buffer","buffer","buffer","buffer","buffer","buffer",25175575
"buffer","buffer","buffer","buffer","buffer","buffer","buffer","buffer","buffer","buffer",25187718
"buffer","buffer","buffer","buffer","buffer","buffer","buffer","buffer","buffer","buffer",25199681
"buffer","buffer","buffer","buffer","buffer","buffer","buffer","buffer","buffer","buffer",25211715
"buffer","buffer","buffer","buffer","buffer","buffer","buffer","buffer","buffer","buffer",25223595
"buffer","buffer","buffer","buffer","buffer","buffer","buffer","buffer","buffer","buffer",25235755
"buffer","buffer","buffer","buffer","buffer","buffer","buffer","buffer","buffer","buffer",25247850
"buffer","buffer","buffer","buffer","buffer","buffer","buffer","buffer","buffer","buffer",25259886
"buffer","buffer","buffer","buffer","buffer","buffer","buffer","buffer","buffer","buffer",25272018
"buffer","buffer","buffer","buffer","buffer","buffer","buffer","buffer","buffer","buffer",25283946
"buffer","buffer","buffer","buffer","buffer","buffer","buffer","buffer","buffer","buffer",25296183
"buffer","buffer","buffer","buffer","buffer","buffer","buffer","buffer","buffer","buffer",25307835
"buffer","buffer","buffer","buffer","buffer","buffer","buffer","buffer","buffer","buffer",25320126
"buffer","buffer","buffer","buffer","buffer","buffer","buffer","buffer","buffer","buffer",25332220
"buffer","buffer","buffer","buffer","buffer","buffer","buffer","buffer","buffer","buffer",25344168
"buffer","buffer","buffer","buffer","buffer","buffer","buffer","buffer","buffer","buffer",25356371
"buffer","buffer","buffer","buffer","buffer","buffer","buffer","buffer","buffer","buffer",25368159
"buffer","buffer","buffer","buffer","buffer","buffer","buffer","buffer","buffer","buffer",25380473
"buffer","buffer","buffer","buffer","buffer","buffer","buffer","buffer","buffer","buffer",25392372
"buffer","buffer","buffer","buffer","buffer","buffer","buffer","buffer","buffer","buffer",25404465
"buffer","buffer","buffer","buffer","buffer","buffer","buffer","buffer","buffer","buffer",25416446
"buffer","buffer","buffer","buffer","buffer","buffer","buffer","buffer","buffer","buffer",25428382
"buffer","buffer","buffer","buffer","buffer","buffer","buffer","buffer","buffer","buffer",25440380
"buffer","buffer","buffer","buffer","buffer","buffer","buffer","buffer","buffer","buffer",25452480
"buffer","buffer","buffer","buffer","buffer","buffer","buffer","buffer","buffer","buffer",25464657
"buffer","buffer","buffer","buffer","buffer","buffer","buffer","buffer","buffer","buffer",25476664
"buffer","buffer","buffer","buffer","buffer","buffer","buffer","buffer","buffer","buffer",25488721
"buffer","buffer","buffer","buffer","buffer","buffer","buffer","buffer","buffer","buffer",25500876
"buffer","buffer","buffer","buffer","buffer","buffer","buffer","buffer","buffer","buffer",25512726
"buffer","buffer","buffer","buffer","buffer","buffer","buffer","buffer","buffer","buffer",25524646
"buffer","buffer","buffer","buffer","buffer","buffer","buffer","buffer","buffer","buffer",25536783
"buffer","buffer","buffer","buffer","buffer","buffer","buffer","buffer","buffer","buffer",25548988
"buffer","buffer","buffer","buffer","buffer","buffer","buffer","buffer","buffer","buffer",25560983
"buffer","buffer","buffer","buffer","buffer","buffer","buffer","buffer","buffer","buffer",25573230
"buffer","buffer","buffer","buffer","buffer","buffer","buffer","buffer","buffer","buffer",25585122
"buffer","buffer","buffer","buffer","buffer","buffer","buffer","buffer","buffer","buffer",25597161
"buffer","buffer","buffer","buffer","buffer","buffer","buffer","buffer","buffer","buffer",25609173
"buffer","buffer","buffer","buffer","buffer","buffer","buffer","buffer","buffer","buffer",25621277
"buffer","buffer","buffer","buffer","buffer","buffer","buffer","buffer","buffer","buffer",25633342
"buffer","buffer","buffer","buffer","buffer","buffer","buffer","buffer","buffer","buffer",25645261
"buffer","buffer","buffer","buffer","buffer","buffer","buffer","buffer","buffer","buffer",25657377
"buffer","buffer","buffer","buffer","buffer","buffer","buffer","buffer","buffer","buffer",25669363
"buffer","buffer","buffer","buffer","buffer","buffer","buffer","buffer","buffer","buffer",25681518
"buffer","buffer","buffer","buffer","buffer","buffer","buffer","buffer","buffer","buffer",25693662
"buffer","buffer","buffer","buffer","buffer","buffer","buffer","buffer","buffer","buffer",25705674
"buffer","buffer","buffer","buffer","buffer","buffer","buffer","buffer","buffer","buffer",25717528
"buffer","buffer","buffer","buffer","buffer","buffer","buffer","buffer","buffer","buffer",25729758
"buffer","buffer","buffer","buffer","buffer","buffer","buffer","buffer","buffer","buffer",25741616
"buffer","buffer","buffer","buffer","buffer","buffer","buffer","buffer","buffer","buffer",25753675
"buffer","buffer","buffer","buffer","buffer","buffer","buffer","buffer","buffer","buffer",25765651
"buffer","buffer","buffer","buffer","buffer","buffer","buffer","buffer","buffer","buffer",25777919
"buffer","buffer","buffer","buffer","buffer","buffer","buffer","buffer","buffer","buffer",25789843
"buffer","buffer","buffer","buffer","buffer","buffer","buffer","buffer","buffer","buffer",25801864
"buffer","buffer","buffer","buffer","buffer","buffer","buffer","buffer","buffer","buffer",25814021
"buffer","buffer","buffer","buffer","buffer","buffer","buffer","buffer","buffer","buffer",25826157
"buffer","buffer","buffer","buffer","buffer","buffer","buffer","buffer","buffer","buffer",25838289
"buffer","buffer","buffer","buffer","buffer","buffer","buffer","buffer","buffer","buffer",25850208
"buffer","buffer","buffer","buffer","buffer","buffer","buffer","buffer","buffer","buffer",25862156
"buffer","buffer","buffer","buffer","buffer","buffer","buffer","buffer","buffer","buffer",25874066
"buffer","buffer","buffer","buffer","buffer","buffer","buffer","buffer","buffer","buffer",25886235
"buffer","buffer","buffer","buffer","buffer","buffer","buffer","buffer","buffer","buffer",25898404
"buffer","buffer","buffer","buffer","buffer","buffer","buffer","buffer","buffer","buffer",25910224
"buffer","buffer","buffer","buffer","buffer","buffer","buffer","buffer","buffer","buffer",25922338
"buffer","buffer","buffer","buffer","buffer","buffer","buffer","buffer","buffer","buffer",25934408
"buffer","buffer","buffer","buffer","buffer","buffer","buffer","buffer","buffer","buffer",25946477
"buffer","buffer","buffer","buffer","buffer","buffer","buffer","buffer","buffer","buffer",25958408
"buffer","buffer","buffer","buffer","buffer","buffer","buffer","buffer","buffer","buffer",25970440
"buffer","buffer","buffer","buffer","buffer","buffer","buffer","buffer","buffer","buffer",25982571
"buffer","buffer","buffer","buffer","buffer","buffer","buffer","buffer","buffer","buffer",25994730
"buffer","buffer","buffer","buffer","buffer","buffer","buffer","buffer","buffer","buffer",26006766
"buffer","buffer","buffer","buffer","buffer","buffer","buffer","buffer","buffer","buffer",26018541
"buffer","buffer","buffer","buffer","buffer","buffer","buffer","buffer","buffer","buffer",26030803
"buffer","buffer","buffer","buffer","buffer","buffer","buffer","buffer","buffer","buffer",26042756
"buffer","buffer","buffer","buffer","buffer","buffer","buffer","buffer","buffer","buffer",26054980
"buffer","buffer","buffer","buffer","buffer","buffer","buffer","buffer","buffer","buffer",26066942
"buffer","buffer","buffer","buffer","buffer","buffer","buffer","buffer","buffer","buffer",26079073
"buffer","buffer","buffer","buffer","buffer","buffer","buffer","buffer","buffer","buffer",26091004
"buffer","buffer","buffer","buffer","buffer","buffer","buffer","buffer","buffer","buffer",26102979
"buffer","buffer","buffer","buffer","buffer","buffer","buffer","buffer","buffer","buffer",26114943
"buffer","buffer","buffer","buffer","buffer","buffer","buffer","buffer","buffer","buffer",26127301
"buffer","buffer","buffer","buffer","buffer","buffer","buffer","buffer","buffer","buffer",26139343
"buffer","buffer","buffer","buffer","buffer","buffer","buffer","buffer","buffer","buffer",26151322
"buffer","buffer","buffer","buffer","buffer","buffer","buffer","buffer","buffer","buffer",26163198
"buffer","buffer","buffer","buffer","buffer","buffer","buffer","buffer","buffer","buffer",26175384
"buffer","buffer","buffer","buffer","buffer","buffer","buffer","buffer","buffer","buffer",26187336
"buffer","buffer","buffer","buffer","buffer","buffer","buffer","buffer","buffer","buffer",26199502
"buffer","buffer","buffer","buffer","buffer","buffer","buffer","buffer","buffer","buffer",26211502
"buffer","buffer","buffer","buffer","buffer","buffer","buffer","buffer","buffer","buffer",26223522
"buffer","buffer","buffer","buffer","buffer","buffer","buffer","buffer","buffer","buffer",26235583
"buffer","buffer","buffer","buffer","buffer","buffer","buffer","buffer","buffer","buffer",26247763
"buffer","buffer","buffer","buffer","buffer","buffer","buffer","buffer","buffer","buffer",26259629
"buffer","buffer","buffer","buffer","buffer","buffer","buffer","buffer","buffer","buffer",26271973
"buffer","buffer","buffer","buffer","buffer","buffer","buffer","buffer","buffer","buffer",26283791
"buffer","buffer","buffer","buffer","buffer","buffer","buffer","buffer","buffer","buffer",26295669
"buffer","buffer","buffer","buffer","buffer","buffer","buffer","buffer","buffer","buffer",26307739
"buffer","buffer","buffer","buffer","buffer","buffer","buffer","buffer","buffer","buffer",26319861
"buffer","buffer","buffer","buffer","buffer","buffer","buffer","buffer","buffer","buffer",26331884
"buffer","buffer","buffer","buffer","buffer","buffer","buffer","buffer","buffer","buffer",26344076
"buffer","buffer","buffer","buffer","buffer","buffer","buffer","buffer","buffer","buffer",26356027
"buffer","buffer","buffer","buffer","buffer","buffer","buffer","buffer","buffer","buffer",26368117
"buffer","buffer","buffer","buffer","buffer","buffer","buffer","buffer","buffer","buffer",26380180
"buffer","buffer","buffer","buffer","buffer","buffer","buffer","buffer","buffer","buffer",26392240
"buffer","buffer","buffer","buffer","buffer","buffer","buffer","buffer","buffer","buffer",26404134
"buffer","buffer","buffer","buffer","buffer","buffer","buffer","buffer","buffer","buffer",26416256
"buffer","buffer","buffer","buffer","buffer","buffer","buffer","buffer","buffer","buffer",26428389
"buffer","buffer","buffer","buffer","buffer","buffer","buffer","buffer","buffer","buffer",26440425
"buffer","buffer","buffer","buffer","buffer","buffer","buffer","buffer","buffer","buffer",26452490
"buffer","buffer","buffer","buffer","buffer","buffer","buffer","buffer","buffer","buffer",26464454
"buffer","buffer","buffer","buffer","buffer","buffer","buffer","buffer","buffer","buffer",26476521
"buffer","buffer","buffer","buffer","buffer","buffer","buffer","buffer","buffer","buffer",26488568
"buffer","buffer","buffer","buffer","buffer","buffer","buffer","buffer","buffer","buffer",26500592
"buffer","buffer","buffer","buffer","buffer","buffer","buffer","buffer","buffer","buffer",26512758
"buffer","buffer","buffer","buffer","buffer","buffer","buffer","buffer","buffer","buffer",26524687
"buffer","buffer","buffer","buffer","buffer","buffer","buffer","buffer","buffer","buffer",26536730
"buffer","buffer","buffer","buffer","buffer","buffer","buffer","buffer","buffer","buffer",26548602
"buffer","buffer","buffer","buffer","buffer","buffer","buffer","buffer","buffer","buffer",26560777
"buffer","buffer","buffer","buffer","buffer","buffer","buffer","buffer","buffer","buffer",26572848
"buffer","buffer","buffer","buffer","buffer","buffer","buffer","buffer","buffer","buffer",26584606
"buffer","buffer","buffer","buffer","buffer","buffer","buffer","buffer","buffer","buffer",26596772
"buffer","buffer","buffer","buffer","buffer","buffer","buffer","buffer","buffer","buffer",26608995
"buffer","buffer","buffer","buffer","buffer","buffer","buffer","buffer","buffer","buffer",26621049
"buffer","buffer","buffer","buffer","buffer","buffer","buffer","buffer","buffer","buffer",26633109
"buffer","buffer","buffer","buffer","buffer","buffer","buffer","buffer","buffer","buffer",26645126
"buffer","buffer","buffer","buffer","buffer","buffer","buffer","buffer","buffer","buffer",26657062
"buffer","buffer","buffer","buffer","buffer","buffer","buffer","buffer","buffer","buffer",26669382
"buffer","buffer","buffer","buffer","buffer","buffer","buffer","buffer","buffer","buffer",26681213
"buffer","buffer","buffer","buffer","buffer","buffer","buffer","buffer","buffer","buffer",26693422
"buffer","buffer","buffer","buffer","buffer","buffer","buffer","buffer","buffer","buffer",26705136
"buffer","buffer","buffer","buffer","buffer","buffer","buffer","buffer","buffer","buffer",26717495
"buffer","buffer","buffer","buffer","buffer","buffer","buffer","buffer","buffer","buffer",26729580
"buffer","buffer","buffer","buffer","buffer","buffer","buffer","buffer","buffer","buffer",26741615
"buffer","buffer","buffer","buffer","buffer","buffer","buffer","buffer","buffer","buffer",26753689
"buffer","buffer","buffer","buffer","buffer","buffer","buffer","buffer","buffer","buffer",26765600
"buffer","buffer","buffer","buffer","buffer","buffer","buffer","buffer","buffer","buffer",26777631
"buffer","buffer","buffer","buffer","buffer","buffer","buffer","buffer","buffer","buffer",26789636
"buffer","buffer","buffer","buffer","buffer","buffer","buffer","buffer","buffer","buffer",26801866
"buffer","buffer","buffer","buffer","buffer","buffer","buffer","buffer","buffer","buffer",26813667
"buffer","buffer","buffer","buffer","buffer","buffer","buffer","buffer","buffer","buffer",26825945
"buffer","buffer","buffer","buffer","buffer","buffer","buffer","buffer","buffer","buffer",26838108
"buffer","buffer","buffer","buffer","buffer","buffer","buffer","buffer","buffer","buffer",26849858
"buffer","buffer","buffer","buffer","buffer","buffer","buffer","buffer","buffer","buffer",26861841
"buffer","buffer","buffer","buffer","buffer","buffer","buffer","buffer","buffer","buffer",26873972
"buffer","buffer","buffer","buffer","buffer","buffer","buffer","buffer","buffer","buffer",26885987
"buffer","buffer","buffer","buffer","buffer","buffer","buffer","buffer","buffer","buffer",26898061
"buffer","buffer","buffer","buffer","buffer","buffer","buffer","buffer","buffer","buffer",26910150
"buffer","buffer","buffer","buffer","buffer","buffer","buffer","buffer","buffer","buffer",26922124
"buffer","buffer","buffer","buffer","buffer","buffer","buffer","buffer","buffer","buffer",26934264
"buffer","buffer","buffer","buffer","buffer","buffer","buffer","buffer","buffer","buffer",26946469
"buffer","buffer","buffer","buffer","buffer","buffer","buffer","buffer","buffer","buffer",26958297
"buffer","buffer","buffer","buffer","buffer","buffer","buffer","buffer","buffer","buffer",26970214
"buffer","buffer","buffer","buffer","buffer","buffer","buffer","buffer","buffer","buffer",26982627
"buffer","buffer","buffer","buffer","buffer","buffer","buffer","buffer","buffer","buffer",26994347
"buffer","buffer","buffer","buffer","buffer","buffer","buffer","buffer","buffer","buffer",27006507
"buffer","buffer","buffer","buffer","buffer","buffer","buffer","buffer","buffer","buffer",27018645
"buffer","buffer","buffer","buffer","buffer","buffer","buffer","buffer","buffer","buffer",27030454
"buffer","buffer","buffer","buffer","buffer","buffer","buffer","buffer","buffer","buffer",27042640
"buffer","buffer","buffer","buffer","buffer","buffer","buffer","buffer","buffer","buffer",27054623
"buffer","buffer","buffer","buffer","buffer","buffer","buffer","buffer","buffer","buffer",27066789
"buffer","buffer","buffer","buffer","buffer","buffer","buffer","buffer","buffer","buffer",27078871
"buffer","buffer","buffer","buffer","buffer","buffer","buffer","buffer","buffer","buffer",27090816
"buffer","buffer","buffer","buffer","buffer","buffer","buffer","buffer","buffer","buffer",27102963
"buffer","buffer","buffer","buffer","buffer","buffer","buffer","buffer","buffer","buffer",27114908
"buffer","buffer","buffer","buffer","buffer","buffer","buffer","buffer","buffer","buffer",27126976
"buffer","buffer","buffer","buffer","buffer","buffer","buffer","buffer","buffer","buffer",27139034
"buffer","buffer","buffer","buffer","buffer","buffer","buffer","buffer","buffer","buffer",27150937
"buffer","buffer","buffer","buffer","buffer","buffer","buffer","buffer","buffer","buffer",27163024
"buffer","buffer","buffer","buffer","buffer","buffer","buffer","buffer","buffer","buffer",27175169
"buffer","buffer","buffer","buffer","buffer","buffer","buffer","buffer","buffer","buffer",27187166
"buffer","buffer","buffer","buffer","buffer","buffer","buffer","buffer","buffer","buffer",27199170
"buffer","buffer","buffer","buffer","buffer","buffer","buffer","buffer","buffer","buffer",27211318
"buffer","buffer","buffer","buffer","buffer","buffer","buffer","buffer","buffer","buffer",27223479
"buffer","buffer","buffer","buffer","buffer","buffer","buffer","buffer","buffer","buffer",27235313
"buffer","buffer","buffer","buffer","buffer","buffer","buffer","buffer","buffer","buffer",27247496
"buffer","buffer","buffer","buffer","buffer","buffer","buffer","buffer","buffer","buffer",27259653
"buffer","buffer","buffer","buffer","buffer","buffer","buffer","buffer","buffer","buffer",27271336
"buffer","buffer","buffer","buffer","buffer","buffer","buffer","buffer","buffer","buffer",27283481
"buffer","buffer","buffer","buffer","buffer","buffer","buffer","buffer","buffer","buffer",27295608
"buffer","buffer","buffer","buffer","buffer","buffer","buffer","buffer","buffer","buffer",27307638
"buffer","buffer","buffer","buffer","buffer","buffer","buffer","buffer","buffer","buffer",27319663
"buffer","buffer","buffer","buffer","buffer","buffer","buffer","buffer","buffer","buffer",27331827
"buffer","buffer","buffer","buffer","buffer","buffer","buffer","buffer","buffer","buffer",27343802
"buffer","buffer","buffer","buffer","buffer","buffer","buffer","buffer","buffer","buffer",27355676
"buffer","buffer","buffer","buffer","buffer","buffer","buffer","buffer","buffer","buffer",27367866
"buffer","buffer","buffer","buffer","buffer","buffer","buffer","buffer","buffer","buffer",27380054
"buffer","buffer","buffer","buffer","buffer","buffer","buffer","buffer","buffer","buffer",27392062
"buffer","buffer","buffer","buffer","buffer","buffer","buffer","buffer","buffer","buffer",27404063
"buffer","buffer","buffer","buffer","buffer","buffer","buffer","buffer","buffer","buffer",27416043
"buffer","buffer","buffer","buffer","buffer","buffer","buffer","buffer","buffer","buffer",27428027
"buffer","buffer","buffer","buffer","buffer","buffer","buffer","buffer","buffer","buffer",27440203
"buffer","buffer","buffer","buffer","buffer","buffer","buffer","buffer","buffer","buffer",27452143
"buffer","buffer","buffer","buffer","buffer","buffer","buffer","buffer","buffer","buffer",27464306
"buffer","buffer","buffer","buffer","buffer","buffer","buffer","buffer","buffer","buffer",27476292
"buffer","buffer","buffer","buffer","buffer","buffer","buffer","buffer","buffer","buffer",27488473
"buffer","buffer","buffer","buffer","buffer","buffer","buffer","buffer","buffer","buffer",27500528
"buffer","buffer","buffer","buffer","buffer","buffer","buffer","buffer","buffer","buffer",27512555
"buffer","buffer","buffer","buffer","buffer","buffer","buffer","buffer","buffer","buffer",27524392
"buffer","buffer","buffer","buffer","buffer","buffer","buffer","buffer","buffer","buffer",27536600
"buffer","buffer","buffer","buffer","buffer","buffer","buffer","buffer","buffer","buffer",27548570
"buffer","buffer","buffer","buffer","buffer","buffer","buffer","buffer","buffer","buffer",27560767
"buffer","buffer","buffer","buffer","buffer","buffer","buffer","buffer","buffer","buffer",27572741
"buffer","buffer","buffer","buffer","buffer","buffer","buffer","buffer","buffer","buffer",27584589
"buffer","buffer","buffer","buffer","buffer","buffer","buffer","buffer","buffer","buffer",27596853
"buffer","buffer","buffer","buffer","buffer","buffer","buffer","buffer","buffer","buffer",27608782
"buffer","buffer","buffer","buffer","buffer","buffer","buffer","buffer","buffer","buffer",27620987
"buffer","buffer","buffer","buffer","buffer","buffer","buffer","buffer","buffer","buffer",27632726
"buffer","buffer","buffer","buffer","buffer","buffer","buffer","buffer","buffer","buffer",27644757
"buffer","buffer","buffer","buffer","buffer","buffer","buffer","buffer","buffer","buffer",27657062
"buffer","buffer","buffer","buffer","buffer","buffer","buffer","buffer","buffer","buffer",27668945
"buffer","buffer","buffer","buffer","buffer","buffer","buffer","buffer","buffer","buffer",27681031
"buffer","buffer","buffer","buffer","buffer","buffer","buffer","buffer","buffer","buffer",27693155
"buffer","buffer","buffer","buffer","buffer","buffer","buffer","buffer","buffer","buffer",27705123
"buffer","buffer","buffer","buffer","buffer","buffer","buffer","buffer","buffer","buffer",27717113
"buffer","buffer","buffer","buffer","buffer","buffer","buffer","buffer","buffer","buffer",27729172
"buffer","buffer","buffer","buffer","buffer","buffer","buffer","buffer","buffer","buffer",27741260
"buffer","buffer","buffer","buffer","buffer","buffer","buffer","buffer","buffer","buffer",27753205
"buffer","buffer","buffer","buffer","buffer","buffer","buffer","buffer","buffer","buffer",27765402
"buffer","buffer","buffer","buffer","buffer","buffer","buffer","buffer","buffer","buffer",27777439
"buffer","buffer","buffer","buffer","buffer","buffer","buffer","buffer","buffer","buffer",27789571
"buffer","buffer","buffer","buffer","buffer","buffer","buffer","buffer","buffer","buffer",27801626
"buffer","buffer","buffer","buffer","buffer","buffer","buffer","buffer","buffer","buffer",27813453
"buffer","buffer","buffer","buffer","buffer","buffer","buffer","buffer","buffer","buffer",27825498
"buffer","buffer","buffer","buffer","buffer","buffer","buffer","buffer","buffer","buffer",27837605
"buffer","buffer","buffer","buffer","buffer","buffer","buffer","buffer","buffer","buffer",27849555
"buffer","buffer","buffer","buffer","buffer","buffer","buffer","buffer","buffer","buffer",27861831
"buffer","buffer","buffer","buffer","buffer","buffer","buffer","buffer","buffer","buffer",27873791
"buffer","buffer","buffer","buffer","buffer","buffer","buffer","buffer","buffer","buffer",27885638
"buffer","buffer","buffer","buffer","buffer","buffer","buffer","buffer","buffer","buffer",27897962
"buffer","buffer","buffer","buffer","buffer","buffer","buffer","buffer","buffer","buffer",27910044
"buffer","buffer","buffer","buffer","buffer","buffer","buffer","buffer","buffer","buffer",27921933
"buffer","buffer","buffer","buffer","buffer","buffer","buffer","buffer","buffer","buffer",27934111
"buffer","buffer","buffer","buffer","buffer","buffer","buffer","buffer","buffer","buffer",27946006
"buffer","buffer","buffer","buffer","buffer","buffer","buffer","buffer","buffer","buffer",27957955
"buffer","buffer","buffer","buffer","buffer","buffer","buffer","buffer","buffer","buffer",27970139
"buffer","buffer","buffer","buffer","buffer","buffer","buffer","buffer","buffer","buffer",27982154
"buffer","buffer","buffer","buffer","buffer","buffer","buffer","buffer","buffer","buffer",27994227
"buffer","buffer","buffer","buffer","buffer","buffer","buffer","buffer","buffer","buffer",28006302
"buffer","buffer","buffer","buffer","buffer","buffer","buffer","buffer","buffer","buffer",28018430
"buffer","buffer","buffer","buffer","buffer","buffer","buffer","buffer","buffer","buffer",28030286
"buffer","buffer","buffer","buffer","buffer","buffer","buffer","buffer","buffer","buffer",28042428
"buffer","buffer","buffer","buffer","buffer","buffer","buffer","buffer","buffer","buffer",28054423
"buffer","buffer","buffer","buffer","buffer","buffer","buffer","buffer","buffer","buffer",28066568
"buffer","buffer","buffer","buffer","buffer","buffer","buffer","buffer","buffer","buffer",28078677
"buffer","buffer","buffer","buffer","buffer","buffer","buffer","buffer","buffer","buffer",28090716
"buffer","buffer","buffer","buffer","buffer","buffer","buffer","buffer","buffer","buffer",28102725
"buffer","buffer","buffer","buffer","buffer","buffer","buffer","buffer","buffer","buffer",28114801
"buffer","buffer","buffer","buffer","buffer","buffer","buffer","buffer","buffer","buffer",28126820
"buffer","buffer","buffer","buffer","buffer","buffer","buffer","buffer","buffer","buffer",28139046
"buffer","buffer","buffer","buffer","buffer","buffer","buffer","buffer","buffer","buffer",28150860
"buffer","buffer","buffer","buffer","buffer","buffer","buffer","buffer","buffer","buffer",28162837
"buffer","buffer","buffer","buffer","buffer","buffer","buffer","buffer","buffer","buffer",28174892
"buffer","buffer","buffer","buffer","buffer","buffer","buffer","buffer","buffer","buffer",28187120
"buffer","buffer","buffer","buffer","buffer","buffer","buffer","buffer","buffer","buffer",28199024
"buffer","buffer","buffer","buffer","buffer","buffer","buffer","buffer","buffer","buffer",28211019
"buffer","buffer","buffer","buffer","buffer","buffer","buffer","buffer","buffer","buffer",28223256
"buffer","buffer","buffer","buffer","buffer","buffer","buffer","buffer","buffer","buffer",28235055
"buffer","buffer","buffer","buffer","buffer","buffer","buffer","buffer","buffer","buffer",28247299
"buffer","buffer","buffer","buffer","buffer","buffer","buffer","buffer","buffer","buffer",28259179
"buffer","buffer","buffer","buffer","buffer","buffer","buffer","buffer","buffer","buffer",28271348
"buffer","buffer","buffer","buffer","buffer","buffer","buffer","buffer","buffer","buffer",28283216
"buffer","buffer","buffer","buffer","buffer","buffer","buffer","buffer","buffer","buffer",28295549
"buffer","buffer","buffer","buffer","buffer","buffer","buffer","buffer","buffer","buffer",28307516
"buffer","buffer","buffer","buffer","buffer","buffer","buffer","buffer","buffer","buffer",28319307
"buffer","buffer","buffer","buffer","buffer","buffer","buffer","buffer","buffer","buffer",28331520
"buffer","buffer","buffer","buffer","buffer","buffer","buffer","buffer","buffer","buffer",28343553
"buffer","buffer","buffer","buffer","buffer","buffer","buffer","buffer","buffer","buffer",28355796
"buffer","buffer","buffer","buffer","buffer","buffer","buffer","buffer","buffer","buffer",28367662
"buffer","buffer","buffer","buffer","buffer","buffer","buffer","buffer","buffer","buffer",28379803
"buffer","buffer","buffer","buffer","buffer","buffer","buffer","buffer","buffer","buffer",28391654
"buffer","buffer","buffer","buffer","buffer","buffer","buffer","buffer","buffer","buffer",28403836
"buffer","buffer","buffer","buffer","buffer","buffer","buffer","buffer","buffer","buffer",28415726
"buffer","buffer","buffer","buffer","buffer","buffer","buffer","buffer","buffer","buffer",28428016
"buffer","buffer","buffer","buffer","buffer","buffer","buffer","buffer","buffer","buffer",28439990
"buffer","buffer","buffer","buffer","buffer","buffer","buffer","buffer","buffer","buffer",28451954
"buffer","buffer","buffer","buffer","buffer","buffer","buffer","buffer","buffer","buffer",28464010
"buffer","buffer","buffer","buffer","buffer","buffer","buffer","buffer","buffer","buffer",28475999
"buffer","buffer","buffer","buffer","buffer","buffer","buffer","buffer","buffer","buffer",28488159
"buffer","buffer","buffer","buffer","buffer","buffer","buffer","buffer","buffer","buffer",28500221
"buffer","buffer","buffer","buffer","buffer","buffer","buffer","buffer","buffer","buffer",28512131
"buffer","buffer","buffer","buffer","buffer","buffer","buffer","buffer","buffer","buffer",28524290
"buffer","buffer","buffer","buffer","buffer","buffer","buffer","buffer","buffer","buffer",28536413
"buffer","buffer","buffer","buffer","buffer","buffer","buffer","buffer","buffer","buffer",28548382
"buffer","buffer","buffer","buffer","buffer","buffer","buffer","buffer","buffer","buffer",28560410
"buffer","buffer","buffer","buffer","buffer","buffer","buffer","buffer","buffer","buffer",28572497
"buffer","buffer","buffer","buffer","buffer","buffer","buffer","buffer","buffer","buffer",28584505
"buffer","buffer","buffer","buffer","buffer","buffer","buffer","buffer","buffer","buffer",28596526
"buffer","buffer","buffer","buffer","buffer","buffer","buffer","buffer","buffer","buffer",28608574
"buffer","buffer","buffer","buffer","buffer","buffer","buffer","buffer","buffer","buffer",28620603
"buffer","buffer","buffer","buffer","buffer","buffer","buffer","buffer","buffer","buffer",28632624
"buffer","buffer","buffer","buffer","buffer","buffer","buffer","buffer","buffer","buffer",28644816
"buffer","buffer","buffer","buffer","buffer","buffer","buffer","buffer","buffer","buffer",28656808
"buffer","buffer","buffer","buffer","buffer","buffer","buffer","buffer","buffer","buffer",28668793
"buffer","buffer","buffer","buffer","buffer","buffer","buffer","buffer","buffer","buffer",28680866
"buffer","buffer","buffer","buffer","buffer","buffer","buffer","buffer","buffer","buffer",28692780
"buffer","buffer","buffer","buffer","buffer","buffer","buffer","buffer","buffer","buffer",28705024
"buffer","buffer","buffer","buffer","buffer","buffer","buffer","buffer","buffer","buffer",28716982
"buffer","buffer","buffer","buffer","buffer","buffer","buffer","buffer","buffer","buffer",28729183
"buffer","buffer","buffer","buffer","buffer","buffer","buffer","buffer","buffer","buffer",28741081
"buffer","buffer","buffer","buffer","buffer","buffer","buffer","buffer","buffer","buffer",28753261
"buffer","buffer","buffer","buffer","buffer","buffer","buffer","buffer","buffer","buffer",28764982
"buffer","buffer","buffer","buffer","buffer","buffer","buffer","buffer","buffer","buffer",28777196
"buffer","buffer","buffer","buffer","buffer","buffer","buffer","buffer","buffer","buffer",28789210
"buffer","buffer","buffer","buffer","buffer","buffer","buffer","buffer","buffer","buffer",28801344
"buffer","buffer","buffer","buffer","buffer","buffer","buffer","buffer","buffer","buffer",28813430
"buffer","buffer","buffer","buffer","buffer","buffer","buffer","buffer","buffer","buffer",28825457
"buffer","buffer","buffer","buffer","buffer","buffer","buffer","buffer","buffer","buffer",28837489
"buffer","buffer","buffer","buffer","buffer","buffer","buffer","buffer","buffer","buffer",28849580
"buffer","buffer","buffer","buffer","buffer","buffer","buffer","buffer","buffer","buffer",28861723
"buffer","buffer","buffer","buffer","buffer","buffer","buffer","buffer","buffer","buffer",28873602
"buffer","buffer","buffer","buffer","buffer","buffer","buffer","buffer","buffer","buffer",28885698
"buffer","buffer","buffer","buffer","buffer","buffer","buffer","buffer","buffer","buffer",28897546
"buffer","buffer","buffer","buffer","buffer","buffer","buffer","buffer","buffer","buffer",28909602
"buffer","buffer","buffer","buffer","buffer","buffer","buffer","buffer","buffer","buffer",28921822
"buffer","buffer","buffer","buffer","buffer","buffer","buffer","buffer","buffer","buffer",28933957
"buffer","buffer","buffer","buffer","buffer","buffer","buffer","buffer","buffer","buffer",28945956
"buffer","buffer","buffer","buffer","buffer","buffer","buffer","buffer","buffer","buffer",28958023
"buffer","buffer","buffer","buffer","buffer","buffer","buffer","buffer","buffer","buffer",28969941
"buffer","buffer","buffer","buffer","buffer","buffer","buffer","buffer","buffer","buffer",28981991
"buffer","buffer","buffer","buffer","buffer","buffer","buffer","buffer","buffer","buffer",28994101
"buffer","buffer","buffer","buffer","buffer","buffer","buffer","buffer","buffer","buffer",29006042
"buffer","buffer","buffer","buffer","buffer","buffer","buffer","buffer","buffer","buffer",29018237
"buffer","buffer","buffer","buffer","buffer","buffer","buffer","buffer","buffer","buffer",29030288
"buffer","buffer","buffer","buffer","buffer","buffer","buffer","buffer","buffer","buffer",29042311
"buffer","buffer","buffer","buffer","buffer","buffer","buffer","buffer","buffer","buffer",29054326
"buffer","buffer","buffer","buffer","buffer","buffer","buffer","buffer","buffer","buffer",29066114
"buffer","buffer","buffer","buffer","buffer","buffer","buffer","buffer","buffer","buffer",29078371
"buffer","buffer","buffer","buffer","buffer","buffer","buffer","buffer","buffer","buffer",29090421
"buffer","buffer","buffer","buffer","buffer","buffer","buffer","buffer","buffer","buffer",29102453
"buffer","buffer","buffer","buffer","buffer","buffer","buffer","buffer","buffer","buffer",29114369
"buffer","buffer","buffer","buffer","buffer","buffer","buffer","buffer","buffer","buffer",29126727
"buffer","buffer","buffer","buffer","buffer","buffer","buffer","buffer","buffer","buffer",29138580
"buffer","buffer","buffer","buffer","buffer","buffer","buffer","buffer","buffer","buffer",29150442
"buffer","buffer","buffer","buffer","buffer","buffer","buffer","buffer","buffer","buffer",29162713
"buffer","buffer","buffer","buffer","buffer","buffer","buffer","buffer","buffer","buffer",29174827
"buffer","buffer","buffer","buffer","buffer","buffer","buffer","buffer","buffer","buffer",29186875
"buffer","buffer","buffer","buffer","buffer","buffer","buffer","buffer","buffer","buffer",29198848
"buffer","buffer","buffer","buffer","buffer","buffer","buffer","buffer","buffer","buffer",29210811
"buffer","buffer","buffer","buffer","buffer","buffer","buffer","buffer","buffer","buffer",29222794
"buffer","buffer","buffer","buffer","buffer","buffer","buffer","buffer","buffer","buffer",29235131
"buffer","buffer","buffer","buffer","buffer","buffer","buffer","buffer","buffer","buffer",29247047
"buffer","buffer","buffer","buffer","buffer","buffer","buffer","buffer","buffer","buffer",29258965
"buffer","buffer","buffer","buffer","buffer","buffer","buffer","buffer","buffer","buffer",29270963
"buffer","buffer","buffer","buffer","buffer","buffer","buffer","buffer","buffer","buffer",29283251
"buffer","buffer","buffer","buffer","buffer","buffer","buffer","buffer","buffer","buffer",29295058
"buffer","buffer","buffer","buffer","buffer","buffer","buffer","buffer","buffer","buffer",29307152
"buffer","buffer","buffer","buffer","buffer","buffer","buffer","buffer","buffer","buffer",29319354
"buffer","buffer","buffer","buffer","buffer","buffer","buffer","buffer","buffer","buffer",29331344
"buffer","buffer","buffer","buffer","buffer","buffer","buffer","buffer","buffer","buffer",29343286
"buffer","buffer","buffer","buffer","buffer","buffer","buffer","buffer","buffer","buffer",29355467
"buffer","buffer","buffer","buffer","buffer","buffer","buffer","buffer","buffer","buffer",29367366
"buffer","buffer","buffer","buffer","buffer","buffer","buffer","buffer","buffer","buffer",29379439
"buffer","buffer","buffer","buffer","buffer","buffer","buffer","buffer","buffer","buffer",29391693
"buffer","buffer","buffer","buffer","buffer","buffer","buffer","buffer","buffer","buffer",29403531
"buffer","buffer","buffer","buffer","buffer","buffer","buffer","buffer","buffer","buffer",29415535
"buffer","buffer","buffer","buffer","buffer","buffer","buffer","buffer","buffer","buffer",29427799
"buffer","buffer","buffer","buffer","buffer","buffer","buffer","buffer","buffer","buffer",29439750
"buffer","buffer","buffer","buffer","buffer","buffer","buffer","buffer","buffer","buffer",29451860
"buffer","buffer","buffer","buffer","buffer","buffer","buffer","buffer","buffer","buffer",29464048
"buffer","buffer","buffer","buffer","buffer","buffer","buffer","buffer","buffer","buffer",29475963
"buffer","buffer","buffer","buffer","buffer","buffer","buffer","buffer","buffer","buffer",29487811
"buffer","buffer","buffer","buffer","buffer","buffer","buffer","buffer","buffer","buffer",29499912
"buffer","buffer","buffer","buffer","buffer","buffer","buffer","buffer","buffer","buffer",29512034
"buffer","buffer","buffer","buffer","buffer","buffer","buffer","buffer","buffer","buffer",29524024
"buffer","buffer","buffer","buffer","buffer","buffer","buffer","buffer","buffer","buffer",29535927
"buffer","buffer","buffer","buffer","buffer","buffer","buffer","buffer","buffer","buffer",29548034
"buffer","buffer","buffer","buffer","buffer","buffer","buffer","buffer","buffer","buffer",29560265
"buffer","buffer","buffer","buffer","buffer","buffer","buffer","buffer","buffer","buffer",29572239
"buffer","buffer","buffer","buffer","buffer","buffer","buffer","buffer","buffer","buffer",29584221
"buffer","buffer","buffer","buffer","buffer","buffer","buffer","buffer","buffer","buffer",29596497
"buffer","buffer","buffer","buffer","buffer","buffer","buffer","buffer","buffer","buffer",29608428
"buffer","buffer","buffer","buffer","buffer","buffer","buffer","buffer","buffer","buffer",29620541
"buffer","buffer","buffer","buffer","buffer","buffer","buffer","buffer","buffer","buffer",29632489
"buffer","buffer","buffer","buffer","buffer","buffer","buffer","buffer","buffer","buffer",29644435
"buffer","buffer","buffer","buffer","buffer","buffer","buffer","buffer","buffer","buffer",29656528
"buffer","buffer","buffer","buffer","buffer","buffer","buffer","buffer","buffer","buffer",29668496
"buffer","buffer","buffer","buffer","buffer","buffer","buffer","buffer","buffer","buffer",29680502
"buffer","buffer","buffer","buffer","buffer","buffer","buffer","buffer","buffer","buffer",29692646
"buffer","buffer","buffer","buffer","buffer","buffer","buffer","buffer","buffer","buffer",29704760
"buffer","buffer","buffer","buffer","buffer","buffer","buffer","buffer","buffer","buffer",29716769
"buffer","buffer","buffer","buffer","buffer","buffer","buffer","buffer","buffer","buffer",29728706
"buffer","buffer","buffer","buffer","buffer","buffer","buffer","buffer","buffer","buffer",29740762
"buffer","buffer","buffer","buffer","buffer","buffer","buffer","buffer","buffer","buffer",29753138
"buffer","buffer","buffer","buffer","buffer","buffer","buffer","buffer","buffer","buffer",29764921
"buffer","buffer","buffer","buffer","buffer","buffer","buffer","buffer","buffer","buffer",29776963
"buffer","buffer","buffer","buffer","buffer","buffer","buffer","buffer","buffer","buffer",29789053
"buffer","buffer","buffer","buffer","buffer","buffer","buffer","buffer","buffer","buffer",29801006
"buffer","buffer","buffer","buffer","buffer","buffer","buffer","buffer","buffer","buffer",29813176
"buffer","buffer","buffer","buffer","buffer","buffer","buffer","buffer","buffer","buffer",29825351
"buffer","buffer","buffer","buffer","buffer","buffer","buffer","buffer","buffer","buffer",29837292
"buffer","buffer","buffer","buffer","buffer","buffer","buffer","buffer","buffer","buffer",29849033
"buffer","buffer","buffer","buffer","buffer","buffer","buffer","buffer","buffer","buffer",29861369
"buffer","buffer","buffer","buffer","buffer","buffer","buffer","buffer","buffer","buffer",29873290
"buffer","buffer","buffer","buffer","buffer","buffer","buffer","buffer","buffer","buffer",29885469
"buffer","buffer","buffer","buffer","buffer","buffer","buffer","buffer","buffer","buffer",29897516
"buffer","buffer","buffer","buffer","buffer","buffer","buffer","buffer","buffer","buffer",29909688
"buffer","buffer","buffer","buffer","buffer","buffer","buffer","buffer","buffer","buffer",29921528
"buffer","buffer","buffer","buffer","buffer","buffer","buffer","buffer","buffer","buffer",29933721
"buffer","buffer","buffer","buffer","buffer","buffer","buffer","buffer","buffer","buffer",29945645
"buffer","buffer","buffer","buffer","buffer","buffer","buffer","buffer","buffer","buffer",29957655
"buffer","buffer","buffer","buffer","buffer","buffer","buffer","buffer","buffer","buffer",29969780
"buffer","buffer","buffer","buffer","buffer","buffer","buffer","buffer","buffer","buffer",29981675
"buffer","buffer","buffer","buffer","buffer","buffer","buffer","buffer","buffer","buffer",29993968
"buffer","buffer","buffer","buffer","buffer","buffer","buffer","buffer","buffer","buffer",30006102
"buffer","buffer","buffer","buffer","buffer","buffer","buffer","buffer","buffer","buffer",30018047
"buffer","buffer","buffer","buffer","buffer","buffer","buffer","buffer","buffer","buffer",30030176
"buffer","buffer","buffer","buffer","buffer","buffer","buffer","buffer","buffer","buffer",30042191
"buffer","buffer","buffer","buffer","buffer","buffer","buffer","buffer","buffer","buffer",30054144
"buffer","buffer","buffer","buffer","buffer","buffer","buffer","buffer","buffer","buffer",30066260
"buffer","buffer","buffer","buffer","buffer","buffer","buffer","buffer","buffer","buffer",30078064
"buffer","buffer","buffer","buffer","buffer","buffer","buffer","buffer","buffer","buffer",30090234
"buffer","buffer","buffer","buffer","buffer","buffer","buffer","buffer","buffer","buffer",30102261
"buffer","buffer","buffer","buffer","buffer","buffer","buffer","buffer","buffer","buffer",30114238
"buffer","buffer","buffer","buffer","buffer","buffer","buffer","buffer","buffer","buffer",30126205
"buffer","buffer","buffer","buffer","buffer","buffer","buffer","buffer","buffer","buffer",30138352
"buffer","buffer","buffer","buffer","buffer","buffer","buffer","buffer","buffer","buffer",30150436
"buffer","buffer","buffer","buffer","buffer","buffer","buffer","buffer","buffer","buffer",30162674
"buffer","buffer","buffer","buffer","buffer","buffer","buffer","buffer","buffer","buffer",30174470
"buffer","buffer","buffer","buffer","buffer","buffer","buffer","buffer","buffer","buffer",30186668
"buffer","buffer","buffer","buffer","buffer","buffer","buffer","buffer","buffer","buffer",30198581
"buffer","buffer","buffer","buffer","buffer","buffer","buffer","buffer","buffer","buffer",30210635
"buffer","buffer","buffer","buffer","buffer","buffer","buffer","buffer","buffer","buffer",30222688
"buffer","buffer","buffer","buffer","buffer","buffer","buffer","buffer","buffer","buffer",30234725
"buffer","buffer","buffer","buffer","buffer","buffer","buffer","buffer","buffer","buffer",30246943
"buffer","buffer","buffer","buffer","buffer","buffer","buffer","buffer","buffer","buffer",30258828
"buffer","buffer","buffer","buffer","buffer","buffer","buffer","buffer","buffer","buffer",30270925
"buffer","buffer","buffer","buffer","buffer","buffer","buffer","buffer","buffer","buffer",30282766
"buffer","buffer","buffer","buffer","buffer","buffer","buffer","buffer","buffer","buffer",30295134
"buffer","buffer","buffer","buffer","buffer","buffer","buffer","buffer","buffer","buffer",30307029
"buffer","buffer","buffer","buffer","buffer","buffer","buffer","buffer","buffer","buffer",30319135
"buffer","buffer","buffer","buffer","buffer","buffer","buffer","buffer","buffer","buffer",30331276
"buffer","buffer","buffer","buffer","buffer","buffer","buffer","buffer","buffer","buffer",30343238
"buffer","buffer","buffer","buffer","buffer","buffer","buffer","buffer","buffer","buffer",30355094
"buffer","buffer","buffer","buffer","buffer","buffer","buffer","buffer","buffer","buffer",30367429
"buffer","buffer","buffer","buffer","buffer","buffer","buffer","buffer","buffer","buffer",30379228
"buffer","buffer","buffer","buffer","buffer","buffer","buffer","buffer","buffer","buffer",30391419
"buffer","buffer","buffer","buffer","buffer","buffer","buffer","buffer","buffer","buffer",30403410
"buffer","buffer","buffer","buffer","buffer","buffer","buffer","buffer","buffer","buffer",30415460
"buffer","buffer","buffer","buffer","buffer","buffer","buffer","buffer","buffer","buffer",30427538
"buffer","buffer","buffer","buffer","buffer","buffer","buffer","buffer","buffer","buffer",30439523
"buffer","buffer","buffer","buffer","buffer","buffer","buffer","buffer","buffer","buffer",30451496
"buffer","buffer","buffer","buffer","buffer","buffer","buffer","buffer","buffer","buffer",30463589
"buffer","buffer","buffer","buffer","buffer","buffer","buffer","buffer","buffer","buffer",30475396
"buffer","buffer","buffer","buffer","buffer","buffer","buffer","buffer","buffer","buffer",30487757
"buffer","buffer","buffer","buffer","buffer","buffer","buffer","buffer","buffer","buffer",30499832
"buffer","buffer","buffer","buffer","buffer","buffer","buffer","buffer","buffer","buffer",30511810
"buffer","buffer","buffer","buffer","buffer","buffer","buffer","buffer","buffer","buffer",30523803
"buffer","buffer","buffer","buffer","buffer","buffer","buffer","buffer","buffer","buffer",30535924
"buffer","buffer","buffer","buffer","buffer","buffer","buffer","buffer","buffer","buffer",30547967
"buffer","buffer","buffer","buffer","buffer","buffer","buffer","buffer","buffer","buffer",30560165
"buffer","buffer","buffer","buffer","buffer","buffer","buffer","buffer","buffer","buffer",30572193
"buffer","buffer","buffer","buffer","buffer","buffer","buffer","buffer","buffer","buffer",30584139
"buffer","buffer","buffer","buffer","buffer","buffer","buffer","buffer","buffer","buffer",30595965
"buffer","buffer","buffer","buffer","buffer","buffer","buffer","buffer","buffer","buffer",30608141
"buffer","buffer","buffer","buffer","buffer","buffer","buffer","buffer","buffer","buffer",30620330
"buffer","buffer","buffer","buffer","buffer","buffer","buffer","buffer","buffer","buffer",30632430
"buffer","buffer","buffer","buffer","buffer","buffer","buffer","buffer","buffer","buffer",30644321
"buffer","buffer","buffer","buffer","buffer","buffer","buffer","buffer","buffer","buffer",30656167
"buffer","buffer","buffer","buffer","buffer","buffer","buffer","buffer","buffer","buffer",30668587
"buffer","buffer","buffer","buffer","buffer","buffer","buffer","buffer","buffer","buffer",30680562
"buffer","buffer","buffer","buffer","buffer","buffer","buffer","buffer","buffer","buffer",30692579
"buffer","buffer","buffer","buffer","buffer","buffer","buffer","buffer","buffer","buffer",30704638
"buffer","buffer","buffer","buffer","buffer","buffer","buffer","buffer","buffer","buffer",30716534
"buffer","buffer","buffer","buffer","buffer","buffer","buffer","buffer","buffer","buffer",30728598
"buffer","buffer","buffer","buffer","buffer","buffer","buffer","buffer","buffer","buffer",30740668
"buffer","buffer","buffer","buffer","buffer","buffer","buffer","buffer","buffer","buffer",30752708
"buffer","buffer","buffer","buffer","buffer","buffer","buffer","buffer","buffer","buffer",30764596
"buffer","buffer","buffer","buffer","buffer","buffer","buffer","buffer","buffer","buffer",30776838
"buffer","buffer","buffer","buffer","buffer","buffer","buffer","buffer","buffer","buffer",30788765
"buffer","buffer","buffer","buffer","buffer","buffer","buffer","buffer","buffer","buffer",30800966
"buffer","buffer","buffer","buffer","buffer","buffer","buffer","buffer","buffer","buffer",30813089
"buffer","buffer","buffer","buffer","buffer","buffer","buffer","buffer","buffer","buffer",30824811
"buffer","buffer","buffer","buffer","buffer","buffer","buffer","buffer","buffer","buffer",30837060
"buffer","buffer","buffer","buffer","buffer","buffer","buffer","buffer","buffer","buffer",30849037
"buffer","buffer","buffer","buffer","buffer","buffer","buffer","buffer","buffer","buffer",30861056
"buffer","buffer","buffer","buffer","buffer","buffer","buffer","buffer","buffer","buffer",30873290
"buffer","buffer","buffer","buffer","buffer","buffer","buffer","buffer","buffer","buffer",30885255
"buffer","buffer","buffer","buffer","buffer","buffer","buffer","buffer","buffer","buffer",30897272
"buffer","buffer","buffer","buffer","buffer","buffer","buffer","buffer","buffer","buffer",30909168
"buffer","buffer","buffer","buffer","buffer","buffer","buffer","buffer","buffer","buffer",30921218
"buffer","buffer","buffer","buffer","buffer","buffer","buffer","buffer","buffer","buffer",30933445
"buffer","buffer","buffer","buffer","buffer","buffer","buffer","buffer","buffer","buffer",30945428
"buffer","buffer","buffer","buffer","buffer","buffer","buffer","buffer","buffer","buffer",30957460
"buffer","buffer","buffer","buffer","buffer","buffer","buffer","buffer","buffer","buffer",30969589
"buffer","buffer","buffer","buffer","buffer","buffer","buffer","buffer","buffer","buffer",30981658
"buffer","buffer","buffer","buffer","buffer","buffer","buffer","buffer","buffer","buffer",30993645
"buffer","buffer","buffer","buffer","buffer","buffer","buffer","buffer","buffer","buffer",31005941
"buffer","buffer","buffer","buffer","buffer","buffer","buffer","buffer","buffer","buffer",31017519
"buffer","buffer","buffer","buffer","buffer","buffer","buffer","buffer","buffer","buffer",31029836
"buffer","buffer","buffer","buffer","buffer","buffer","buffer","buffer","buffer","buffer",31041930
"buffer","buffer","buffer","buffer","buffer","buffer","buffer","buffer","buffer","buffer",31053771
"buffer","buffer","buffer","buffer","buffer","buffer","buffer","buffer","buffer","buffer",31065861
"buffer","buffer","buffer","buffer","buffer","buffer","buffer","buffer","buffer","buffer",31077751
"buffer","buffer","buffer","buffer","buffer","buffer","buffer","buffer","buffer","buffer",31090015
"buffer","buffer","buffer","buffer","buffer","buffer","buffer","buffer","buffer","buffer",31102126
"buffer","buffer","buffer","buffer","buffer","buffer","buffer","buffer","buffer","buffer",31114103
"buffer","buffer","buffer","buffer","buffer","buffer","buffer","buffer","buffer","buffer",31126021
"buffer","buffer","buffer","buffer","buffer","buffer","buffer","buffer","buffer","buffer",31138333
"buffer","buffer","buffer","buffer","buffer","buffer","buffer","buffer","buffer","buffer",31150224
"buffer","buffer","buffer","buffer","buffer","buffer","buffer","buffer","buffer","buffer",31162165
"buffer","buffer","buffer","buffer","buffer","buffer","buffer","buffer","buffer","buffer",31174394
"buffer","buffer","buffer","buffer","buffer","buffer","buffer","buffer","buffer","buffer",31186327
"buffer","buffer","buffer","buffer","buffer","buffer","buffer","buffer","buffer","buffer",31198530
"buffer","buffer","buffer","buffer","buffer","buffer","buffer","buffer","buffer","buffer",31210607
"buffer","buffer","buffer","buffer","buffer","buffer","buffer","buffer","buffer","buffer",31222503
"buffer","buffer","buffer","buffer","buffer","buffer","buffer","buffer","buffer","buffer",31234637
"buffer","buffer","buffer","buffer","buffer","buffer","buffer","buffer","buffer","buffer",31246580
"buffer","buffer","buffer","buffer","buffer","buffer","buffer","buffer","buffer","buffer",31258498
"buffer","buffer","buffer","buffer","buffer","buffer","buffer","buffer","buffer","buffer",31270597
"buffer","buffer","buffer","buffer","buffer","buffer","buffer","buffer","buffer","buffer",31282638
"buffer","buffer","buffer","buffer","buffer","buffer","buffer","buffer","buffer","buffer",31294664
"buffer","buffer","buffer","buffer","buffer","buffer","buffer","buffer","buffer","buffer",31306676
"buffer","buffer","buffer","buffer","buffer","buffer","buffer","buffer","buffer","buffer",31318867
"buffer","buffer","buffer","buffer","buffer","buffer","buffer","buffer","buffer","buffer",31331024
"buffer","buffer","buffer","buffer","buffer","buffer","buffer","buffer","buffer","buffer",31342991
"buffer","buffer","buffer","buffer","buffer","buffer","buffer","buffer","buffer","buffer",31355040
"buffer","buffer","buffer","buffer","buffer","buffer","buffer","buffer","buffer","buffer",31367159
"buffer","buffer","buffer","buffer","buffer","buffer","buffer","buffer","buffer","buffer",31379115
"buffer","buffer","buffer","buffer","buffer","buffer","buffer","buffer","buffer","buffer",31391451
"buffer","buffer","buffer","buffer","buffer","buffer","buffer","buffer","buffer","buffer",31403151
"buffer","buffer","buffer","buffer","buffer","buffer","buffer","buffer","buffer","buffer",31415211
"buffer","buffer","buffer","buffer","buffer","buffer","buffer","buffer","buffer","buffer",31427424
"buffer","buffer","buffer","buffer","buffer","buffer","buffer","buffer","buffer","buffer",31439204
"buffer","buffer","buffer","buffer","buffer","buffer","buffer","buffer","buffer","buffer",31451481
"buffer","buffer","buffer","buffer","buffer","buffer","buffer","buffer","buffer","buffer",31463326
"buffer","buffer","buffer","buffer","buffer","buffer","buffer","buffer","buffer","buffer",31475484
"buffer","buffer","buffer","buffer","buffer","buffer","buffer","buffer","buffer","buffer",31487647
"buffer","buffer","buffer","buffer","buffer","buffer","buffer","buffer","buffer","buffer",31499645
"buffer","buffer","buffer","buffer","buffer","buffer","buffer","buffer","buffer","buffer",31511522
"buffer","buffer","buffer","buffer","buffer","buffer","buffer","buffer","buffer","buffer",31523597
"buffer","buffer","buffer","buffer","buffer","buffer","buffer","buffer","buffer","buffer",31535523
"buffer","buffer","buffer","buffer","buffer","buffer","buffer","buffer","buffer","buffer",31547654
"buffer","buffer","buffer","buffer","buffer","buffer","buffer","buffer","buffer","buffer",31559627
"buffer","buffer","buffer","buffer","buffer","buffer","buffer","buffer","buffer","buffer",31571876
"buffer","buffer","buffer","buffer","buffer","buffer","buffer","buffer","buffer","buffer",31583991
"buffer","buffer","buffer","buffer","buffer","buffer","buffer","buffer","buffer","buffer",31596056
"buffer","buffer","buffer","buffer","buffer","buffer","buffer","buffer","buffer","buffer",31607993
"buffer","buffer","buffer","buffer","buffer","buffer","buffer","buffer","buffer","buffer",31619988
"buffer","buffer","buffer","buffer","buffer","buffer","buffer","buffer","buffer","buffer",31632115
"buffer","buffer","buffer","buffer","buffer","buffer","buffer","buffer","buffer","buffer",31644304
"buffer","buffer","buffer","buffer","buffer","buffer","buffer","buffer","buffer","buffer",31656199
"buffer","buffer","buffer","buffer","buffer","buffer","buffer","buffer","buffer","buffer",31668197
"buffer","buffer","buffer","buffer","buffer","buffer","buffer","buffer","buffer","buffer",31680053
"buffer","buffer","buffer","buffer","buffer","buffer","buffer","buffer","buffer","buffer",31692288
"buffer","buffer","buffer","buffer","buffer","buffer","buffer","buffer","buffer","buffer",31704427
"buffer","buffer","buffer","buffer","buffer","buffer","buffer","buffer","buffer","buffer",31716465
"buffer","buffer","buffer","buffer","buffer","buffer","buffer","buffer","buffer","buffer",31728574
"buffer","buffer","buffer","buffer","buffer","buffer","buffer","buffer","buffer","buffer",31740298
"buffer","buffer","buffer","buffer","buffer","buffer","buffer","buffer","buffer","buffer",31752635
"buffer","buffer","buffer","buffer","buffer","buffer","buffer","buffer","buffer","buffer",31764582
"buffer","buffer","buffer","buffer","buffer","buffer","buffer","buffer","buffer","buffer",31776635
"buffer","buffer","buffer","buffer","buffer","buffer","buffer","buffer","buffer","buffer",31788790
"buffer","buffer","buffer","buffer","buffer","buffer","buffer","buffer","buffer","buffer",31800712
"buffer","buffer","buffer","buffer","buffer","buffer","buffer","buffer","buffer","buffer",31812678
"buffer","buffer","buffer","buffer","buffer","buffer","buffer","buffer","buffer","buffer",31824780
"buffer","buffer","buffer","buffer","buffer","buffer","buffer","buffer","buffer","buffer",31836983
"buffer","buffer","buffer","buffer","buffer","buffer","buffer","buffer","buffer","buffer",31849092
"buffer","buffer","buffer","buffer","buffer","buffer","buffer","buffer","buffer","buffer",31861012
"buffer","buffer","buffer","buffer","buffer","buffer","buffer","buffer","buffer","buffer",31873061
"buffer","buffer","buffer","buffer","buffer","buffer","buffer","buffer","buffer","buffer",31884858
"buffer","buffer","buffer","buffer","buffer","buffer","buffer","buffer","buffer","buffer",31897160
"buffer","buffer","buffer","buffer","buffer","buffer","buffer","buffer","buffer","buffer",31909237
"buffer","buffer","buffer","buffer","buffer","buffer","buffer","buffer","buffer","buffer",31921316
"buffer","buffer","buffer","buffer","buffer","buffer","buffer","buffer","buffer","buffer",31933185
"buffer","buffer","buffer","buffer","buffer","buffer","buffer","buffer","buffer","buffer",31945289
"buffer","buffer","buffer","buffer","buffer","buffer","buffer","buffer","buffer","buffer",31957555
"buffer","buffer","buffer","buffer","buffer","buffer","buffer","buffer","buffer","buffer",31969370
"buffer","buffer","buffer","buffer","buffer","buffer","buffer","buffer","buffer","buffer",31981349
"buffer","buffer","buffer","buffer","buffer","buffer","buffer","buffer","buffer","buffer",31993440
"buffer","buffer","buffer","buffer","buffer","buffer","buffer","buffer","buffer","buffer",32005408
"buffer","buffer","buffer","buffer","buffer","buffer","buffer","buffer","buffer","buffer",32017552
"buffer","buffer","buffer","buffer","buffer","buffer","buffer","buffer","buffer","buffer",32029638
"buffer","buffer","buffer","buffer","buffer","buffer","buffer","buffer","buffer","buffer",32041680
"buffer","buffer","buffer","buffer","buffer","buffer","buffer","buffer","buffer","buffer",32053533
"buffer","buffer","buffer","buffer","buffer","buffer","buffer","buffer","buffer","buffer",32065690
"buffer","buffer","buffer","buffer","buffer","buffer","buffer","buffer","buffer","buffer",32077639
"buffer","buffer","buffer","buffer","buffer","buffer","buffer","buffer","buffer","buffer",32089899
"buffer","buffer","buffer","buffer","buffer","buffer","buffer","buffer","buffer","buffer",32102009
"buffer","buffer","buffer","buffer","buffer","buffer","buffer","buffer","buffer","buffer",32113738
"buffer","buffer","buffer","buffer","buffer","buffer","buffer","buffer","buffer","buffer",32126059
"buffer","buffer","buffer","buffer","buffer","buffer","buffer","buffer","buffer","buffer",32138062
"buffer","buffer","buffer","buffer","buffer","buffer","buffer","buffer","buffer","buffer",32150157
"buffer","buffer","buffer","buffer","buffer","buffer","buffer","buffer","buffer","buffer",32162079
"buffer","buffer","buffer","buffer","buffer","buffer","buffer","buffer","buffer","buffer",32174282
"buffer","buffer","buffer","buffer","buffer","buffer","buffer","buffer","buffer","buffer",32186147
"buffer","buffer","buffer","buffer","buffer","buffer","buffer","buffer","buffer","buffer",32198201
"buffer","buffer","buffer","buffer","buffer","buffer","buffer","buffer","buffer","buffer",32210481
"buffer","buffer","buffer","buffer","buffer","buffer","buffer","buffer","buffer","buffer",32222241
"buffer","buffer","buffer","buffer","buffer","buffer","buffer","buffer","buffer","buffer",32234305
"buffer","buffer","buffer","buffer","buffer","buffer","buffer","buffer","buffer","buffer",32246417
"buffer","buffer","buffer","buffer","buffer","buffer","buffer","buffer","buffer","buffer",32258291
"buffer","buffer","buffer","buffer","buffer","buffer","buffer","buffer","buffer","buffer",32270496
"buffer","buffer","buffer","buffer","buffer","buffer","buffer","buffer","buffer","buffer",32282380
"buffer","buffer","buffer","buffer","buffer","buffer","buffer","buffer","buffer","buffer",32294469
"buffer","buffer","buffer","buffer","buffer","buffer","buffer","buffer","buffer","buffer",32306471
"buffer","buffer","buffer","buffer","buffer","buffer","buffer","buffer","buffer","buffer",32318615
"buffer","buffer","buffer","buffer","buffer","buffer","buffer","buffer","buffer","buffer",32330695
"buffer","buffer","buffer","buffer","buffer","buffer","buffer","buffer","buffer","buffer",32342597
"buffer","buffer","buffer","buffer","buffer","buffer","buffer","buffer","buffer","buffer",32354796
"buffer","buffer","buffer","buffer","buffer","buffer","buffer","buffer","buffer","buffer",32366856
"buffer","buffer","buffer","buffer","buffer","buffer","buffer","buffer","buffer","buffer",32378748
"buffer","buffer","buffer","buffer","buffer","buffer","buffer","buffer","buffer","buffer",32390998
"buffer","buffer","buffer","buffer","buffer","buffer","buffer","buffer","buffer","buffer",32403221
"buffer","buffer","buffer","buffer","buffer","buffer","buffer","buffer","buffer","buffer",32414943
"buffer","buffer","buffer","buffer","buffer","buffer","buffer","buffer","buffer","buffer",32427189
"buffer","buffer","buffer","buffer","buffer","buffer","buffer","buffer","buffer","buffer",32439141
"buffer","buffer","buffer","buffer","buffer","buffer","buffer","buffer","buffer","buffer",32451173
"buffer","buffer","buffer","buffer","buffer","buffer","buffer","buffer","buffer","buffer",32463150
"buffer","buffer","buffer","buffer","buffer","buffer","buffer","buffer","buffer","buffer",32475145
"buffer","buffer","buffer","buffer","buffer","buffer","buffer","buffer","buffer","buffer",32487228
"buffer","buffer","buffer","buffer","buffer","buffer","buffer","buffer","buffer","buffer",32499316
"buffer","buffer","buffer","buffer","buffer","buffer","buffer","buffer","buffer","buffer",32511421
"buffer","buffer","buffer","buffer","buffer","buffer","buffer","buffer","buffer","buffer",32523288
"buffer","buffer","buffer","buffer","buffer","buffer","buffer","buffer","buffer","buffer",32535561
"buffer","buffer","buffer","buffer","buffer","buffer","buffer","buffer","buffer","buffer",32547434
"buffer","buffer","buffer","buffer","buffer","buffer","buffer","buffer","buffer","buffer",32559611
"buffer","buffer","buffer","buffer","buffer","buffer","buffer","buffer","buffer","buffer",32571724
"buffer","buffer","buffer","buffer","buffer","buffer","buffer","buffer","buffer","buffer",32583764
"buffer","buffer","buffer","buffer","buffer","buffer","buffer","buffer","buffer","buffer",32595528
"buffer","buffer","buffer","buffer","buffer","buffer","buffer","buffer","buffer","buffer",32607726
"buffer","buffer","buffer","buffer","buffer","buffer","buffer","buffer","buffer","buffer",32619624
"buffer","buffer","buffer","buffer","buffer","buffer","buffer","buffer","buffer","buffer",32631903
"buffer","buffer","buffer","buffer","buffer","buffer","buffer","buffer","buffer","buffer",32644114
"buffer","buffer","buffer","buffer","buffer","buffer","buffer","buffer","buffer","buffer",32656035
"buffer","buffer","buffer","buffer","buffer","buffer","buffer","buffer","buffer","buffer",32668001
"buffer","buffer","buffer","buffer","buffer","buffer","buffer","buffer","buffer","buffer",32680055
"buffer","buffer","buffer","buffer","buffer","buffer","buffer","buffer","buffer","buffer",32692109
"buffer","buffer","buffer","buffer","buffer","buffer","buffer","buffer","buffer","buffer",32704073
"buffer","buffer","buffer","buffer","buffer","buffer","buffer","buffer","buffer","buffer",32716111
"buffer","buffer","buffer","buffer","buffer","buffer","buffer","buffer","buffer","buffer",32728232
"buffer","buffer","buffer","buffer","buffer","buffer","buffer","buffer","buffer","buffer",32740370
"buffer","buffer","buffer","buffer","buffer","buffer","buffer","buffer","buffer","buffer",32752252
"buffer","buffer","buffer","buffer","buffer","buffer","buffer","buffer","buffer","buffer",32764390
"buffer","buffer","buffer","buffer","buffer","buffer","buffer","buffer","buffer","buffer",32776356
"buffer","buffer","buffer","buffer","buffer","buffer","buffer","buffer","buffer","buffer",32788520
"buffer","buffer","buffer","buffer","buffer","buffer","buffer","buffer","buffer","buffer",32800459
"buffer","buffer","buffer","buffer","buffer","buffer","buffer","buffer","buffer","buffer",32812793
"buffer","buffer","buffer","buffer","buffer","buffer","buffer","buffer","buffer","buffer",32824496
"buffer","buffer","buffer","buffer","buffer","buffer","buffer","buffer","buffer","buffer",32836627
"buffer","buffer","buffer","buffer","buffer","buffer","buffer","buffer","buffer","buffer",32848640
"buffer","buffer","buffer","buffer","buffer","buffer","buffer","buffer","buffer","buffer",32860659
"buffer","buffer","buffer","buffer","buffer","buffer","buffer","buffer","buffer","buffer",32872976
"buffer","buffer","buffer","buffer","buffer","buffer","buffer","buffer","buffer","buffer",32884852
"buffer","buffer","buffer","buffer","buffer","buffer","buffer","buffer","buffer","buffer",32896688
"buffer","buffer","buffer","buffer","buffer","buffer","buffer","buffer","buffer","buffer",32908964
"buffer","buffer","buffer","buffer","buffer","buffer","buffer","buffer","buffer","buffer",32920997
"buffer","buffer","buffer","buffer","buffer","buffer","buffer","buffer","buffer","buffer",32932882
"buffer","buffer","buffer","buffer","buffer","buffer","buffer","buffer","buffer","buffer",32944989
"buffer","buffer","buffer","buffer","buffer","buffer","buffer","buffer","buffer","buffer",32957085
"buffer","buffer","buffer","buffer","buffer","buffer","buffer","buffer","buffer","buffer",32969279
"buffer","buffer","buffer","buffer","buffer","buffer","buffer","buffer","buffer","buffer",32981265
"buffer","buffer","buffer","buffer","buffer","buffer","buffer","buffer","buffer","buffer",32993226
"buffer","buffer","buffer","buffer","buffer","buffer","buffer","buffer","buffer","buffer",33005094
"buffer","buffer","buffer","buffer","buffer","buffer","buffer","buffer","buffer","buffer",33017295
"buffer","buffer","buffer","buffer","buffer","buffer","buffer","buffer","buffer","buffer",33029407
"buffer","buffer","buffer","buffer","buffer","buffer","buffer","buffer","buffer","buffer",33041578
"buffer","buffer","buffer","buffer","buffer","buffer","buffer","buffer","buffer","buffer",33053526
"buffer","buffer","buffer","buffer","buffer","buffer","buffer","buffer","buffer","buffer",33065461
"buffer","buffer","buffer","buffer","buffer","buffer","buffer","buffer","buffer","buffer",33077415
"buffer","buffer","buffer","buffer","buffer","buffer","buffer","buffer","buffer","buffer",33089702
"buffer","buffer","buffer","buffer","buffer","buffer","buffer","buffer","buffer","buffer",33101629
"buffer","buffer","buffer","buffer","buffer","buffer","buffer","buffer","buffer","buffer",33113757
"buffer","buffer","buffer","buffer","buffer","buffer","buffer","buffer","buffer","buffer",33125713
"buffer","buffer","buffer","buffer","buffer","buffer","buffer","buffer","buffer","buffer",33137887
"buffer","buffer","buffer","buffer","buffer","buffer","buffer","buffer","buffer","buffer",33149850
"buffer","buffer","buffer","buffer","buffer","buffer","buffer","buffer","buffer","buffer",33161638
"buffer","buffer","buffer","buffer","buffer","buffer","buffer","buffer","buffer","buffer",33173967
"buffer","buffer","buffer","buffer","buffer","buffer","buffer","buffer","buffer","buffer",33185932
"buffer","buffer","buffer","buffer","buffer","buffer","buffer","buffer","buffer","buffer",33197855
"buffer","buffer","buffer","buffer","buffer","buffer","buffer","buffer","buffer","buffer",33210202
"buffer","buffer","buffer","buffer","buffer","buffer","buffer","buffer","buffer","buffer",33222285
"buffer","buffer","buffer","buffer","buffer","buffer","buffer","buffer","buffer","buffer",33234217
"buffer","buffer","buffer","buffer","buffer","buffer","buffer","buffer","buffer","buffer",33246169
"buffer","buffer","buffer","buffer","buffer","buffer","buffer","buffer","buffer","buffer",33258252
"buffer","buffer","buffer","buffer","buffer","buffer","buffer","buffer","buffer","buffer",33270376
"buffer","buffer","buffer","buffer","buffer","buffer","buffer","buffer","buffer","buffer",33282240
"buffer","buffer","buffer","buffer","buffer","buffer","buffer","buffer","buffer","buffer",33294268
"buffer","buffer","buffer","buffer","buffer","buffer","buffer","buffer","buffer","buffer",33306394
"buffer","buffer","buffer","buffer","buffer","buffer","buffer","buffer","buffer","buffer",33318445
"buffer","buffer","buffer","buffer","buffer","buffer","buffer","buffer","buffer","buffer",33330407
"buffer","buffer","buffer","buffer","buffer","buffer","buffer","buffer","buffer","buffer",33342462
"buffer","buffer","buffer","buffer","buffer","buffer","buffer","buffer","buffer","buffer",33354490
"buffer","buffer","buffer","buffer","buffer","buffer","buffer","buffer","buffer","buffer",33366748
"buffer","buffer","buffer","buffer","buffer","buffer","buffer","buffer","buffer","buffer",33378877
"buffer","buffer","buffer","buffer","buffer","buffer","buffer","buffer","buffer","buffer",33390765
"buffer","buffer","buffer","buffer","buffer","buffer","buffer","buffer","buffer","buffer",33402888
"buffer","buffer","buffer","buffer","buffer","buffer","buffer","buffer","buffer","buffer",33414988
"buffer","buffer","buffer","buffer","buffer","buffer","buffer","buffer","buffer","buffer",33426934
"buffer","buffer","buffer","buffer","buffer","buffer","buffer","buffer","buffer","buffer",33438900
"buffer","buffer","buffer","buffer","buffer","buffer","buffer","buffer","buffer","buffer",33450986
"buffer","buffer","buffer","buffer","buffer","buffer","buffer","buffer","buffer","buffer",33463165
"buffer","buffer","buffer","buffer","buffer","buffer","buffer","buffer","buffer","buffer",33475076
"buffer","buffer","buffer","buffer","buffer","buffer","buffer","buffer","buffer","buffer",33487189
"buffer","buffer","buffer","buffer","buffer","buffer","buffer","buffer","buffer","buffer",33499118
"buffer","buffer","buffer","buffer","buffer","buffer","buffer","buffer","buffer","buffer",33511329
"buffer","buffer","buffer","buffer","buffer","buffer","buffer","buffer","buffer","buffer",33523181
"buffer","buffer","buffer","buffer","buffer","buffer","buffer","buffer","buffer","buffer",33535428
"buffer","buffer","buffer","buffer","buffer","buffer","buffer","buffer","buffer","buffer",33547352
"buffer","buffer","buffer","buffer","buffer","buffer","buffer","buffer","buffer","buffer",33559354
"buffer","buffer","buffer","buffer","buffer","buffer","buffer","buffer","buffer","buffer",33571451
"buffer","buffer","buffer","buffer","buffer","buffer","buffer","buffer","buffer","buffer",33583507
"buffer","buffer","buffer","buffer","buffer","buffer","buffer","buffer","buffer","buffer",33595619
"buffer","buffer","buffer","buffer","buffer","buffer","buffer","buffer","buffer","buffer",33607692
"buffer","buffer","buffer","buffer","buffer","buffer","buffer","buffer","buffer","buffer",33619653
"buffer","buffer","buffer","buffer","buffer","buffer","buffer","buffer","buffer","buffer",33631733
"buffer","buffer","buffer","buffer","buffer","buffer","buffer","buffer","buffer","buffer",33643768
"buffer","buffer","buffer","buffer","buffer","buffer","buffer","buffer","buffer","buffer",33655532
"buffer","buffer","buffer","buffer","buffer","buffer","buffer","buffer","buffer","buffer",33667870
"buffer","buffer","buffer","buffer","buffer","buffer","buffer","buffer","buffer","buffer",33679920
"buffer","buffer","buffer","buffer","buffer","buffer","buffer","buffer","buffer","buffer",33692188
"buffer","buffer","buffer","buffer","buffer","buffer","buffer","buffer","buffer","buffer",33703902
"buffer","buffer","buffer","buffer","buffer","buffer","buffer","buffer","buffer","buffer",33716114
"buffer","buffer","buffer","buffer","buffer","buffer","buffer","buffer","buffer","buffer",33728150
"buffer","buffer","buffer","buffer","buffer","buffer","buffer","buffer","buffer","buffer",33739934
"buffer","buffer","buffer","buffer","buffer","buffer","buffer","buffer","buffer","buffer",33752116
"buffer","buffer","buffer","buffer","buffer","buffer","buffer","buffer","buffer","buffer",33764205
"buffer","buffer","buffer","buffer","buffer","buffer","buffer","buffer","buffer","buffer",33776215
"buffer","buffer","buffer","buffer","buffer","buffer","buffer","buffer","buffer","buffer",33788187
"buffer","buffer","buffer","buffer","buffer","buffer","buffer","buffer","buffer","buffer",33800190
"buffer","buffer","buffer","buffer","buffer","buffer","buffer","buffer","buffer","buffer",33812239
"buffer","buffer","buffer","buffer","buffer","buffer","buffer","buffer","buffer","buffer",33824262
"buffer","buffer","buffer","buffer","buffer","buffer","buffer","buffer","buffer","buffer",33836264
"buffer","buffer","buffer","buffer","buffer","buffer","buffer","buffer","buffer","buffer",33848395
"buffer","buffer","buffer","buffer","buffer","buffer","buffer","buffer","buffer","buffer",33860535
"buffer","buffer","buffer","buffer","buffer","buffer","buffer","buffer","buffer","buffer",33872442
"buffer","buffer","buffer","buffer","buffer","buffer","buffer","buffer","buffer","buffer",33884582
"buffer","buffer","buffer","buffer","buffer","buffer","buffer","buffer","buffer","buffer",33896798
"buffer","buffer","buffer","buffer","buffer","buffer","buffer","buffer","buffer","buffer",33908710
"buffer","buffer","buffer","buffer","buffer","buffer","buffer","buffer","buffer","buffer",33920738
"buffer","buffer","buffer","buffer","buffer","buffer","buffer","buffer","buffer","buffer",33932700
"buffer","buffer","buffer","buffer","buffer","buffer","buffer","buffer","buffer","buffer",33944844
"buffer","buffer","buffer","buffer","buffer","buffer","buffer","buffer","buffer","buffer",33956946
"buffer","buffer","buffer","buffer","buffer","buffer","buffer","buffer","buffer","buffer",33968914
"buffer","buffer","buffer","buffer","buffer","buffer","buffer","buffer","buffer","buffer",33981030
"buffer","buffer","buffer","buffer","buffer","buffer","buffer","buffer","buffer","buffer",33993044
"buffer","buffer","buffer","buffer","buffer","buffer","buffer","buffer","buffer","buffer",34004960
"buffer","buffer","buffer","buffer","buffer","buffer","buffer","buffer","buffer","buffer",34017226
"buffer","buffer","buffer","buffer","buffer","buffer","buffer","buffer","buffer","buffer",34029063
"buffer","buffer","buffer","buffer","buffer","buffer","buffer","buffer","buffer","buffer",34041215
"buffer","buffer","buffer","buffer","buffer","buffer","buffer","buffer","buffer","buffer",34053178
"buffer","buffer","buffer","buffer","buffer","buffer","buffer","buffer","buffer","buffer",34065246
"buffer","buffer","buffer","buffer","buffer","buffer","buffer","buffer","buffer","buffer",34077224
"buffer","buffer","buffer","buffer","buffer","buffer","buffer","buffer","buffer","buffer",34089585
"buffer","buffer","buffer","buffer","buffer","buffer","buffer","buffer","buffer","buffer",34101396
"buffer","buffer","buffer","buffer","buffer","buffer","buffer","buffer","buffer","buffer",34113326
"buffer","buffer","buffer","buffer","buffer","buffer","buffer","buffer","buffer","buffer",34125761
"buffer","buffer","buffer","buffer","buffer","buffer","buffer","buffer","buffer","buffer",34137805
"buffer","buffer","buffer","buffer","buffer","buffer","buffer","buffer","buffer","buffer",34149683
"buffer","buffer","buffer","buffer","buffer","buffer","buffer","buffer","buffer","buffer",34161619
"buffer","buffer","buffer","buffer","buffer","buffer","buffer","buffer","buffer","buffer",34173731
"buffer","buffer","buffer","buffer","buffer","buffer","buffer","buffer","buffer","buffer",34185839
"buffer","buffer","buffer","buffer","buffer","buffer","buffer","buffer","buffer","buffer",34197595
"buffer","buffer","buffer","buffer","buffer","buffer","buffer","buffer","buffer","buffer",34210029
"buffer","buffer","buffer","buffer","buffer","buffer","buffer","buffer","buffer","buffer",34221800
"buffer","buffer","buffer","buffer","buffer","buffer","buffer","buffer","buffer","buffer",34233930
"buffer","buffer","buffer","buffer","buffer","buffer","buffer","buffer","buffer","buffer",34245994
"buffer","buffer","buffer","buffer","buffer","buffer","buffer","buffer","buffer","buffer",34258027
"buffer","buffer","buffer","buffer","buffer","buffer","buffer","buffer","buffer","buffer",34270076
"buffer","buffer","buffer","buffer","buffer","buffer","buffer","buffer","buffer","buffer",34282121
"buffer","buffer","buffer","buffer","buffer","buffer","buffer","buffer","buffer","buffer",34294214
"buffer","buffer","buffer","buffer","buffer","buffer","buffer","buffer","buffer","buffer",34306177
"buffer","buffer","buffer","buffer","buffer","buffer","buffer","buffer","buffer","buffer",34318280
"buffer","buffer","buffer","buffer","buffer","buffer","buffer","buffer","buffer","buffer",34330152
"buffer","buffer","buffer","buffer","buffer","buffer","buffer","buffer","buffer","buffer",34342275
"buffer","buffer","buffer","buffer","buffer","buffer","buffer","buffer","buffer","buffer",34354579
"buffer","buffer","buffer","buffer","buffer","buffer","buffer","buffer","buffer","buffer",34366475
"buffer","buffer","buffer","buffer","buffer","buffer","buffer","buffer","buffer","buffer",34378483
"buffer","buffer","buffer","buffer","buffer","buffer","buffer","buffer","buffer","buffer",34390488
"buffer","buffer","buffer","buffer","buffer","buffer","buffer","buffer","buffer","buffer",34402734
"buffer","buffer","buffer","buffer","buffer","buffer","buffer","buffer","buffer","buffer",34414694
"buffer","buffer","buffer","buffer","buffer","buffer","buffer","buffer","buffer","buffer",34426781
"buffer","buffer","buffer","buffer","buffer","buffer","buffer","buffer","buffer","buffer",34438699
"buffer","buffer","buffer","buffer","buffer","buffer","buffer","buffer","buffer","buffer",34450679
"buffer","buffer","buffer","buffer","buffer","buffer","buffer","buffer","buffer","buffer",34462750
"buffer","buffer","buffer","buffer","buffer","buffer","buffer","buffer","buffer","buffer",34474720
"buffer","buffer","buffer","buffer","buffer","buffer","buffer","buffer","buffer","buffer",34486869
"buffer","buffer","buffer","buffer","buffer","buffer","buffer","buffer","buffer","buffer",34498916
"buffer","buffer","buffer","buffer","buffer","buffer","buffer","buffer","buffer","buffer",34511122
"buffer","buffer","buffer","buffer","buffer","buffer","buffer","buffer","buffer","buffer",34523042
"buffer","buffer","buffer","buffer","buffer","buffer","buffer","buffer","buffer","buffer",34535108
"buffer","buffer","buffer","buffer","buffer","buffer","buffer","buffer","buffer","buffer",34547122
"buffer","buffer","buffer","buffer","buffer","buffer","buffer","buffer","buffer","buffer",34559184
"buffer","buffer","buffer","buffer","buffer","buffer","buffer","buffer","buffer","buffer",34571222
"buffer","buffer","buffer","buffer","buffer","buffer","buffer","buffer","buffer","buffer",34583178
"buffer","buffer","buffer","buffer","buffer","buffer","buffer","buffer","buffer","buffer",34595453
"buffer","buffer","buffer","buffer","buffer","buffer","buffer","buffer","buffer","buffer",34607244
"buffer","buffer","buffer","buffer","buffer","buffer","buffer","buffer","buffer","buffer",34619429
"buffer","buffer","buffer","buffer","buffer","buffer","buffer","buffer","buffer","buffer",34631472
"buffer","buffer","buffer","buffer","buffer","buffer","buffer","buffer","buffer","buffer",34643354
"buffer","buffer","buffer","buffer","buffer","buffer","buffer","buffer","buffer","buffer",34655684
"buffer","buffer","buffer","buffer","buffer","buffer","buffer","buffer","buffer","buffer",34667696
"buffer","buffer","buffer","buffer","buffer","buffer","buffer","buffer","buffer","buffer",34679579
"buffer","buffer","buffer","buffer","buffer","buffer","buffer","buffer","buffer","buffer",34691677
"buffer","buffer","buffer","buffer","buffer","buffer","buffer","buffer","buffer","buffer",34703721
"buffer","buffer","buffer","buffer","buffer","buffer","buffer","buffer","buffer","buffer",34715603
"buffer","buffer","buffer","buffer","buffer","buffer","buffer","buffer","buffer","buffer",34727730
"buffer","buffer","buffer","buffer","buffer","buffer","buffer","buffer","buffer","buffer",34739919
"buffer","buffer","buffer","buffer","buffer","buffer","buffer","buffer","buffer","buffer",34751797
"buffer","buffer","buffer","buffer","buffer","buffer","buffer","buffer","buffer","buffer",34763972
"buffer","buffer","buffer","buffer","buffer","buffer","buffer","buffer","buffer","buffer",34775988
"buffer","buffer","buffer","buffer","buffer","buffer","buffer","buffer","buffer","buffer",34787998
"buffer","buffer","buffer","buffer","buffer","buffer","buffer","buffer","buffer","buffer",34800151
"buffer","buffer","buffer","buffer","buffer","buffer","buffer","buffer","buffer","buffer",34812187
"buffer","buffer","buffer","buffer","buffer","buffer","buffer","buffer","buffer","buffer",34824096
"buffer","buffer","buffer","buffer","buffer","buffer","buffer","buffer","buffer","buffer",34836329
"buffer","buffer","buffer","buffer","buffer","buffer","buffer","buffer","buffer","buffer",34848426
"buffer","buffer","buffer","buffer","buffer","buffer","buffer","buffer","buffer","buffer",34860298
"buffer","buffer","buffer","buffer","buffer","buffer","buffer","buffer","buffer","buffer",34872424
"buffer","buffer","buffer","buffer","buffer","buffer","buffer","buffer","buffer","buffer",34884523
"buffer","buffer","buffer","buffer","buffer","buffer","buffer","buffer","buffer","buffer",34896359
"buffer","buffer","buffer","buffer","buffer","buffer","buffer","buffer","buffer","buffer",34908487
"buffer","buffer","buffer","buffer","buffer","buffer","buffer","buffer","buffer","buffer",34920460
"buffer","buffer","buffer","buffer","buffer","buffer","buffer","buffer","buffer","buffer",34932665
"buffer","buffer","buffer","buffer","buffer","buffer","buffer","buffer","buffer","buffer",34944596
"buffer","buffer","buffer","buffer","buffer","buffer","buffer","buffer","buffer","buffer",34956779
"buffer","buffer","buffer","buffer","buffer","buffer","buffer","buffer","buffer","buffer",34968681
"buffer","buffer","buffer","buffer","buffer","buffer","buffer","buffer","buffer","buffer",34980758
"buffer","buffer","buffer","buffer","buffer","buffer","buffer","buffer","buffer","buffer",34992700
"buffer","buffer","buffer","buffer","buffer","buffer","buffer","buffer","buffer","buffer",35004829
"buffer","buffer","buffer","buffer","buffer","buffer","buffer","buffer","buffer","buffer",35016871
"buffer","buffer","buffer","buffer","buffer","buffer","buffer","buffer","buffer","buffer",35029065
"buffer","buffer","buffer","buffer","buffer","buffer","buffer","buffer","buffer","buffer",35040951
"buffer","buffer","buffer","buffer","buffer","buffer","buffer","buffer","buffer","buffer",35053129
"buffer","buffer","buffer","buffer","buffer","buffer","buffer","buffer","buffer","buffer",35065173
"buffer","buffer","buffer","buffer","buffer","buffer","buffer","buffer","buffer","buffer",35077165
"buffer","buffer","buffer","buffer","buffer","buffer","buffer","buffer","buffer","buffer",35089213
"buffer","buffer","buffer","buffer","buffer","buffer","buffer","buffer","buffer","buffer",35101223
"buffer","buffer","buffer","buffer","buffer","buffer","buffer","buffer","buffer","buffer",35113358
"buffer","buffer","buffer","buffer","buffer","buffer","buffer","buffer","buffer","buffer",35125296
"buffer","buffer","buffer","buffer","buffer","buffer","buffer","buffer","buffer","buffer",35137362
"buffer","buffer","buffer","buffer","buffer","buffer","buffer","buffer","buffer","buffer",35149422
"buffer","buffer","buffer","buffer","buffer","buffer","buffer","buffer","buffer","buffer",35161503
"buffer","buffer","buffer","buffer","buffer","buffer","buffer","buffer","buffer","buffer",35173472
"buffer","buffer","buffer","buffer","buffer","buffer","buffer","buffer","buffer","buffer",35185710
"buffer","buffer","buffer","buffer","buffer","buffer","buffer","buffer","buffer","buffer",35197369
"buffer","buffer","buffer","buffer","buffer","buffer","buffer","buffer","buffer","buffer",35209508
"buffer","buffer","buffer","buffer","buffer","buffer","buffer","buffer","buffer","buffer",35221758
"buffer","buffer","buffer","buffer","buffer","buffer","buffer","buffer","buffer","buffer",35233685
"buffer","buffer","buffer","buffer","buffer","buffer","buffer","buffer","buffer","buffer",35245901
"buffer","buffer","buffer","buffer","buffer","buffer","buffer","buffer","buffer","buffer",35257786
"buffer","buffer","buffer","buffer","buffer","buffer","buffer","buffer","buffer","buffer",35269789
"buffer","buffer","buffer","buffer","buffer","buffer","buffer","buffer","buffer","buffer",35281755
"buffer","buffer","buffer","buffer","buffer","buffer","buffer","buffer","buffer","buffer",35293895
"buffer","buffer","buffer","buffer","buffer","buffer","buffer","buffer","buffer","buffer",35305942
"buffer","buffer","buffer","buffer","buffer","buffer","buffer","buffer","buffer","buffer",35318018
"buffer","buffer","buffer","buffer","buffer","buffer","buffer","buffer","buffer","buffer",35330108
"buffer","buffer","buffer","buffer","buffer","buffer","buffer","buffer","buffer","buffer",35342091
"buffer","buffer","buffer","buffer","buffer","buffer","buffer","buffer","buffer","buffer",35354153
"buffer","buffer","buffer","buffer","buffer","buffer","buffer","buffer","buffer","buffer",35366479
"buffer","buffer","buffer","buffer","buffer","buffer","buffer","buffer","buffer","buffer",35378214
"buffer","buffer","buffer","buffer","buffer","buffer","buffer","buffer","buffer","buffer",35390084
"buffer","buffer","buffer","buffer","buffer","buffer","buffer","buffer","buffer","buffer",35402267
"buffer","buffer","buffer","buffer","buffer","buffer","buffer","buffer","buffer","buffer",35414421
"buffer","buffer","buffer","buffer","buffer","buffer","buffer","buffer","buffer","buffer",35426723
"buffer","buffer","buffer","buffer","buffer","buffer","buffer","buffer","buffer","buffer",35438465
"buffer","buffer","buffer","buffer","buffer","buffer","buffer","buffer","buffer","buffer",35450506
"buffer","buffer","buffer","buffer","buffer","buffer","buffer","buffer","buffer","buffer",35462756
"buffer","buffer","buffer","buffer","buffer","buffer","buffer","buffer","buffer","buffer",35474740
"buffer","buffer","buffer","buffer","buffer","buffer","buffer","buffer","buffer","buffer",35486498
"buffer","buffer","buffer","buffer","buffer","buffer","buffer","buffer","buffer","buffer",35498775
"buffer","buffer","buffer","buffer","buffer","buffer","buffer","buffer","buffer","buffer",35510945
"buffer","buffer","buffer","buffer","buffer","buffer","buffer","buffer","buffer","buffer",35522652
"buffer","buffer","buffer","buffer","buffer","buffer","buffer","buffer","buffer","buffer",35534903
"buffer","buffer","buffer","buffer","buffer","buffer","buffer","buffer","buffer","buffer",35546754
"buffer","buffer","buffer","buffer","buffer","buffer","buffer","buffer","buffer","buffer",35559114
"buffer","buffer","buffer","buffer","buffer","buffer","buffer","buffer","buffer","buffer",35571055
"buffer","buffer","buffer","buffer","buffer","buffer","buffer","buffer","buffer","buffer",35583081
"buffer","buffer","buffer","buffer","buffer","buffer","buffer","buffer","buffer","buffer",35595187
"buffer","buffer","buffer","buffer","buffer","buffer","buffer","buffer","buffer","buffer",35607098
"buffer","buffer","buffer","buffer","buffer","buffer","buffer","buffer","buffer","buffer",35619316
"buffer","buffer","buffer","buffer","buffer","buffer","buffer","buffer","buffer","buffer",35631164
"buffer","buffer","buffer","buffer","buffer","buffer","buffer","buffer","buffer","buffer",35643213
"buffer","buffer","buffer","buffer","buffer","buffer","buffer","buffer","buffer","buffer",35655329
"buffer","buffer","buffer","buffer","buffer","buffer","buffer","buffer","buffer","buffer",35667337
"buffer","buffer","buffer","buffer","buffer","buffer","buffer","buffer","buffer","buffer",35679491
"buffer","buffer","buffer","buffer","buffer","buffer","buffer","buffer","buffer","buffer",35691399
"buffer","buffer","buffer","buffer","buffer","buffer","buffer","buffer","buffer","buffer",35703503
"buffer","buffer","buffer","buffer","buffer","buffer","buffer","buffer","buffer","buffer",35715499
"buffer","buffer","buffer","buffer","buffer","buffer","buffer","buffer","buffer","buffer",35727673
"buffer","buffer","buffer","buffer","buffer","buffer","buffer","buffer","buffer","buffer",35739783
"buffer","buffer","buffer","buffer","buffer","buffer","buffer","buffer","buffer","buffer",35751682
"buffer","buffer","buffer","buffer","buffer","buffer","buffer","buffer","buffer","buffer",35763733
"buffer","buffer","buffer","buffer","buffer","buffer","buffer","buffer","buffer","buffer",35775695
"buffer","buffer","buffer","buffer","buffer","buffer","buffer","buffer","buffer","buffer",35787749
"buffer","buffer","buffer","buffer","buffer","buffer","buffer","buffer","buffer","buffer",35800073
"buffer","buffer","buffer","buffer","buffer","buffer","buffer","buffer","buffer","buffer",35811938
"buffer","buffer","buffer","buffer","buffer","buffer","buffer","buffer","buffer","buffer",35823977
"buffer","buffer","buffer","buffer","buffer","buffer","buffer","buffer","buffer","buffer",35835994
"buffer","buffer","buffer","buffer","buffer","buffer","buffer","buffer","buffer","buffer",35847893
"buffer","buffer","buffer","buffer","buffer","buffer","buffer","buffer","buffer","buffer",35860002
"buffer","buffer","buffer","buffer","buffer","buffer","buffer","buffer","buffer","buffer",35872013
"buffer","buffer","buffer","buffer","buffer","buffer","buffer","buffer","buffer","buffer",35884049
"buffer","buffer","buffer","buffer","buffer","buffer","buffer","buffer","buffer","buffer",35896157
"buffer","buffer","buffer","buffer","buffer","buffer","buffer","buffer","buffer","buffer",35908186
"buffer","buffer","buffer","buffer","buffer","buffer","buffer","buffer","buffer","buffer",35920419
"buffer","buffer","buffer","buffer","buffer","buffer","buffer","buffer","buffer","buffer",35932539
"buffer","buffer","buffer","buffer","buffer","buffer","buffer","buffer","buffer","buffer",35944337
"buffer","buffer","buffer","buffer","buffer","buffer","buffer","buffer","buffer","buffer",35956388
"buffer","buffer","buffer","buffer","buffer","buffer","buffer","buffer","buffer","buffer",35968630
"buffer","buffer","buffer","buffer","buffer","buffer","buffer","buffer","buffer","buffer",35980521
"buffer","buffer","buffer","buffer","buffer","buffer","buffer","buffer","buffer","buffer",35992785
"buffer","buffer","buffer","buffer","buffer","buffer","buffer","buffer","buffer","buffer",36004699
"buffer","buffer","buffer","buffer","buffer","buffer","buffer","buffer","buffer","buffer",36016746
"buffer","buffer","buffer","buffer","buffer","buffer","buffer","buffer","buffer","buffer",36028580
"buffer","buffer","buffer","buffer","buffer","buffer","buffer","buffer","buffer","buffer",36040895
"buffer","buffer","buffer","buffer","buffer","buffer","buffer","buffer","buffer","buffer",36052894
"buffer","buffer","buffer","buffer","buffer","buffer","buffer","buffer","buffer","buffer",36065028
"buffer","buffer","buffer","buffer","buffer","buffer","buffer","buffer","buffer","buffer",36076885
"buffer","buffer","buffer","buffer","buffer","buffer","buffer","buffer","buffer","buffer",36089129
"buffer","buffer","buffer","buffer","buffer","buffer","buffer","buffer","buffer","buffer",36100954
"buffer","buffer","buffer","buffer","buffer","buffer","buffer","buffer","buffer","buffer",36113103
"buffer","buffer","buffer","buffer","buffer","buffer","buffer","buffer","buffer","buffer",36125031
"buffer","buffer","buffer","buffer","buffer","buffer","buffer","buffer","buffer","buffer",36137282
"buffer","buffer","buffer","buffer","buffer","buffer","buffer","buffer","buffer","buffer",36149187
"buffer","buffer","buffer","buffer","buffer","buffer","buffer","buffer","buffer","buffer",36161001
"buffer","buffer","buffer","buffer","buffer","buffer","buffer","buffer","buffer","buffer",36173325
"buffer","buffer","buffer","buffer","buffer","buffer","buffer","buffer","buffer","buffer",36185402
"buffer","buffer","buffer","buffer","buffer","buffer","buffer","buffer","buffer","buffer",36197352
"buffer","buffer","buffer","buffer","buffer","buffer","buffer","buffer","buffer","buffer",36209330
"buffer","buffer","buffer","buffer","buffer","buffer","buffer","buffer","buffer","buffer",36221499
"buffer","buffer","buffer","buffer","buffer","buffer","buffer","buffer","buffer","buffer",36233546
"buffer","buffer","buffer","buffer","buffer","buffer","buffer","buffer","buffer","buffer",36245595
"buffer","buffer","buffer","buffer","buffer","buffer","buffer","buffer","buffer","buffer",36257506
"buffer","buffer","buffer","buffer","buffer","buffer","buffer","buffer","buffer","buffer",36269384
"buffer","buffer","buffer","buffer","buffer","buffer","buffer","buffer","buffer","buffer",36281829
"buffer","buffer","buffer","buffer","buffer","buffer","buffer","buffer","buffer","buffer",36293761
"buffer","buffer","buffer","buffer","buffer","buffer","buffer","buffer","buffer","buffer",36305916
"buffer","buffer","buffer","buffer","buffer","buffer","buffer","buffer","buffer","buffer",36318036
"buffer","buffer","buffer","buffer","buffer","buffer","buffer","buffer","buffer","buffer",36329856
"buffer","buffer","buffer","buffer","buffer","buffer","buffer","buffer","buffer","buffer",36341795
"buffer","buffer","buffer","buffer","buffer","buffer","buffer","buffer","buffer","buffer",36354078
"buffer","buffer","buffer","buffer","buffer","buffer","buffer","buffer","buffer","buffer",36366023
"buffer","buffer","buffer","buffer","buffer","buffer","buffer","buffer","buffer","buffer",36378186
"buffer","buffer","buffer","buffer","buffer","buffer","buffer","buffer","buffer","buffer",36390212
"buffer","buffer","buffer","buffer","buffer","buffer","buffer","buffer","buffer","buffer",36402210
"buffer","buffer","buffer","buffer","buffer","buffer","buffer","buffer","buffer","buffer",36414266
"buffer","buffer","buffer","buffer","buffer","buffer","buffer","buffer","buffer","buffer",36426272
"buffer","buffer","buffer","buffer","buffer","buffer","buffer","buffer","buffer","buffer",36438303
"buffer","buffer","buffer","buffer","buffer","buffer","buffer","buffer","buffer","buffer",36450391
"buffer","buffer","buffer","buffer","buffer","buffer","buffer","buffer","buffer","buffer",36462505
"buffer","buffer","buffer","buffer","buffer","buffer","buffer","buffer","buffer","buffer",36474631
"buffer","buffer","buffer","buffer","buffer","buffer","buffer","buffer","buffer","buffer",36486496
"buffer","buffer","buffer","buffer","buffer","buffer","buffer","buffer","buffer","buffer",36498598
"buffer","buffer","buffer","buffer","buffer","buffer","buffer","buffer","buffer","buffer",36510500
"buffer","buffer","buffer","buffer","buffer","buffer","buffer","buffer","buffer","buffer",36522675
"buffer","buffer","buffer","buffer","buffer","buffer","buffer","buffer","buffer","buffer",36534860
"buffer","buffer","buffer","buffer","buffer","buffer","buffer","buffer","buffer","buffer",36546821
"buffer","buffer","buffer","buffer","buffer","buffer","buffer","buffer","buffer","buffer",36558686
"buffer","buffer","buffer","buffer","buffer","buffer","buffer","buffer","buffer","buffer",36570884
"buffer","buffer","buffer","buffer","buffer","buffer","buffer","buffer","buffer","buffer",36582833
"buffer","buffer","buffer","buffer","buffer","buffer","buffer","buffer","buffer","buffer",36594873
"buffer","buffer","buffer","buffer","buffer","buffer","buffer","buffer","buffer","buffer",36607065
"buffer","buffer","buffer","buffer","buffer","buffer","buffer","buffer","buffer","buffer",36619037
"buffer","buffer","buffer","buffer","buffer","buffer","buffer","buffer","buffer","buffer",36630941
"buffer","buffer","buffer","buffer","buffer","buffer","buffer","buffer","buffer","buffer",36643222
"buffer","buffer","buffer","buffer","buffer","buffer","buffer","buffer","buffer","buffer",36654960
"buffer","buffer","buffer","buffer","buffer","buffer","buffer","buffer","buffer","buffer",36666964
"buffer","buffer","buffer","buffer","buffer","buffer","buffer","buffer","buffer","buffer",36679293
"buffer","buffer","buffer","buffer","buffer","buffer","buffer","buffer","buffer","buffer",36691066
"buffer","buffer","buffer","buffer","buffer","buffer","buffer","buffer","buffer","buffer",36703393
"buffer","buffer","buffer","buffer","buffer","buffer","buffer","buffer","buffer","buffer",36715488
"buffer","buffer","buffer","buffer","buffer","buffer","buffer","buffer","buffer","buffer",36727393
"buffer","buffer","buffer","buffer","buffer","buffer","buffer","buffer","buffer","buffer",36739487
"buffer","buffer","buffer","buffer","buffer","buffer","buffer","buffer","buffer","buffer",36751395
"buffer","buffer","buffer","buffer","buffer","buffer","buffer","buffer","buffer","buffer",36763640
"buffer","buffer","buffer","buffer","buffer","buffer","buffer","buffer","buffer","buffer",36775724
"buffer","buffer","buffer","buffer","buffer","buffer","buffer","buffer","buffer","buffer",36787655
"buffer","buffer","buffer","buffer","buffer","buffer","buffer","buffer","buffer","buffer",36799716
"buffer","buffer","buffer","buffer","buffer","buffer","buffer","buffer","buffer","buffer",36811557
"buffer","buffer","buffer","buffer","buffer","buffer","buffer","buffer","buffer","buffer",36823807
"buffer","buffer","buffer","buffer","buffer","buffer","buffer","buffer","buffer","buffer",36835756
"buffer","buffer","buffer","buffer","buffer","buffer","buffer","buffer","buffer","buffer",36847783
"buffer","buffer","buffer","buffer","buffer","buffer","buffer","buffer","buffer","buffer",36859939
"buffer","buffer","buffer","buffer","buffer","buffer","buffer","buffer","buffer","buffer",36871927
"buffer","buffer","buffer","buffer","buffer","buffer","buffer","buffer","buffer","buffer",36883940
"buffer","buffer","buffer","buffer","buffer","buffer","buffer","buffer","buffer","buffer",36896180
"buffer","buffer","buffer","buffer","buffer","buffer","buffer","buffer","buffer","buffer",36908043
"buffer","buffer","buffer","buffer","buffer","buffer","buffer","buffer","buffer","buffer",36920198
"buffer","buffer","buffer","buffer","buffer","buffer","buffer","buffer","buffer","buffer",36932026
"buffer","buffer","buffer","buffer","buffer","buffer","buffer","buffer","buffer","buffer",36944211
"buffer","buffer","buffer","buffer","buffer","buffer","buffer","buffer","buffer","buffer",36956273
"buffer","buffer","buffer","buffer","buffer","buffer","buffer","buffer","buffer","buffer",36968414
"buffer","buffer","buffer","buffer","buffer","buffer","buffer","buffer","buffer","buffer",36980422
"buffer","buffer","buffer","buffer","buffer","buffer","buffer","buffer","buffer","buffer",36992388
"buffer","buffer","buffer","buffer","buffer","buffer","buffer","buffer","buffer","buffer",37004363
"buffer","buffer","buffer","buffer","buffer","buffer","buffer","buffer","buffer","buffer",37016344
"buffer","buffer","buffer","buffer","buffer","buffer","buffer","buffer","buffer","buffer",37028591
"buffer","buffer","buffer","buffer","buffer","buffer","buffer","buffer","buffer","buffer",37040467
"buffer","buffer","buffer","buffer","buffer","buffer","buffer","buffer","buffer","buffer",37052731
"buffer","buffer","buffer","buffer","buffer","buffer","buffer","buffer","buffer","buffer",37064773
"buffer","buffer","buffer","buffer","buffer","buffer","buffer","buffer","buffer","buffer",37076677
"buffer","buffer","buffer","buffer","buffer","buffer","buffer","buffer","buffer","buffer",37088780
"buffer","buffer","buffer","buffer","buffer","buffer","buffer","buffer","buffer","buffer",37100861
"buffer","buffer","buffer","buffer","buffer","buffer","buffer","buffer","buffer","buffer",37112839
"buffer","buffer","buffer","buffer","buffer","buffer","buffer","buffer","buffer","buffer",37124902
"buffer","buffer","buffer","buffer","buffer","buffer","buffer","buffer","buffer","buffer",37136955
"buffer","buffer","buffer","buffer","buffer","buffer","buffer","buffer","buffer","buffer",37148871
"buffer","buffer","buffer","buffer","buffer","buffer","buffer","buffer","buffer","buffer",37161076
"buffer","buffer","buffer","buffer","buffer","buffer","buffer","buffer","buffer","buffer",37173059
"buffer","buffer","buffer","buffer","buffer","buffer","buffer","buffer","buffer","buffer",37185240
"buffer","buffer","buffer","buffer","buffer","buffer","buffer","buffer","buffer","buffer",37197133
"buffer","buffer","buffer","buffer","buffer","buffer","buffer","buffer","buffer","buffer",37209261
"buffer","buffer","buffer","buffer","buffer","buffer","buffer","buffer","buffer","buffer",37221354
"buffer","buffer","buffer","buffer","buffer","buffer","buffer","buffer","buffer","buffer",37233561
"buffer","buffer","buffer","buffer","buffer","buffer","buffer","buffer","buffer","buffer",37245426
"buffer","buffer","buffer","buffer","buffer","buffer","buffer","buffer","buffer","buffer",37257386
"buffer","buffer","buffer","buffer","buffer","buffer","buffer","buffer","buffer","buffer",37269642
"buffer","buffer","buffer","buffer","buffer","buffer","buffer","buffer","buffer","buffer",37281449
"buffer","buffer","buffer","buffer","buffer","buffer","buffer","buffer","buffer","buffer",37293526
"buffer","buffer","buffer","buffer","buffer","buffer","buffer","buffer","buffer","buffer",37305611
"buffer","buffer","buffer","buffer","buffer","buffer","buffer","buffer","buffer","buffer",37317536
"buffer","buffer","buffer","buffer","buffer","buffer","buffer","buffer","buffer","buffer",37329769
"buffer","buffer","buffer","buffer","buffer","buffer","buffer","buffer","buffer","buffer",37341875
"buffer","buffer","buffer","buffer","buffer","buffer","buffer","buffer","buffer","buffer",37353704
"buffer","buffer","buffer","buffer","buffer","buffer","buffer","buffer","buffer","buffer",37365779
"buffer","buffer","buffer","buffer","buffer","buffer","buffer","buffer","buffer","buffer",37377918
"buffer","buffer","buffer","buffer","buffer","buffer","buffer","buffer","buffer","buffer",37389832
"buffer","buffer","buffer","buffer","buffer","buffer","buffer","buffer","buffer","buffer",37402073
"buffer","buffer","buffer","buffer","buffer","buffer","buffer","buffer","buffer","buffer",37414092
"buffer","buffer","buffer","buffer","buffer","buffer","buffer","buffer","buffer","buffer",37426047
"buffer","buffer","buffer","buffer","buffer","buffer","buffer","buffer","buffer","buffer",37438149
"buffer","buffer","buffer","buffer","buffer","buffer","buffer","buffer","buffer","buffer",37450240
"buffer","buffer","buffer","buffer","buffer","buffer","buffer","buffer","buffer","buffer",37462170
"buffer","buffer","buffer","buffer","buffer","buffer","buffer","buffer","buffer","buffer",37474274
"buffer","buffer","buffer","buffer","buffer","buffer","buffer","buffer","buffer","buffer",37486324
"buffer","buffer","buffer","buffer","buffer","buffer","buffer","buffer","buffer","buffer",37498348
"buffer","buffer","buffer","buffer","buffer","buffer","buffer","buffer","buffer","buffer",37510504
"buffer","buffer","buffer","buffer","buffer","buffer","buffer","buffer","buffer","buffer",37522403
"buffer","buffer","buffer","buffer","buffer","buffer","buffer","buffer","buffer","buffer",37534431
"buffer","buffer","buffer","buffer","buffer","buffer","buffer","buffer","buffer","buffer",37546535
"buffer","buffer","buffer","buffer","buffer","buffer","buffer","buffer","buffer","buffer",37558607
"buffer","buffer","buffer","buffer","buffer","buffer","buffer","buffer","buffer","buffer",37570516
"buffer","buffer","buffer","buffer","buffer","buffer","buffer","buffer","buffer","buffer",37582805
"buffer","buffer","buffer","buffer","buffer","buffer","buffer","buffer","buffer","buffer",37594751
"buffer","buffer","buffer","buffer","buffer","buffer","buffer","buffer","buffer","buffer",37606595
"buffer","buffer","buffer","buffer","buffer","buffer","buffer","buffer","buffer","buffer",37618641
"buffer","buffer","buffer","buffer","buffer","buffer","buffer","buffer","buffer","buffer",37630873
"buffer","buffer","buffer","buffer","buffer","buffer","buffer","buffer","buffer","buffer",37642817
"buffer","buffer","buffer","buffer","buffer","buffer","buffer","buffer","buffer","buffer",37655010
"buffer","buffer","buffer","buffer","buffer","buffer","buffer","buffer","buffer","buffer",37666880
"buffer","buffer","buffer","buffer","buffer","buffer","buffer","buffer","buffer","buffer",37679070
"buffer","buffer","buffer","buffer","buffer","buffer","buffer","buffer","buffer","buffer",37691059
"buffer","buffer","buffer","buffer","buffer","buffer","buffer","buffer","buffer","buffer",37703013
"buffer","buffer","buffer","buffer","buffer","buffer","buffer","buffer","buffer","buffer",37715231
"buffer","buffer","buffer","buffer","buffer","buffer","buffer","buffer","buffer","buffer",37727248
"buffer","buffer","buffer","buffer","buffer","buffer","buffer","buffer","buffer","buffer",37739223
"buffer","buffer","buffer","buffer","buffer","buffer","buffer","buffer","buffer","buffer",37751334
"buffer","buffer","buffer","buffer","buffer","buffer","buffer","buffer","buffer","buffer",37763459
"buffer","buffer","buffer","buffer","buffer","buffer","buffer","buffer","buffer","buffer",37775484
"buffer","buffer","buffer","buffer","buffer","buffer","buffer","buffer","buffer","buffer",37787413
"buffer","buffer","buffer","buffer","buffer","buffer","buffer","buffer","buffer","buffer",37799642
"buffer","buffer","buffer","buffer","buffer","buffer","buffer","buffer","buffer","buffer",37811505
"buffer","buffer","buffer","buffer","buffer","buffer","buffer","buffer","buffer","buffer",37823650
"buffer","buffer","buffer","buffer","buffer","buffer","buffer","buffer","buffer","buffer",37835655
"buffer","buffer","buffer","buffer","buffer","buffer","buffer","buffer","buffer","buffer",37847792
"buffer","buffer","buffer","buffer","buffer","buffer","buffer","buffer","buffer","buffer",37859486
"buffer","buffer","buffer","buffer","buffer","buffer","buffer","buffer","buffer","buffer",37871664
"buffer","buffer","buffer","buffer","buffer","buffer","buffer","buffer","buffer","buffer",37883682
"buffer","buffer","buffer","buffer","buffer","buffer","buffer","buffer","buffer","buffer",37895917
"buffer","buffer","buffer","buffer","buffer","buffer","buffer","buffer","buffer","buffer",37907791
"buffer","buffer","buffer","buffer","buffer","buffer","buffer","buffer","buffer","buffer",37919861
"buffer","buffer","buffer","buffer","buffer","buffer","buffer","buffer","buffer","buffer",37931807
"buffer","buffer","buffer","buffer","buffer","buffer","buffer","buffer","buffer","buffer",37943987
"buffer","buffer","buffer","buffer","buffer","buffer","buffer","buffer","buffer","buffer",37955908
"buffer","buffer","buffer","buffer","buffer","buffer","buffer","buffer","buffer","buffer",37968015
"buffer","buffer","buffer","buffer","buffer","buffer","buffer","buffer","buffer","buffer",37980159
"buffer","buffer","buffer","buffer","buffer","buffer","buffer","buffer","buffer","buffer",37992268
"buffer","buffer","buffer","buffer","buffer","buffer","buffer","buffer","buffer","buffer",38004236
"buffer","buffer","buffer","buffer","buffer","buffer","buffer","buffer","buffer","buffer",38016142
"buffer","buffer","buffer","buffer","buffer","buffer","buffer","buffer","buffer","buffer",38028341
"buffer","buffer","buffer","buffer","buffer","buffer","buffer","buffer","buffer","buffer",38040443
"buffer","buffer","buffer","buffer","buffer","buffer","buffer","buffer","buffer","buffer",38052381
"buffer","buffer","buffer","buffer","buffer","buffer","buffer","buffer","buffer","buffer",38064334
"buffer","buffer","buffer","buffer","buffer","buffer","buffer","buffer","buffer","buffer",38076550
"buffer","buffer","buffer","buffer","buffer","buffer","buffer","buffer","buffer","buffer",38088650
"buffer","buffer","buffer","buffer","buffer","buffer","buffer","buffer","buffer","buffer",38100711
"buffer","buffer","buffer","buffer","buffer","buffer","buffer","buffer","buffer","buffer",38112676
"buffer","buffer","buffer","buffer","buffer","buffer","buffer","buffer","buffer","buffer",38124718
"buffer","buffer","buffer","buffer","buffer","buffer","buffer","buffer","buffer","buffer",38136979
"buffer","buffer","buffer","buffer","buffer","buffer","buffer","buffer","buffer","buffer",38148791
"buffer","buffer","buffer","buffer","buffer","buffer","buffer","buffer","buffer","buffer",38160897
"buffer","buffer","buffer","buffer","buffer","buffer","buffer","buffer","buffer","buffer",38172866
"buffer","buffer","buffer","buffer","buffer","buffer","buffer","buffer","buffer","buffer",38184755
"buffer","buffer","buffer","buffer","buffer","buffer","buffer","buffer","buffer","buffer",38197065
"buffer","buffer","buffer","buffer","buffer","buffer","buffer","buffer","buffer","buffer",38209086
"buffer","buffer","buffer","buffer","buffer","buffer","buffer","buffer","buffer","buffer",38221018
"buffer","buffer","buffer","buffer","buffer","buffer","buffer","buffer","buffer","buffer",38233049
"buffer","buffer","buffer","buffer","buffer","buffer","buffer","buffer","buffer","buffer",38245193
"buffer","buffer","buffer","buffer","buffer","buffer","buffer","buffer","buffer","buffer",38257120
"buffer","buffer","buffer","buffer","buffer","buffer","buffer","buffer","buffer","buffer",38269270
"buffer","buffer","buffer","buffer","buffer","buffer","buffer","buffer","buffer","buffer",38281246
"buffer","buffer","buffer","buffer","buffer","buffer","buffer","buffer","buffer","buffer",38293375
"buffer","buffer","buffer","buffer","buffer","buffer","buffer","buffer","buffer","buffer",38305335
"buffer","buffer","buffer","buffer","buffer","buffer","buffer","buffer","buffer","buffer",38317321
"buffer","buffer","buffer","buffer","buffer","buffer","buffer","buffer","buffer","buffer",38329470
"buffer","buffer","buffer","buffer","buffer","buffer","buffer","buffer","buffer","buffer",38341549
"buffer","buffer","buffer","buffer","buffer","buffer","buffer","buffer","buffer","buffer",38353584
"buffer","buffer","buffer","buffer","buffer","buffer","buffer","buffer","buffer","buffer",38365526
"buffer","buffer","buffer","buffer","buffer","buffer","buffer","buffer","buffer","buffer",38377963
"buffer","buffer","buffer","buffer","buffer","buffer","buffer","buffer","buffer","buffer",38389933
"buffer","buffer","buffer","buffer","buffer","buffer","buffer","buffer","buffer","buffer",38401853
"buffer","buffer","buffer","buffer","buffer","buffer","buffer","buffer","buffer","buffer",38413861
"buffer","buffer","buffer","buffer","buffer","buffer","buffer","buffer","buffer","buffer",38425907
"buffer","buffer","buffer","buffer","buffer","buffer","buffer","buffer","buffer","buffer",38437940
"buffer","buffer","buffer","buffer","buffer","buffer","buffer","buffer","buffer","buffer",38449998
"buffer","buffer","buffer","buffer","buffer","buffer","buffer","buffer","buffer","buffer",38461949
"buffer","buffer","buffer","buffer","buffer","buffer","buffer","buffer","buffer","buffer",38474027
"buffer","buffer","buffer","buffer","buffer","buffer","buffer","buffer","buffer","buffer",38486125
"buffer","buffer","buffer","buffer","buffer","buffer","buffer","buffer","buffer","buffer",38497971
"buffer","buffer","buffer","buffer","buffer","buffer","buffer","buffer","buffer","buffer",38510283
"buffer","buffer","buffer","buffer","buffer","buffer","buffer","buffer","buffer","buffer",38522051
"buffer","buffer","buffer","buffer","buffer","buffer","buffer","buffer","buffer","buffer",38534332
"buffer","buffer","buffer","buffer","buffer","buffer","buffer","buffer","buffer","buffer",38546241
"buffer","buffer","buffer","buffer","buffer","buffer","buffer","buffer","buffer","buffer",38558373
"buffer","buffer","buffer","buffer","buffer","buffer","buffer","buffer","buffer","buffer",38570346
"buffer","buffer","buffer","buffer","buffer","buffer","buffer","buffer","buffer","buffer",38582326
"buffer","buffer","buffer","buffer","buffer","buffer","buffer","buffer","buffer","buffer",38594438
"buffer","buffer","buffer","buffer","buffer","buffer","buffer","buffer","buffer","buffer",38606554
"buffer","buffer","buffer","buffer","buffer","buffer","buffer","buffer","buffer","buffer",38618457
"buffer","buffer","buffer","buffer","buffer","buffer","buffer","buffer","buffer","buffer",38630577
"buffer","buffer","buffer","buffer","buffer","buffer","buffer","buffer","buffer","buffer",38642439
"buffer","buffer","buffer","buffer","buffer","buffer","buffer","buffer","buffer","buffer",38654723
"buffer","buffer","buffer","buffer","buffer","buffer","buffer","buffer","buffer","buffer",38666686
"buffer","buffer","buffer","buffer","buffer","buffer","buffer","buffer","buffer","buffer",38678849
"buffer","buffer","buffer","buffer","buffer","buffer","buffer","buffer","buffer","buffer",38690796
"buffer","buffer","buffer","buffer","buffer","buffer","buffer","buffer","buffer","buffer",38702943
"buffer","buffer","buffer","buffer","buffer","buffer","buffer","buffer","buffer","buffer",38714932
"buffer","buffer","buffer","buffer","buffer","buffer","buffer","buffer","buffer","buffer",38727020
"buffer","buffer","buffer","buffer","buffer","buffer","buffer","buffer","buffer","buffer",38739011
"buffer","buffer","buffer","buffer","buffer","buffer","buffer","buffer","buffer","buffer",38751090
"buffer","buffer","buffer","buffer","buffer","buffer","buffer","buffer","buffer","buffer",38763021
"buffer","buffer","buffer","buffer","buffer","buffer","buffer","buffer","buffer","buffer",38775173
"buffer","buffer","buffer","buffer","buffer","buffer","buffer","buffer","buffer","buffer",38787158
"buffer","buffer","buffer","buffer","buffer","buffer","buffer","buffer","buffer","buffer",38799317
"buffer","buffer","buffer","buffer","buffer","buffer","buffer","buffer","buffer","buffer",38811374
"buffer","buffer","buffer","buffer","buffer","buffer","buffer","buffer","buffer","buffer",38823385
"buffer","buffer","buffer","buffer","buffer","buffer","buffer","buffer","buffer","buffer",38835246
"buffer","buffer","buffer","buffer","buffer","buffer","buffer","buffer","buffer","buffer",38847323
"buffer","buffer","buffer","buffer","buffer","buffer","buffer","buffer","buffer","buffer",38859376
"buffer","buffer","buffer","buffer","buffer","buffer","buffer","buffer","buffer","buffer",38871433
"buffer","buffer","buffer","buffer","buffer","buffer","buffer","buffer","buffer","buffer",38883553
"buffer","buffer","buffer","buffer","buffer","buffer","buffer","buffer","buffer","buffer",38895603
"buffer","buffer","buffer","buffer","buffer","buffer","buffer","buffer","buffer","buffer",38907713
"buffer","buffer","buffer","buffer","buffer","buffer","buffer","buffer","buffer","buffer",38919700
"buffer","buffer","buffer","buffer","buffer","buffer","buffer","buffer","buffer","buffer",38931823
"buffer","buffer","buffer","buffer","buffer","buffer","buffer","buffer","buffer","buffer",38943806
"buffer","buffer","buffer","buffer","buffer","buffer","buffer","buffer","buffer","buffer",38955903
"buffer","buffer","buffer","buffer","buffer","buffer","buffer","buffer","buffer","buffer",38968053
"buffer","buffer","buffer","buffer","buffer","buffer","buffer","buffer","buffer","buffer",38979945
"buffer","buffer","buffer","buffer","buffer","buffer","buffer","buffer","buffer","buffer",38992011
"buffer","buffer","buffer","buffer","buffer","buffer","buffer","buffer","buffer","buffer",39004125
"buffer","buffer","buffer","buffer","buffer","buffer","buffer","buffer","buffer","buffer",39016223
"buffer","buffer","buffer","buffer","buffer","buffer","buffer","buffer","buffer","buffer",39028416
"buffer","buffer","buffer","buffer","buffer","buffer","buffer","buffer","buffer","buffer",39040301
"buffer","buffer","buffer","buffer","buffer","buffer","buffer","buffer","buffer","buffer",39052256
"buffer","buffer","buffer","buffer","buffer","buffer","buffer","buffer","buffer","buffer",39064230
"buffer","buffer","buffer","buffer","buffer","buffer","buffer","buffer","buffer","buffer",39076471
"buffer","buffer","buffer","buffer","buffer","buffer","buffer","buffer","buffer","buffer",39088382
"buffer","buffer","buffer","buffer","buffer","buffer","buffer","buffer","buffer","buffer",39100464
"buffer","buffer","buffer","buffer","buffer","buffer","buffer","buffer","buffer","buffer",39112374
"buffer","buffer","buffer","buffer","buffer","buffer","buffer","buffer","buffer","buffer",39124530
"buffer","buffer","buffer","buffer","buffer","buffer","buffer","buffer","buffer","buffer",39136475
"buffer","buffer","buffer","buffer","buffer","buffer","buffer","buffer","buffer","buffer",39148493
"buffer","buffer","buffer","buffer","buffer","buffer","buffer","buffer","buffer","buffer",39160619
"buffer","buffer","buffer","buffer","buffer","buffer","buffer","buffer","buffer","buffer",39172697
"buffer","buffer","buffer","buffer","buffer","buffer","buffer","buffer","buffer","buffer",39184644
"buffer","buffer","buffer","buffer","buffer","buffer","buffer","buffer","buffer","buffer",39196871
"buffer","buffer","buffer","buffer","buffer","buffer","buffer","buffer","buffer","buffer",39208607
"buffer","buffer","buffer","buffer","buffer","buffer","buffer","buffer","buffer","buffer",39220894
"buffer","buffer","buffer","buffer","buffer","buffer","buffer","buffer","buffer","buffer",39232909
"buffer","buffer","buffer","buffer","buffer","buffer","buffer","buffer","buffer","buffer",39245120
"buffer","buffer","buffer","buffer","buffer","buffer","buffer","buffer","buffer","buffer",39257053
"buffer","buffer","buffer","buffer","buffer","buffer","buffer","buffer","buffer","buffer",39268757
"buffer","buffer","buffer","buffer","buffer","buffer","buffer","buffer","buffer","buffer",39281296
"buffer","buffer","buffer","buffer","buffer","buffer","buffer","buffer","buffer","buffer",39293164
"buffer","buffer","buffer","buffer","buffer","buffer","buffer","buffer","buffer","buffer",39305200
"buffer","buffer","buffer","buffer","buffer","buffer","buffer","buffer","buffer","buffer",39317485
"buffer","buffer","buffer","buffer","buffer","buffer","buffer","buffer","buffer","buffer",39329332
"buffer","buffer","buffer","buffer","buffer","buffer","buffer","buffer","buffer","buffer",39341271
"buffer","buffer","buffer","buffer","buffer","buffer","buffer","buffer","buffer","buffer",39353392
"buffer","buffer","buffer","buffer","buffer","buffer","buffer","buffer","buffer","buffer",39365477
"buffer","buffer","buffer","buffer","buffer","buffer","buffer","buffer","buffer","buffer",39377521
"buffer","buffer","buffer","buffer","buffer","buffer","buffer","buffer","buffer","buffer",39389469
"buffer","buffer","buffer","buffer","buffer","buffer","buffer","buffer","buffer","buffer",39401450
"buffer","buffer","buffer","buffer","buffer","buffer","buffer","buffer","buffer","buffer",39413564
"buffer","buffer","buffer","buffer","buffer","buffer","buffer","buffer","buffer","buffer",39425813
"buffer","buffer","buffer","buffer","buffer","buffer","buffer","buffer","buffer","buffer",39437588
"buffer","buffer","buffer","buffer","buffer","buffer","buffer","buffer","buffer","buffer",39449785
"buffer","buffer","buffer","buffer","buffer","buffer","buffer","buffer","buffer","buffer",39461760
"buffer","buffer","buffer","buffer","buffer","buffer","buffer","buffer","buffer","buffer",39473831
"buffer","buffer","buffer","buffer","buffer","buffer","buffer","buffer","buffer","buffer",39485834
"buffer","buffer","buffer","buffer","buffer","buffer","buffer","buffer","buffer","buffer",39497866
"buffer","buffer","buffer","buffer","buffer","buffer","buffer","buffer","buffer","buffer",39509888
"buffer","buffer","buffer","buffer","buffer","buffer","buffer","buffer","buffer","buffer",39521920
"buffer","buffer","buffer","buffer","buffer","buffer","buffer","buffer","buffer","buffer",39534014
"buffer","buffer","buffer","buffer","buffer","buffer","buffer","buffer","buffer","buffer",39546135
"buffer","buffer","buffer","buffer","buffer","buffer","buffer","buffer","buffer","buffer",39558256
"buffer","buffer","buffer","buffer","buffer","buffer","buffer","buffer","buffer","buffer",39570289
"buffer","buffer","buffer","buffer","buffer","buffer","buffer","buffer","buffer","buffer",39582285
"buffer","buffer","buffer","buffer","buffer","buffer","buffer","buffer","buffer","buffer",39594383
"buffer","buffer","buffer","buffer","buffer","buffer","buffer","buffer","buffer","buffer",39606422
"buffer","buffer","buffer","buffer","buffer","buffer","buffer","buffer","buffer","buffer",39618451
"buffer","buffer","buffer","buffer","buffer","buffer","buffer","buffer","buffer","buffer",39630538
"buffer","buffer","buffer","buffer","buffer","buffer","buffer","buffer","buffer","buffer",39642447
"buffer","buffer","buffer","buffer","buffer","buffer","buffer","buffer","buffer","buffer",39654412
"buffer","buffer","buffer","buffer","buffer","buffer","buffer","buffer","buffer","buffer",39666752
"buffer","buffer","buffer","buffer","buffer","buffer","buffer","buffer","buffer","buffer",39678623
"buffer","buffer","buffer","buffer","buffer","buffer","buffer","buffer","buffer","buffer",39690862
"buffer","buffer","buffer","buffer","buffer","buffer","buffer","buffer","buffer","buffer",39702755
"buffer","buffer","buffer","buffer","buffer","buffer","buffer","buffer","buffer","buffer",39714728
"buffer","buffer","buffer","buffer","buffer","buffer","buffer","buffer","buffer","buffer",39727038
"buffer","buffer","buffer","buffer","buffer","buffer","buffer","buffer","buffer","buffer",39738665
"buffer","buffer","buffer","buffer","buffer","buffer","buffer","buffer","buffer","buffer",39750892
"buffer","buffer","buffer","buffer","buffer","buffer","buffer","buffer","buffer","buffer",39763032
"buffer","buffer","buffer","buffer","buffer","buffer","buffer","buffer","buffer","buffer",39774893
"buffer","buffer","buffer","buffer","buffer","buffer","buffer","buffer","buffer","buffer",39787101
"buffer","buffer","buffer","buffer","buffer","buffer","buffer","buffer","buffer","buffer",39798994
"buffer","buffer","buffer","buffer","buffer","buffer","buffer","buffer","buffer","buffer",39811213
"buffer","buffer","buffer","buffer","buffer","buffer","buffer","buffer","buffer","buffer",39823234
"buffer","buffer","buffer","buffer","buffer","buffer","buffer","buffer","buffer","buffer",39835200
"buffer","buffer","buffer","buffer","buffer","buffer","buffer","buffer","buffer","buffer",39847138
"buffer","buffer","buffer","buffer","buffer","buffer","buffer","buffer","buffer","buffer",39859262
"buffer","buffer","buffer","buffer","buffer","buffer","buffer","buffer","buffer","buffer",39871284
"buffer","buffer","buffer","buffer","buffer","buffer","buffer","buffer","buffer","buffer",39883386
"buffer","buffer","buffer","buffer","buffer","buffer","buffer","buffer","buffer","buffer",39895352
"buffer","buffer","buffer","buffer","buffer","buffer","buffer","buffer","buffer","buffer",39907385
"buffer","buffer","buffer","buffer","buffer","buffer","buffer","buffer","buffer","buffer",39919663
"buffer","buffer","buffer","buffer","buffer","buffer","buffer","buffer","buffer","buffer",39931713
"buffer","buffer","buffer","buffer","buffer","buffer","buffer","buffer","buffer","buffer",39943504
"buffer","buffer","buffer","buffer","buffer","buffer","buffer","buffer","buffer","buffer",39955718
"buffer","buffer","buffer","buffer","buffer","buffer","buffer","buffer","buffer","buffer",39967711
"buffer","buffer","buffer","buffer","buffer","buffer","buffer","buffer","buffer","buffer",39979681
"buffer","buffer","buffer","buffer","buffer","buffer","buffer","buffer","buffer","buffer",39991590
"buffer","buffer","buffer","buffer","buffer","buffer","buffer","buffer","buffer","buffer",40003771
"buffer","buffer","buffer","buffer","buffer","buffer","buffer","buffer","buffer","buffer",40015841
"buffer","buffer","buffer","buffer","buffer","buffer","buffer","buffer","buffer","buffer",40027979
"buffer","buffer","buffer","buffer","buffer","buffer","buffer","buffer","buffer","buffer",40039951
"buffer","buffer","buffer","buffer","buffer","buffer","buffer","buffer","buffer","buffer",40052136
"buffer","buffer","buffer","buffer","buffer","buffer","buffer","buffer","buffer","buffer",40064204
"buffer","buffer","buffer","buffer","buffer","buffer","buffer","buffer","buffer","buffer",40076051
"buffer","buffer","buffer","buffer","buffer","buffer","buffer","buffer","buffer","buffer",40088216
"buffer","buffer","buffer","buffer","buffer","buffer","buffer","buffer","buffer","buffer",40100256
"buffer","buffer","buffer","buffer","buffer","buffer","buffer","buffer","buffer","buffer",40112186
"buffer","buffer","buffer","buffer","buffer","buffer","buffer","buffer","buffer","buffer",40124367
"buffer","buffer","buffer","buffer","buffer","buffer","buffer","buffer","buffer","buffer",40136334
"buffer","buffer","buffer","buffer","buffer","buffer","buffer","buffer","buffer","buffer",40148339
"buffer","buffer","buffer","buffer","buffer","buffer","buffer","buffer","buffer","buffer",40160452
"buffer","buffer","buffer","buffer","buffer","buffer","buffer","buffer","buffer","buffer",40172324
"buffer","buffer","buffer","buffer","buffer","buffer","buffer","buffer","buffer","buffer",40184540
"buffer","buffer","buffer","buffer","buffer","buffer","buffer","buffer","buffer","buffer",40196572
"buffer","buffer","buffer","buffer","buffer","buffer","buffer","buffer","buffer","buffer",40208685
"buffer","buffer","buffer","buffer","buffer","buffer","buffer","buffer","buffer","buffer",40220578
"buffer","buffer","buffer","buffer","buffer","buffer","buffer","buffer","buffer","buffer",40232635
"buffer","buffer","buffer","buffer","buffer","buffer","buffer","buffer","buffer","buffer",40244657
"buffer","buffer","buffer","buffer","buffer","buffer","buffer","buffer","buffer","buffer",40256811
"buffer","buffer","buffer","buffer","buffer","buffer","buffer","buffer","buffer","buffer",40268763
"buffer","buffer","buffer","buffer","buffer","buffer","buffer","buffer","buffer","buffer",40280954
"buffer","buffer","buffer","buffer","buffer","buffer","buffer","buffer","buffer","buffer",40292833
"buffer","buffer","buffer","buffer","buffer","buffer","buffer","buffer","buffer","buffer",40305078
"buffer","buffer","buffer","buffer","buffer","buffer","buffer","buffer","buffer","buffer",40317118
"buffer","buffer","buffer","buffer","buffer","buffer","buffer","buffer","buffer","buffer",40328900
"buffer","buffer","buffer","buffer","buffer","buffer","buffer","buffer","buffer","buffer",40341149
"buffer","buffer","buffer","buffer","buffer","buffer","buffer","buffer","buffer","buffer",40353154
"buffer","buffer","buffer","buffer","buffer","buffer","buffer","buffer","buffer","buffer",40365388
"buffer","buffer","buffer","buffer","buffer","buffer","buffer","buffer","buffer","buffer",40377301
"buffer","buffer","buffer","buffer","buffer","buffer","buffer","buffer","buffer","buffer",40389225
"buffer","buffer","buffer","buffer","buffer","buffer","buffer","buffer","buffer","buffer",40401423
"buffer","buffer","buffer","buffer","buffer","buffer","buffer","buffer","buffer","buffer",40413227
"buffer","buffer","buffer","buffer","buffer","buffer","buffer","buffer","buffer","buffer",40425386
"buffer","buffer","buffer","buffer","buffer","buffer","buffer","buffer","buffer","buffer",40437540
"buffer","buffer","buffer","buffer","buffer","buffer","buffer","buffer","buffer","buffer",40449385
"buffer","buffer","buffer","buffer","buffer","buffer","buffer","buffer","buffer","buffer",40461426
"buffer","buffer","buffer","buffer","buffer","buffer","buffer","buffer","buffer","buffer",40473626
"buffer","buffer","buffer","buffer","buffer","buffer","buffer","buffer","buffer","buffer",40485659
"buffer","buffer","buffer","buffer","buffer","buffer","buffer","buffer","buffer","buffer",40497726
"buffer","buffer","buffer","buffer","buffer","buffer","buffer","buffer","buffer","buffer",40509551
"buffer","buffer","buffer","buffer","buffer","buffer","buffer","buffer","buffer","buffer",40521726
"buffer","buffer","buffer","buffer","buffer","buffer","buffer","buffer","buffer","buffer",40533878
"buffer","buffer","buffer","buffer","buffer","buffer","buffer","buffer","buffer","buffer",40545895
"buffer","buffer","buffer","buffer","buffer","buffer","buffer","buffer","buffer","buffer",40557965
"buffer","buffer","buffer","buffer","buffer","buffer","buffer","buffer","buffer","buffer",40569992
"buffer","buffer","buffer","buffer","buffer","buffer","buffer","buffer","buffer","buffer",40582137
"buffer","buffer","buffer","buffer","buffer","buffer","buffer","buffer","buffer","buffer",40594182
"buffer","buffer","buffer","buffer","buffer","buffer","buffer","buffer","buffer","buffer",40606220
"buffer","buffer","buffer","buffer","buffer","buffer","buffer","buffer","buffer","buffer",40618213
"buffer","buffer","buffer","buffer","buffer","buffer","buffer","buffer","buffer","buffer",40630055
"buffer","buffer","buffer","buffer","buffer","buffer","buffer","buffer","buffer","buffer",40642320
"buffer","buffer","buffer","buffer","buffer","buffer","buffer","buffer","buffer","buffer",40654409
"buffer","buffer","buffer","buffer","buffer","buffer","buffer","buffer","buffer","buffer",40666266
"buffer","buffer","buffer","buffer","buffer","buffer","buffer","buffer","buffer","buffer",40678509
"buffer","buffer","buffer","buffer","buffer","buffer","buffer","buffer","buffer","buffer",40690403
"buffer","buffer","buffer","buffer","buffer","buffer","buffer","buffer","buffer","buffer",40702547
"buffer","buffer","buffer","buffer","buffer","buffer","buffer","buffer","buffer","buffer",40714602
"buffer","buffer","buffer","buffer","buffer","buffer","buffer","buffer","buffer","buffer",40726706
"buffer","buffer","buffer","buffer","buffer","buffer","buffer","buffer","buffer","buffer",40738633
"buffer","buffer","buffer","buffer","buffer","buffer","buffer","buffer","buffer","buffer",40750771
"buffer","buffer","buffer","buffer","buffer","buffer","buffer","buffer","buffer","buffer",40762778
"buffer","buffer","buffer","buffer","buffer","buffer","buffer","buffer","buffer","buffer",40774673
"buffer","buffer","buffer","buffer","buffer","buffer","buffer","buffer","buffer","buffer",40786843
"buffer","buffer","buffer","buffer","buffer","buffer","buffer","buffer","buffer","buffer",40798896
"buffer","buffer","buffer","buffer","buffer","buffer","buffer","buffer","buffer","buffer",40810979
"buffer","buffer","buffer","buffer","buffer","buffer","buffer","buffer","buffer","buffer",40822981
"buffer","buffer","buffer","buffer","buffer","buffer","buffer","buffer","buffer","buffer",40835013
"buffer","buffer","buffer","buffer","buffer","buffer","buffer","buffer","buffer","buffer",40847226
"buffer","buffer","buffer","buffer","buffer","buffer","buffer","buffer","buffer","buffer",40859168
"buffer","buffer","buffer","buffer","buffer","buffer","buffer","buffer","buffer","buffer",40871269
"buffer","buffer","buffer","buffer","buffer","buffer","buffer","buffer","buffer","buffer",40883142
"buffer","buffer","buffer","buffer","buffer","buffer","buffer","buffer","buffer","buffer",40895336
"buffer","buffer","buffer","buffer","buffer","buffer","buffer","buffer","buffer","buffer",40907284
"buffer","buffer","buffer","buffer","buffer","buffer","buffer","buffer","buffer","buffer",40919353
"buffer","buffer","buffer","buffer","buffer","buffer","buffer","buffer","buffer","buffer",40931472
"buffer","buffer","buffer","buffer","buffer","buffer","buffer","buffer","buffer","buffer",40943457
"buffer","buffer","buffer","buffer","buffer","buffer","buffer","buffer","buffer","buffer",40955267
"buffer","buffer","buffer","buffer","buffer","buffer","buffer","buffer","buffer","buffer",40967376
"buffer","buffer","buffer","buffer","buffer","buffer","buffer","buffer","buffer","buffer",40979553
"buffer","buffer","buffer","buffer","buffer","buffer","buffer","buffer","buffer","buffer",40991661
"buffer","buffer","buffer","buffer","buffer","buffer","buffer","buffer","buffer","buffer",41003617
"buffer","buffer","buffer","buffer","buffer","buffer","buffer","buffer","buffer","buffer",41015708
"buffer","buffer","buffer","buffer","buffer","buffer","buffer","buffer","buffer","buffer",41027865
"buffer","buffer","buffer","buffer","buffer","buffer","buffer","buffer","buffer","buffer",41039619
"buffer","buffer","buffer","buffer","buffer","buffer","buffer","buffer","buffer","buffer",41051809
"buffer","buffer","buffer","buffer","buffer","buffer","buffer","buffer","buffer","buffer",41063845
"buffer","buffer","buffer","buffer","buffer","buffer","buffer","buffer","buffer","buffer",41075942
"buffer","buffer","buffer","buffer","buffer","buffer","buffer","buffer","buffer","buffer",41087863
"buffer","buffer","buffer","buffer","buffer","buffer","buffer","buffer","buffer","buffer",41100016
"buffer","buffer","buffer","buffer","buffer","buffer","buffer","buffer","buffer","buffer",41111856
"buffer","buffer","buffer","buffer","buffer","buffer","buffer","buffer","buffer","buffer",41124222
"buffer","buffer","buffer","buffer","buffer","buffer","buffer","buffer","buffer","buffer",41136131
"buffer","buffer","buffer","buffer","buffer","buffer","buffer","buffer","buffer","buffer",41148263
"buffer","buffer","buffer","buffer","buffer","buffer","buffer","buffer","buffer","buffer",41160064
"buffer","buffer","buffer","buffer","buffer","buffer","buffer","buffer","buffer","buffer",41172240
"buffer","buffer","buffer","buffer","buffer","buffer","buffer","buffer","buffer","buffer",41184633
"buffer","buffer","buffer","buffer","buffer","buffer","buffer","buffer","buffer","buffer",41196334
"buffer","buffer","buffer","buffer","buffer","buffer","buffer","buffer","buffer","buffer",41208509
"buffer","buffer","buffer","buffer","buffer","buffer","buffer","buffer","buffer","buffer",41220633
"buffer","buffer","buffer","buffer","buffer","buffer","buffer","buffer","buffer","buffer",41232570
"buffer","buffer","buffer","buffer","buffer","buffer","buffer","buffer","buffer","buffer",41244501
"buffer","buffer","buffer","buffer","buffer","buffer","buffer","buffer","buffer","buffer",41256570
"buffer","buffer","buffer","buffer","buffer","buffer","buffer","buffer","buffer","buffer",41268613
"buffer","buffer","buffer","buffer","buffer","buffer","buffer","buffer","buffer","buffer",41280663
"buffer","buffer","buffer","buffer","buffer","buffer","buffer","buffer","buffer","buffer",41292829
"buffer","buffer","buffer","buffer","buffer","buffer","buffer","buffer","buffer","buffer",41304701
"buffer","buffer","buffer","buffer","buffer","buffer","buffer","buffer","buffer","buffer",41316675
"buffer","buffer","buffer","buffer","buffer","buffer","buffer","buffer","buffer","buffer",41328796
"buffer","buffer","buffer","buffer","buffer","buffer","buffer","buffer","buffer","buffer",41340924
"buffer","buffer","buffer","buffer","buffer","buffer","buffer","buffer","buffer","buffer",41352920
"buffer","buffer","buffer","buffer","buffer","buffer","buffer","buffer","buffer","buffer",41365062
"buffer","buffer","buffer","buffer","buffer","buffer","buffer","buffer","buffer","buffer",41377128
"buffer","buffer","buffer","buffer","buffer","buffer","buffer","buffer","buffer","buffer",41389216
"buffer","buffer","buffer","buffer","buffer","buffer","buffer","buffer","buffer","buffer",41400946
"buffer","buffer","buffer","buffer","buffer","buffer","buffer","buffer","buffer","buffer",41413203
"buffer","buffer","buffer","buffer","buffer","buffer","buffer","buffer","buffer","buffer",41425301
"buffer","buffer","buffer","buffer","buffer","buffer","buffer","buffer","buffer","buffer",41437403
"buffer","buffer","buffer","buffer","buffer","buffer","buffer","buffer","buffer","buffer",41449149
"buffer","buffer","buffer","buffer","buffer","buffer","buffer","buffer","buffer","buffer",41461244
"buffer","buffer","buffer","buffer","buffer","buffer","buffer","buffer","buffer","buffer",41473373
"buffer","buffer","buffer","buffer","buffer","buffer","buffer","buffer","buffer","buffer",41485437
"buffer","buffer","buffer","buffer","buffer","buffer","buffer","buffer","buffer","buffer",41497417
"buffer","buffer","buffer","buffer","buffer","buffer","buffer","buffer","buffer","buffer",41509412
"buffer","buffer","buffer","buffer","buffer","buffer","buffer","buffer","buffer","buffer",41521544
"buffer","buffer","buffer","buffer","buffer","buffer","buffer","buffer","buffer","buffer",41533689
"buffer","buffer","buffer","buffer","buffer","buffer","buffer","buffer","buffer","buffer",41545614
"buffer","buffer","buffer","buffer","buffer","buffer","buffer","buffer","buffer","buffer",41557723
"buffer","buffer","buffer","buffer","buffer","buffer","buffer","buffer","buffer","buffer",41569674
"buffer","buffer","buffer","buffer","buffer","buffer","buffer","buffer","buffer","buffer",41581791
"buffer","buffer","buffer","buffer","buffer","buffer","buffer","buffer","buffer","buffer",41593824
"buffer","buffer","buffer","buffer","buffer","buffer","buffer","buffer","buffer","buffer",41606055
"buffer","buffer","buffer","buffer","buffer","buffer","buffer","buffer","buffer","buffer",41618072
"buffer","buffer","buffer","buffer","buffer","buffer","buffer","buffer","buffer","buffer",41629959
"buffer","buffer","buffer","buffer","buffer","buffer","buffer","buffer","buffer","buffer",41641999
"buffer","buffer","buffer","buffer","buffer","buffer","buffer","buffer","buffer","buffer",41654076
"buffer","buffer","buffer","buffer","buffer","buffer","buffer","buffer","buffer","buffer",41666187
"buffer","buffer","buffer","buffer","buffer","buffer","buffer","buffer","buffer","buffer",41678243
"buffer","buffer","buffer","buffer","buffer","buffer","buffer","buffer","buffer","buffer",41690298
"buffer","buffer","buffer","buffer","buffer","buffer","buffer","buffer","buffer","buffer",41702379
"buffer","buffer","buffer","buffer","buffer","buffer","buffer","buffer","buffer","buffer",41714422
"buffer","buffer","buffer","buffer","buffer","buffer","buffer","buffer","buffer","buffer",41726350
"buffer","buffer","buffer","buffer","buffer","buffer","buffer","buffer","buffer","buffer",41738431
"buffer","buffer","buffer","buffer","buffer","buffer","buffer","buffer","buffer","buffer",41750556
"buffer","buffer","buffer","buffer","buffer","buffer","buffer","buffer","buffer","buffer",41762658
"buffer","buffer","buffer","buffer","buffer","buffer","buffer","buffer","buffer","buffer",41774633
"buffer","buffer","buffer","buffer","buffer","buffer","buffer","buffer","buffer","buffer",41786745
"buffer","buffer","buffer","buffer","buffer","buffer","buffer","buffer","buffer","buffer",41798729
"buffer","buffer","buffer","buffer","buffer","buffer","buffer","buffer","buffer","buffer",41810783
"buffer","buffer","buffer","buffer","buffer","buffer","buffer","buffer","buffer","buffer",41822737
"buffer","buffer","buffer","buffer","buffer","buffer","buffer","buffer","buffer","buffer",41834645
"buffer","buffer","buffer","buffer","buffer","buffer","buffer","buffer","buffer","buffer",41846665
"buffer","buffer","buffer","buffer","buffer","buffer","buffer","buffer","buffer","buffer",41858770
"buffer","buffer","buffer","buffer","buffer","buffer","buffer","buffer","buffer","buffer",41870800
"buffer","buffer","buffer","buffer","buffer","buffer","buffer","buffer","buffer","buffer",41883063
"buffer","buffer","buffer","buffer","buffer","buffer","buffer","buffer","buffer","buffer",41894998
"buffer","buffer","buffer","buffer","buffer","buffer","buffer","buffer","buffer","buffer",41907010
"buffer","buffer","buffer","buffer","buffer","buffer","buffer","buffer","buffer","buffer",41919036
"buffer","buffer","buffer","buffer","buffer","buffer","buffer","buffer","buffer","buffer",41931161
"buffer","buffer","buffer","buffer","buffer","buffer","buffer","buffer","buffer","buffer",41943123
"buffer","buffer","buffer","buffer","buffer","buffer","buffer","buffer","buffer","buffer",41955260
"buffer","buffer","buffer","buffer","buffer","buffer","buffer","buffer","buffer","buffer",41967240
"buffer","buffer","buffer","buffer","buffer","buffer","buffer","buffer","buffer","buffer",41979365
"buffer","buffer","buffer","buffer","buffer","buffer","buffer","buffer","buffer","buffer",41991403
"buffer","buffer","buffer","buffer","buffer","buffer","buffer","buffer","buffer","buffer",42003406
"buffer","buffer","buffer","buffer","buffer","buffer","buffer","buffer","buffer","buffer",42015467
"buffer","buffer","buffer","buffer","buffer","buffer","buffer","buffer","buffer","buffer",42027431
"buffer","buffer","buffer","buffer","buffer","buffer","buffer","buffer","buffer","buffer",42039618
"buffer","buffer","buffer","buffer","buffer","buffer","buffer","buffer","buffer","buffer",42051512
"buffer","buffer","buffer","buffer","buffer","buffer","buffer","buffer","buffer","buffer",42063678
"buffer","buffer","buffer","buffer","buffer","buffer","buffer","buffer","buffer","buffer",42075823
"buffer","buffer","buffer","buffer","buffer","buffer","buffer","buffer","buffer","buffer",42087635
"buffer","buffer","buffer","buffer","buffer","buffer","buffer","buffer","buffer","buffer",42099679
"buffer","buffer","buffer","buffer","buffer","buffer","buffer","buffer","buffer","buffer",42111734
"buffer","buffer","buffer","buffer","buffer","buffer","buffer","buffer","buffer","buffer",42123890
"buffer","buffer","buffer","buffer","buffer","buffer","buffer","buffer","buffer","buffer",42135863
"buffer","buffer","buffer","buffer","buffer","buffer","buffer","buffer","buffer","buffer",42148157
"buffer","buffer","buffer","buffer","buffer","buffer","buffer","buffer","buffer","buffer",42159940
"buffer","buffer","buffer","buffer","buffer","buffer","buffer","buffer","buffer","buffer",42172055
"buffer","buffer","buffer","buffer","buffer","buffer","buffer","buffer","buffer","buffer",42184009
"buffer","buffer","buffer","buffer","buffer","buffer","buffer","buffer","buffer","buffer",42195993
"buffer","buffer","buffer","buffer","buffer","buffer","buffer","buffer","buffer","buffer",42208293
"buffer","buffer","buffer","buffer","buffer","buffer","buffer","buffer","buffer","buffer",42220336
"buffer","buffer","buffer","buffer","buffer","buffer","buffer","buffer","buffer","buffer",42232394
"buffer","buffer","buffer","buffer","buffer","buffer","buffer","buffer","buffer","buffer",42244327
"buffer","buffer","buffer","buffer","buffer","buffer","buffer","buffer","buffer","buffer",42256281
"buffer","buffer","buffer","buffer","buffer","buffer","buffer","buffer","buffer","buffer",42268427
"buffer","buffer","buffer","buffer","buffer","buffer","buffer","buffer","buffer","buffer",42280577
"buffer","buffer","buffer","buffer","buffer","buffer","buffer","buffer","buffer","buffer",42292528
"buffer","buffer","buffer","buffer","buffer","buffer","buffer","buffer","buffer","buffer",42304677
"buffer","buffer","buffer","buffer","buffer","buffer","buffer","buffer","buffer","buffer",42316671
"buffer","buffer","buffer","buffer","buffer","buffer","buffer","buffer","buffer","buffer",42328545
"buffer","buffer","buffer","buffer","buffer","buffer","buffer","buffer","buffer","buffer",42340801
"buffer","buffer","buffer","buffer","buffer","buffer","buffer","buffer","buffer","buffer",42352710
"buffer","buffer","buffer","buffer","buffer","buffer","buffer","buffer","buffer","buffer",42364804
"buffer","buffer","buffer","buffer","buffer","buffer","buffer","buffer","buffer","buffer",42376855
"buffer","buffer","buffer","buffer","buffer","buffer","buffer","buffer","buffer","buffer",42388889
"buffer","buffer","buffer","buffer","buffer","buffer","buffer","buffer","buffer","buffer",42401067
"buffer","buffer","buffer","buffer","buffer","buffer","buffer","buffer","buffer","buffer",42412937
"buffer","buffer","buffer","buffer","buffer","buffer","buffer","buffer","buffer","buffer",42424985
"buffer","buffer","buffer","buffer","buffer","buffer","buffer","buffer","buffer","buffer",42437030
"buffer","buffer","buffer","buffer","buffer","buffer","buffer","buffer","buffer","buffer",42448972
"buffer","buffer","buffer","buffer","buffer","buffer","buffer","buffer","buffer","buffer",42461279
"buffer","buffer","buffer","buffer","buffer","buffer","buffer","buffer","buffer","buffer",42473138
"buffer","buffer","buffer","buffer","buffer","buffer","buffer","buffer","buffer","buffer",42485388
"buffer","buffer","buffer","buffer","buffer","buffer","buffer","buffer","buffer","buffer",42497420
"buffer","buffer","buffer","buffer","buffer","buffer","buffer","buffer","buffer","buffer",42509319
"buffer","buffer","buffer","buffer","buffer","buffer","buffer","buffer","buffer","buffer",42521325
"buffer","buffer","buffer","buffer","buffer","buffer","buffer","buffer","buffer","buffer",42533488
"buffer","buffer","buffer","buffer","buffer","buffer","buffer","buffer","buffer","buffer",42545585
"buffer","buffer","buffer","buffer","buffer","buffer","buffer","buffer","buffer","buffer",42557577
"buffer","buffer","buffer","buffer","buffer","buffer","buffer","buffer","buffer","buffer",42569540
"buffer","buffer","buffer","buffer","buffer","buffer","buffer","buffer","buffer","buffer",42581624
"buffer","buffer","buffer","buffer","buffer","buffer","buffer","buffer","buffer","buffer",42593581
"buffer","buffer","buffer","buffer","buffer","buffer","buffer","buffer","buffer","buffer",42605820
"buffer","buffer","buffer","buffer","buffer","buffer","buffer","buffer","buffer","buffer",42617722
"buffer","buffer","buffer","buffer","buffer","buffer","buffer","buffer","buffer","buffer",42629816
"buffer","buffer","buffer","buffer","buffer","buffer","buffer","buffer","buffer","buffer",42641951
"buffer","buffer","buffer","buffer","buffer","buffer","buffer","buffer","buffer","buffer",42653803
"buffer","buffer","buffer","buffer","buffer","buffer","buffer","buffer","buffer","buffer",42665939
"buffer","buffer","buffer","buffer","buffer","buffer","buffer","buffer","buffer","buffer",42678112
"buffer","buffer","buffer","buffer","buffer","buffer","buffer","buffer","buffer","buffer",42690152
"buffer","buffer","buffer","buffer","buffer","buffer","buffer","buffer","buffer","buffer",42702007
"buffer","buffer","buffer","buffer","buffer","buffer","buffer","buffer","buffer","buffer",42714300
"buffer","buffer","buffer","buffer","buffer","buffer","buffer","buffer","buffer","buffer",42726267
"buffer","buffer","buffer","buffer","buffer","buffer","buffer","buffer","buffer","buffer",42738196
"buffer","buffer","buffer","buffer","buffer","buffer","buffer","buffer","buffer","buffer",42750414
"buffer","buffer","buffer","buffer","buffer","buffer","buffer","buffer","buffer","buffer",42762415
"buffer","buffer","buffer","buffer","buffer","buffer","buffer","buffer","buffer","buffer",42774190
"buffer","buffer","buffer","buffer","buffer","buffer","buffer","buffer","buffer","buffer",42786579
"buffer","buffer","buffer","buffer","buffer","buffer","buffer","buffer","buffer","buffer",42798404
"buffer","buffer","buffer","buffer","buffer","buffer","buffer","buffer","buffer","buffer",42810577
"buffer","buffer","buffer","buffer","buffer","buffer","buffer","buffer","buffer","buffer",42822525
"buffer","buffer","buffer","buffer","buffer","buffer","buffer","buffer","buffer","buffer",42834638
"buffer","buffer","buffer","buffer","buffer","buffer","buffer","buffer","buffer","buffer",42846579
"buffer","buffer","buffer","buffer","buffer","buffer","buffer","buffer","buffer","buffer",42858644
"buffer","buffer","buffer","buffer","buffer","buffer","buffer","buffer","buffer","buffer",42870812
"buffer","buffer","buffer","buffer","buffer","buffer","buffer","buffer","buffer","buffer",42882651
"buffer","buffer","buffer","buffer","buffer","buffer","buffer","buffer","buffer","buffer",42894776
"buffer","buffer","buffer","buffer","buffer","buffer","buffer","buffer","buffer","buffer",42907033
"buffer","buffer","buffer","buffer","buffer","buffer","buffer","buffer","buffer","buffer",42918951
"buffer","buffer","buffer","buffer","buffer","buffer","buffer","buffer","buffer","buffer",42930986
"buffer","buffer","buffer","buffer","buffer","buffer","buffer","buffer","buffer","buffer",42942994
"buffer","buffer","buffer","buffer","buffer","buffer","buffer","buffer","buffer","buffer",42955084
"buffer","buffer","buffer","buffer","buffer","buffer","buffer","buffer","buffer","buffer",42967218
"buffer","buffer","buffer","buffer","buffer","buffer","buffer","buffer","buffer","buffer",42979050
"buffer","buffer","buffer","buffer","buffer","buffer","buffer","buffer","buffer","buffer",42991134
"buffer","buffer","buffer","buffer","buffer","buffer","buffer","buffer","buffer","buffer",43003428
"buffer","buffer","buffer","buffer","buffer","buffer","buffer","buffer","buffer","buffer",43015216
"buffer","buffer","buffer","buffer","buffer","buffer","buffer","buffer","buffer","buffer",43027285
"buffer","buffer","buffer","buffer","buffer","buffer","buffer","buffer","buffer","buffer",43039418
"buffer","buffer","buffer","buffer","buffer","buffer","buffer","buffer","buffer","buffer",43051355
"buffer","buffer","buffer","buffer","buffer","buffer","buffer","buffer","buffer","buffer",43063433
"buffer","buffer","buffer","buffer","buffer","buffer","buffer","buffer","buffer","buffer",43075438
"buffer","buffer","buffer","buffer","buffer","buffer","buffer","buffer","buffer","buffer",43087522
"buffer","buffer","buffer","buffer","buffer","buffer","buffer","buffer","buffer","buffer",43099507
"buffer","buffer","buffer","buffer","buffer","buffer","buffer","buffer","buffer","buffer",43111682
"buffer","buffer","buffer","buffer","buffer","buffer","buffer","buffer","buffer","buffer",43123780
"buffer","buffer","buffer","buffer","buffer","buffer","buffer","buffer","buffer","buffer",43135755
"buffer","buffer","buffer","buffer","buffer","buffer","buffer","buffer","buffer","buffer",43147732
"buffer","buffer","buffer","buffer","buffer","buffer","buffer","buffer","buffer","buffer",43159760
"buffer","buffer","buffer","buffer","buffer","buffer","buffer","buffer","buffer","buffer",43171841
"buffer","buffer","buffer","buffer","buffer","buffer","buffer","buffer","buffer","buffer",43183802
"buffer","buffer","buffer","buffer","buffer","buffer","buffer","buffer","buffer","buffer",43196035
"buffer","buffer","buffer","buffer","buffer","buffer","buffer","buffer","buffer","buffer",43208033
"buffer","buffer","buffer","buffer","buffer","buffer","buffer","buffer","buffer","buffer",43220026
"buffer","buffer","buffer","buffer","buffer","buffer","buffer","buffer","buffer","buffer",43232124
"buffer","buffer","buffer","buffer","buffer","buffer","buffer","buffer","buffer","buffer",43244074
"buffer","buffer","buffer","buffer","buffer","buffer","buffer","buffer","buffer","buffer",43256155
"buffer","buffer","buffer","buffer","buffer","buffer","buffer","buffer","buffer","buffer",43268309
"buffer","buffer","buffer","buffer","buffer","buffer","buffer","buffer","buffer","buffer",43280310
"buffer","buffer","buffer","buffer","buffer","buffer","buffer","buffer","buffer","buffer",43292337
"buffer","buffer","buffer","buffer","buffer","buffer","buffer","buffer","buffer","buffer",43304350
"buffer","buffer","buffer","buffer","buffer","buffer","buffer","buffer","buffer","buffer",43316325
"buffer","buffer","buffer","buffer","buffer","buffer","buffer","buffer","buffer","buffer",43328524
"buffer","buffer","buffer","buffer","buffer","buffer","buffer","buffer","buffer","buffer",43340401
"buffer","buffer","buffer","buffer","buffer","buffer","buffer","buffer","buffer","buffer",43352607
"buffer","buffer","buffer","buffer","buffer","buffer","buffer","buffer","buffer","buffer",43364434
"buffer","buffer","buffer","buffer","buffer","buffer","buffer","buffer","buffer","buffer",43376629
"buffer","buffer","buffer","buffer","buffer","buffer","buffer","buffer","buffer","buffer",43388620
"buffer","buffer","buffer","buffer","buffer","buffer","buffer","buffer","buffer","buffer",43400848
"buffer","buffer","buffer","buffer","buffer","buffer","buffer","buffer","buffer","buffer",43412706
"buffer","buffer","buffer","buffer","buffer","buffer","buffer","buffer","buffer","buffer",43424975
"buffer","buffer","buffer","buffer","buffer","buffer","buffer","buffer","buffer","buffer",43436815
"buffer","buffer","buffer","buffer","buffer","buffer","buffer","buffer","buffer","buffer",43448874
"buffer","buffer","buffer","buffer","buffer","buffer","buffer","buffer","buffer","buffer",43460955
"buffer","buffer","buffer","buffer","buffer","buffer","buffer","buffer","buffer","buffer",43473231
"buffer","buffer","buffer","buffer","buffer","buffer","buffer","buffer","buffer","buffer",43484918
"buffer","buffer","buffer","buffer","buffer","buffer","buffer","buffer","buffer","buffer",43497076
"buffer","buffer","buffer","buffer","buffer","buffer","buffer","buffer","buffer","buffer",43509159
"buffer","buffer","buffer","buffer","buffer","buffer","buffer","buffer","buffer","buffer",43521200
"buffer","buffer","buffer","buffer","buffer","buffer","buffer","buffer","buffer","buffer",43532996
"buffer","buffer","buffer","buffer","buffer","buffer","buffer","buffer","buffer","buffer",43545219
"buffer","buffer","buffer","buffer","buffer","buffer","buffer","buffer","buffer","buffer",43557237
"buffer","buffer","buffer","buffer","buffer","buffer","buffer","buffer","buffer","buffer",43569373
"buffer","buffer","buffer","buffer","buffer","buffer","buffer","buffer","buffer","buffer",43581542
"buffer","buffer","buffer","buffer","buffer","buffer","buffer","buffer","buffer","buffer",43593581
"buffer","buffer","buffer","buffer","buffer","buffer","buffer","buffer","buffer","buffer",43605553
"buffer","buffer","buffer","buffer","buffer","buffer","buffer","buffer","buffer","buffer",43617774
"buffer","buffer","buffer","buffer","buffer","buffer","buffer","buffer","buffer","buffer",43629555
"buffer","buffer","buffer","buffer","buffer","buffer","buffer","buffer","buffer","buffer",43641848
"buffer","buffer","buffer","buffer","buffer","buffer","buffer","buffer","buffer","buffer",43653667
"buffer","buffer","buffer","buffer","buffer","buffer","buffer","buffer","buffer","buffer",43665515
"buffer","buffer","buffer","buffer","buffer","buffer","buffer","buffer","buffer","buffer",43677810
"buffer","buffer","buffer","buffer","buffer","buffer","buffer","buffer","buffer","buffer",43689825
"buffer","buffer","buffer","buffer","buffer","buffer","buffer","buffer","buffer","buffer",43702017
"buffer","buffer","buffer","buffer","buffer","buffer","buffer","buffer","buffer","buffer",43713816
"buffer","buffer","buffer","buffer","buffer","buffer","buffer","buffer","buffer","buffer",43725914
"buffer","buffer","buffer","buffer","buffer","buffer","buffer","buffer","buffer","buffer",43738054
"buffer","buffer","buffer","buffer","buffer","buffer","buffer","buffer","buffer","buffer",43750001
"buffer","buffer","buffer","buffer","buffer","buffer","buffer","buffer","buffer","buffer",43762142
"buffer","buffer","buffer","buffer","buffer","buffer","buffer","buffer","buffer","buffer",43773910
"buffer","buffer","buffer","buffer","buffer","buffer","buffer","buffer","buffer","buffer",43786219
"buffer","buffer","buffer","buffer","buffer","buffer","buffer","buffer","buffer","buffer",43798147
"buffer","buffer","buffer","buffer","buffer","buffer","buffer","buffer","buffer","buffer",43810245
"buffer","buffer","buffer","buffer","buffer","buffer","buffer","buffer","buffer","buffer",43822340
"buffer","buffer","buffer","buffer","buffer","buffer","buffer","buffer","buffer","buffer",43834478
"buffer","buffer","buffer","buffer","buffer","buffer","buffer","buffer","buffer","buffer",43846449
"buffer","buffer","buffer","buffer","buffer","buffer","buffer","buffer","buffer","buffer",43858573
"buffer","buffer","buffer","buffer","buffer","buffer","buffer","buffer","buffer","buffer",43870514
"buffer","buffer","buffer","buffer","buffer","buffer","buffer","buffer","buffer","buffer",43882685
"buffer","buffer","buffer","buffer","buffer","buffer","buffer","buffer","buffer","buffer",43894684
"buffer","buffer","buffer","buffer","buffer","buffer","buffer","buffer","buffer","buffer",43906758
"buffer","buffer","buffer","buffer","buffer","buffer","buffer","buffer","buffer","buffer",43918780
"buffer","buffer","buffer","buffer","buffer","buffer","buffer","buffer","buffer","buffer",43930645
"buffer","buffer","buffer","buffer","buffer","buffer","buffer","buffer","buffer","buffer",43942859
"buffer","buffer","buffer","buffer","buffer","buffer","buffer","buffer","buffer","buffer",43954657
"buffer","buffer","buffer","buffer","buffer","buffer","buffer","buffer","buffer","buffer",43966801
"buffer","buffer","buffer","buffer","buffer","buffer","buffer","buffer","buffer","buffer",43978934
"buffer","buffer","buffer","buffer","buffer","buffer","buffer","buffer","buffer","buffer",43990855
"buffer","buffer","buffer","buffer","buffer","buffer","buffer","buffer","buffer","buffer",44003086
"buffer","buffer","buffer","buffer","buffer","buffer","buffer","buffer","buffer","buffer",44015038
"buffer","buffer","buffer","buffer","buffer","buffer","buffer","buffer","buffer","buffer",44027123
"buffer","buffer","buffer","buffer","buffer","buffer","buffer","buffer","buffer","buffer",44039104
"buffer","buffer","buffer","buffer","buffer","buffer","buffer","buffer","buffer","buffer",44051223
"buffer","buffer","buffer","buffer","buffer","buffer","buffer","buffer","buffer","buffer",44063298
"buffer","buffer","buffer","buffer","buffer","buffer","buffer","buffer","buffer","buffer",44075082
"buffer","buffer","buffer","buffer","buffer","buffer","buffer","buffer","buffer","buffer",44087325
"buffer","buffer","buffer","buffer","buffer","buffer","buffer","buffer","buffer","buffer",44099396
"buffer","buffer","buffer","buffer","buffer","buffer","buffer","buffer","buffer","buffer",44111515
"buffer","buffer","buffer","buffer","buffer","buffer","buffer","buffer","buffer","buffer",44123401
"buffer","buffer","buffer","buffer","buffer","buffer","buffer","buffer","buffer","buffer",44135425
"buffer","buffer","buffer","buffer","buffer","buffer","buffer","buffer","buffer","buffer",44147626
"buffer","buffer","buffer","buffer","buffer","buffer","buffer","buffer","buffer","buffer",44159494
"buffer","buffer","buffer","buffer","buffer","buffer","buffer","buffer","buffer","buffer",44171794
"buffer","buffer","buffer","buffer","buffer","buffer","buffer","buffer","buffer","buffer",44183726
"buffer","buffer","buffer","buffer","buffer","buffer","buffer","buffer","buffer","buffer",44195623
"buffer","buffer","buffer","buffer","buffer","buffer","buffer","buffer","buffer","buffer",44207809
"buffer","buffer","buffer","buffer","buffer","buffer","buffer","buffer","buffer","buffer",44220049
"buffer","buffer","buffer","buffer","buffer","buffer","buffer","buffer","buffer","buffer",44231903
"buffer","buffer","buffer","buffer","buffer","buffer","buffer","buffer","buffer","buffer",44243972
"buffer","buffer","buffer","buffer","buffer","buffer","buffer","buffer","buffer","buffer",44256027
"buffer","buffer","buffer","buffer","buffer","buffer","buffer","buffer","buffer","buffer",44267931
"buffer","buffer","buffer","buffer","buffer","buffer","buffer","buffer","buffer","buffer",44280037
"buffer","buffer","buffer","buffer","buffer","buffer","buffer","buffer","buffer","buffer",44292172
"buffer","buffer","buffer","buffer","buffer","buffer","buffer","buffer","buffer","buffer",44304223
"buffer","buffer","buffer","buffer","buffer","buffer","buffer","buffer","buffer","buffer",44316109
"buffer","buffer","buffer","buffer","buffer","buffer","buffer","buffer","buffer","buffer",44328182
"buffer","buffer","buffer","buffer","buffer","buffer","buffer","buffer","buffer","buffer",44340104
"buffer","buffer","buffer","buffer","buffer","buffer","buffer","buffer","buffer","buffer",44352336
"buffer","buffer","buffer","buffer","buffer","buffer","buffer","buffer","buffer","buffer",44364450
"buffer","buffer","buffer","buffer","buffer","buffer","buffer","buffer","buffer","buffer",44376342
"buffer","buffer","buffer","buffer","buffer","buffer","buffer","buffer","buffer","buffer",44388436
"buffer","buffer","buffer","buffer","buffer","buffer","buffer","buffer","buffer","buffer",44400492
"buffer","buffer","buffer","buffer","buffer","buffer","buffer","buffer","buffer","buffer",44412512
"buffer","buffer","buffer","buffer","buffer","buffer","buffer","buffer","buffer","buffer",44424662
"buffer","buffer","buffer","buffer","buffer","buffer","buffer","buffer","buffer","buffer",44436771
"buffer","buffer","buffer","buffer","buffer","buffer","buffer","buffer","buffer","buffer",44448788
"buffer","buffer","buffer","buffer","buffer","buffer","buffer","buffer","buffer","buffer",44460768
"buffer","buffer","buffer","buffer","buffer","buffer","buffer","buffer","buffer","buffer",44472801
"buffer","buffer","buffer","buffer","buffer","buffer","buffer","buffer","buffer","buffer",44484943
"buffer","buffer","buffer","buffer","buffer","buffer","buffer","buffer","buffer","buffer",44496896
"buffer","buffer","buffer","buffer","buffer","buffer","buffer","buffer","buffer","buffer",44508990
"buffer","buffer","buffer","buffer","buffer","buffer","buffer","buffer","buffer","buffer",44521084
"buffer","buffer","buffer","buffer","buffer","buffer","buffer","buffer","buffer","buffer",44532998
"buffer","buffer","buffer","buffer","buffer","buffer","buffer","buffer","buffer","buffer",44545140
"buffer","buffer","buffer","buffer","buffer","buffer","buffer","buffer","buffer","buffer",44557170
"buffer","buffer","buffer","buffer","buffer","buffer","buffer","buffer","buffer","buffer",44569123
"buffer","buffer","buffer","buffer","buffer","buffer","buffer","buffer","buffer","buffer",44581188
"buffer","buffer","buffer","buffer","buffer","buffer","buffer","buffer","buffer","buffer",44593282
"buffer","buffer","buffer","buffer","buffer","buffer","buffer","buffer","buffer","buffer",44605285
"buffer","buffer","buffer","buffer","buffer","buffer","buffer","buffer","buffer","buffer",44617501
"buffer","buffer","buffer","buffer","buffer","buffer","buffer","buffer","buffer","buffer",44629445
"buffer","buffer","buffer","buffer","buffer","buffer","buffer","buffer","buffer","buffer",44641529
"buffer","buffer","buffer","buffer","buffer","buffer","buffer","buffer","buffer","buffer",44653449
"buffer","buffer","buffer","buffer","buffer","buffer","buffer","buffer","buffer","buffer",44665582
"buffer","buffer","buffer","buffer","buffer","buffer","buffer","buffer","buffer","buffer",44677477
"buffer","buffer","buffer","buffer","buffer","buffer","buffer","buffer","buffer","buffer",44689669
"buffer","buffer","buffer","buffer","buffer","buffer","buffer","buffer","buffer","buffer",44701608
"buffer","buffer","buffer","buffer","buffer","buffer","buffer","buffer","buffer","buffer",44713743
"buffer","buffer","buffer","buffer","buffer","buffer","buffer","buffer","buffer","buffer",44725767
"buffer","buffer","buffer","buffer","buffer","buffer","buffer","buffer","buffer","buffer",44737859
"buffer","buffer","buffer","buffer","buffer","buffer","buffer","buffer","buffer","buffer",44749837
"buffer","buffer","buffer","buffer","buffer","buffer","buffer","buffer","buffer","buffer",44761888
"buffer","buffer","buffer","buffer","buffer","buffer","buffer","buffer","buffer","buffer",44774007
"buffer","buffer","buffer","buffer","buffer","buffer","buffer","buffer","buffer","buffer",44786076
"buffer","buffer","buffer","buffer","buffer","buffer","buffer","buffer","buffer","buffer",44798091
"buffer","buffer","buffer","buffer","buffer","buffer","buffer","buffer","buffer","buffer",44810072
"buffer","buffer","buffer","buffer","buffer","buffer","buffer","buffer","buffer","buffer",44822179
"buffer","buffer","buffer","buffer","buffer","buffer","buffer","buffer","buffer","buffer",44834237
"buffer","buffer","buffer","buffer","buffer","buffer","buffer","buffer","buffer","buffer",44846395
"buffer","buffer","buffer","buffer","buffer","buffer","buffer","buffer","buffer","buffer",44858330
"buffer","buffer","buffer","buffer","buffer","buffer","buffer","buffer","buffer","buffer",44870293
"buffer","buffer","buffer","buffer","buffer","buffer","buffer","buffer","buffer","buffer",44882403
"buffer","buffer","buffer","buffer","buffer","buffer","buffer","buffer","buffer","buffer",44894414
"buffer","buffer","buffer","buffer","buffer","buffer","buffer","buffer","buffer","buffer",44906451
"buffer","buffer","buffer","buffer","buffer","buffer","buffer","buffer","buffer","buffer",44918394
"buffer","buffer","buffer","buffer","buffer","buffer","buffer","buffer","buffer","buffer",44930464
"buffer","buffer","buffer","buffer","buffer","buffer","buffer","buffer","buffer","buffer",44942565
"buffer","buffer","buffer","buffer","buffer","buffer","buffer","buffer","buffer","buffer",44954500
"buffer","buffer","buffer","buffer","buffer","buffer","buffer","buffer","buffer","buffer",44966700
"buffer","buffer","buffer","buffer","buffer","buffer","buffer","buffer","buffer","buffer",44978812
"buffer","buffer","buffer","buffer","buffer","buffer","buffer","buffer","buffer","buffer",44990716
"buffer","buffer","buffer","buffer","buffer","buffer","buffer","buffer","buffer","buffer",45002922
"buffer","buffer","buffer","buffer","buffer","buffer","buffer","buffer","buffer","buffer",45014974
"buffer","buffer","buffer","buffer","buffer","buffer","buffer","buffer","buffer","buffer",45027010
"buffer","buffer","buffer","buffer","buffer","buffer","buffer","buffer","buffer","buffer",45038935
"buffer","buffer","buffer","buffer","buffer","buffer","buffer","buffer","buffer","buffer",45051123
"buffer","buffer","buffer","buffer","buffer","buffer","buffer","buffer","buffer","buffer",45063010
"buffer","buffer","buffer","buffer","buffer","buffer","buffer","buffer","buffer","buffer",45075228
"buffer","buffer","buffer","buffer","buffer","buffer","buffer","buffer","buffer","buffer",45087306
"buffer","buffer","buffer","buffer","buffer","buffer","buffer","buffer","buffer","buffer",45099261
"buffer","buffer","buffer","buffer","buffer","buffer","buffer","buffer","buffer","buffer",45111251
"buffer","buffer","buffer","buffer","buffer","buffer","buffer","buffer","buffer","buffer",45123248
"buffer","buffer","buffer","buffer","buffer","buffer","buffer","buffer","buffer","buffer",45135109
"buffer","buffer","buffer","buffer","buffer","buffer","buffer","buffer","buffer","buffer",45147437
"buffer","buffer","buffer","buffer","buffer","buffer","buffer","buffer","buffer","buffer",45159603
"buffer","buffer","buffer","buffer","buffer","buffer","buffer","buffer","buffer","buffer",45171294
"buffer","buffer","buffer","buffer","buffer","buffer","buffer","buffer","buffer","buffer",45183572
"buffer","buffer","buffer","buffer","buffer","buffer","buffer","buffer","buffer","buffer",45195553
"buffer","buffer","buffer","buffer","buffer","buffer","buffer","buffer","buffer","buffer",45207423
"buffer","buffer","buffer","buffer","buffer","buffer","buffer","buffer","buffer","buffer",45219621
"buffer","buffer","buffer","buffer","buffer","buffer","buffer","buffer","buffer","buffer",45231632
"buffer","buffer","buffer","buffer","buffer","buffer","buffer","buffer","buffer","buffer",45243764
"buffer","buffer","buffer","buffer","buffer","buffer","buffer","buffer","buffer","buffer",45255742
"buffer","buffer","buffer","buffer","buffer","buffer","buffer","buffer","buffer","buffer",45267886
"buffer","buffer","buffer","buffer","buffer","buffer","buffer","buffer","buffer","buffer",45279996
"buffer","buffer","buffer","buffer","buffer","buffer","buffer","buffer","buffer","buffer",45292132
"buffer","buffer","buffer","buffer","buffer","buffer","buffer","buffer","buffer","buffer",45304035
"buffer","buffer","buffer","buffer","buffer","buffer","buffer","buffer","buffer","buffer",45316130
"buffer","buffer","buffer","buffer","buffer","buffer","buffer","buffer","buffer","buffer",45328010
"buffer","buffer","buffer","buffer","buffer","buffer","buffer","buffer","buffer","buffer",45340150
"buffer","buffer","buffer","buffer","buffer","buffer","buffer","buffer","buffer","buffer",45352195
"buffer","buffer","buffer","buffer","buffer","buffer","buffer","buffer","buffer","buffer",45364272
"buffer","buffer","buffer","buffer","buffer","buffer","buffer","buffer","buffer","buffer",45376129
"buffer","buffer","buffer","buffer","buffer","buffer","buffer","buffer","buffer","buffer",45388396
"buffer","buffer","buffer","buffer","buffer","buffer","buffer","buffer","buffer","buffer",45400467
"buffer","buffer","buffer","buffer","buffer","buffer","buffer","buffer","buffer","buffer",45412463
"buffer","buffer","buffer","buffer","buffer","buffer","buffer","buffer","buffer","buffer",45424413
"buffer","buffer","buffer","buffer","buffer","buffer","buffer","buffer","buffer","buffer",45436417
"buffer","buffer","buffer","buffer","buffer","buffer","buffer","buffer","buffer","buffer",45448671
"buffer","buffer","buffer","buffer","buffer","buffer","buffer","buffer","buffer","buffer",45460383
"buffer","buffer","buffer","buffer","buffer","buffer","buffer","buffer","buffer","buffer",45472529
"buffer","buffer","buffer","buffer","buffer","buffer","buffer","buffer","buffer","buffer",45484622
"buffer","buffer","buffer","buffer","buffer","buffer","buffer","buffer","buffer","buffer",45496759
"buffer","buffer","buffer","buffer","buffer","buffer","buffer","buffer","buffer","buffer",45508496
"buffer","buffer","buffer","buffer","buffer","buffer","buffer","buffer","buffer","buffer",45520834
"buffer","buffer","buffer","buffer","buffer","buffer","buffer","buffer","buffer","buffer",45532913
"buffer","buffer","buffer","buffer","buffer","buffer","buffer","buffer","buffer","buffer",45544817
"buffer","buffer","buffer","buffer","buffer","buffer","buffer","buffer","buffer","buffer",45556998
"buffer","buffer","buffer","buffer","buffer","buffer","buffer","buffer","buffer","buffer",45569039
"buffer","buffer","buffer","buffer","buffer","buffer","buffer","buffer","buffer","buffer",45581157
"buffer","buffer","buffer","buffer","buffer","buffer","buffer","buffer","buffer","buffer",45593076
"buffer","buffer","buffer","buffer","buffer","buffer","buffer","buffer","buffer","buffer",45605082
"buffer","buffer","buffer","buffer","buffer","buffer","buffer","buffer","buffer","buffer",45617159
"buffer","buffer","buffer","buffer","buffer","buffer","buffer","buffer","buffer","buffer",45629136
"buffer","buffer","buffer","buffer","buffer","buffer","buffer","buffer","buffer","buffer",45641123
"buffer","buffer","buffer","buffer","buffer","buffer","buffer","buffer","buffer","buffer",45653395
"buffer","buffer","buffer","buffer","buffer","buffer","buffer","buffer","buffer","buffer",45665410
"buffer","buffer","buffer","buffer","buffer","buffer","buffer","buffer","buffer","buffer",45677464
"buffer","buffer","buffer","buffer","buffer","buffer","buffer","buffer","buffer","buffer",45689474
"buffer","buffer","buffer","buffer","buffer","buffer","buffer","buffer","buffer","buffer",45701398
"buffer","buffer","buffer","buffer","buffer","buffer","buffer","buffer","buffer","buffer",45713663
"buffer","buffer","buffer","buffer","buffer","buffer","buffer","buffer","buffer","buffer",45725454
"buffer","buffer","buffer","buffer","buffer","buffer","buffer","buffer","buffer","buffer",45737632
"buffer","buffer","buffer","buffer","buffer","buffer","buffer","buffer","buffer","buffer",45749614
"buffer","buffer","buffer","buffer","buffer","buffer","buffer","buffer","buffer","buffer",45761812
"buffer","buffer","buffer","buffer","buffer","buffer","buffer","buffer","buffer","buffer",45773698
"buffer","buffer","buffer","buffer","buffer","buffer","buffer","buffer","buffer","buffer",45785813
"buffer","buffer","buffer","buffer","buffer","buffer","buffer","buffer","buffer","buffer",45797848
"buffer","buffer","buffer","buffer","buffer","buffer","buffer","buffer","buffer","buffer",45809725
"buffer","buffer","buffer","buffer","buffer","buffer","buffer","buffer","buffer","buffer",45821960
"buffer","buffer","buffer","buffer","buffer","buffer","buffer","buffer","buffer","buffer",45834112
"buffer","buffer","buffer","buffer","buffer","buffer","buffer","buffer","buffer","buffer",45846091
"buffer","buffer","buffer","buffer","buffer","buffer","buffer","buffer","buffer","buffer",45857910
"buffer","buffer","buffer","buffer","buffer","buffer","buffer","buffer","buffer","buffer",45869916
"buffer","buffer","buffer","buffer","buffer","buffer","buffer","buffer","buffer","buffer",45882310
"buffer","buffer","buffer","buffer","buffer","buffer","buffer","buffer","buffer","buffer",45894075
"buffer","buffer","buffer","buffer","buffer","buffer","buffer","buffer","buffer","buffer",45906205
"buffer","buffer","buffer","buffer","buffer","buffer","buffer","buffer","buffer","buffer",45918203
"buffer","buffer","buffer","buffer","buffer","buffer","buffer","buffer","buffer","buffer",45930300
"buffer","buffer","buffer","buffer","buffer","buffer","buffer","buffer","buffer","buffer",45942479
"buffer","buffer","buffer","buffer","buffer","buffer","buffer","buffer","buffer","buffer",45954415
"buffer","buffer","buffer","buffer","buffer","buffer","buffer","buffer","buffer","buffer",45966465
"buffer","buffer","buffer","buffer","buffer","buffer","buffer","buffer","buffer","buffer",45978461
"buffer","buffer","buffer","buffer","buffer","buffer","buffer","buffer","buffer","buffer",45990536
"buffer","buffer","buffer","buffer","buffer","buffer","buffer","buffer","buffer","buffer",46002694
"buffer","buffer","buffer","buffer","buffer","buffer","buffer","buffer","buffer","buffer",46014690
"buffer","buffer","buffer","buffer","buffer","buffer","buffer","buffer","buffer","buffer",46026744
"buffer","buffer","buffer","buffer","buffer","buffer","buffer","buffer","buffer","buffer",46038861
"buffer","buffer","buffer","buffer","buffer","buffer","buffer","buffer","buffer","buffer",46050697
"buffer","buffer","buffer","buffer","buffer","buffer","buffer","buffer","buffer","buffer",46063036
"buffer","buffer","buffer","buffer","buffer","buffer","buffer","buffer","buffer","buffer",46074885
"buffer","buffer","buffer","buffer","buffer","buffer","buffer","buffer","buffer","buffer",46086830
"buffer","buffer","buffer","buffer","buffer","buffer","buffer","buffer","buffer","buffer",46098915
"buffer","buffer","buffer","buffer","buffer","buffer","buffer","buffer","buffer","buffer",46110989
"buffer","buffer","buffer","buffer","buffer","buffer","buffer","buffer","buffer","buffer",46123080
"buffer","buffer","buffer","buffer","buffer","buffer","buffer","buffer","buffer","buffer",46135071
"buffer","buffer","buffer","buffer","buffer","buffer","buffer","buffer","buffer","buffer",46147207
"buffer","buffer","buffer","buffer","buffer","buffer","buffer","buffer","buffer","buffer",46159235
"buffer","buffer","buffer","buffer","buffer","buffer","buffer","buffer","buffer","buffer",46171355
"buffer","buffer","buffer","buffer","buffer","buffer","buffer","buffer","buffer","buffer",46183441
"buffer","buffer","buffer","buffer","buffer","buffer","buffer","buffer","buffer","buffer",46195399
"buffer","buffer","buffer","buffer","buffer","buffer","buffer","buffer","buffer","buffer",46207368
"buffer","buffer","buffer","buffer","buffer","buffer","buffer","buffer","buffer","buffer",46219408
"buffer","buffer","buffer","buffer","buffer","buffer","buffer","buffer","buffer","buffer",46231559
"buffer","buffer","buffer","buffer","buffer","buffer","buffer","buffer","buffer","buffer",46243523
"buffer","buffer","buffer","buffer","buffer","buffer","buffer","buffer","buffer","buffer",46255662
"buffer","buffer","buffer","buffer","buffer","buffer","buffer","buffer","buffer","buffer",46267867
"buffer","buffer","buffer","buffer","buffer","buffer","buffer","buffer","buffer","buffer",46279575
"buffer","buffer","buffer","buffer","buffer","buffer","buffer","buffer","buffer","buffer",46291790
"buffer","buffer","buffer","buffer","buffer","buffer","buffer","buffer","buffer","buffer",46303827
"buffer","buffer","buffer","buffer","buffer","buffer","buffer","buffer","buffer","buffer",46315784
"buffer","buffer","buffer","buffer","buffer","buffer","buffer","buffer","buffer","buffer",46328014
"buffer","buffer","buffer","buffer","buffer","buffer","buffer","buffer","buffer","buffer",46339897
"buffer","buffer","buffer","buffer","buffer","buffer","buffer","buffer","buffer","buffer",46351941
"buffer","buffer","buffer","buffer","buffer","buffer","buffer","buffer","buffer","buffer",46363918
"buffer","buffer","buffer","buffer","buffer","buffer","buffer","buffer","buffer","buffer",46376021
"buffer","buffer","buffer","buffer","buffer","buffer","buffer","buffer","buffer","buffer",46388197
"buffer","buffer","buffer","buffer","buffer","buffer","buffer","buffer","buffer","buffer",46400142
"buffer","buffer","buffer","buffer","buffer","buffer","buffer","buffer","buffer","buffer",46412342
"buffer","buffer","buffer","buffer","buffer","buffer","buffer","buffer","buffer","buffer",46424319
"buffer","buffer","buffer","buffer","buffer","buffer","buffer","buffer","buffer","buffer",46436139
"buffer","buffer","buffer","buffer","buffer","buffer","buffer","buffer","buffer","buffer",46448279
"buffer","buffer","buffer","buffer","buffer","buffer","buffer","buffer","buffer","buffer",46460406
"buffer","buffer","buffer","buffer","buffer","buffer","buffer","buffer","buffer","buffer",46472393
"buffer","buffer","buffer","buffer","buffer","buffer","buffer","buffer","buffer","buffer",46484424
"buffer","buffer","buffer","buffer","buffer","buffer","buffer","buffer","buffer","buffer",46496457
"buffer","buffer","buffer","buffer","buffer","buffer","buffer","buffer","buffer","buffer",46508467
"buffer","buffer","buffer","buffer","buffer","buffer","buffer","buffer","buffer","buffer",46520553
"buffer","buffer","buffer","buffer","buffer","buffer","buffer","buffer","buffer","buffer",46532778
"buffer","buffer","buffer","buffer","buffer","buffer","buffer","buffer","buffer","buffer",46544720
"buffer","buffer","buffer","buffer","buffer","buffer","buffer","buffer","buffer","buffer",46556865
"buffer","buffer","buffer","buffer","buffer","buffer","buffer","buffer","buffer","buffer",46568704
"buffer","buffer","buffer","buffer","buffer","buffer","buffer","buffer","buffer","buffer",46580802
"buffer","buffer","buffer","buffer","buffer","buffer","buffer","buffer","buffer","buffer",46592903
"buffer","buffer","buffer","buffer","buffer","buffer","buffer","buffer","buffer","buffer",46604853
"buffer","buffer","buffer","buffer","buffer","buffer","buffer","buffer","buffer","buffer",46616759
"buffer","buffer","buffer","buffer","buffer","buffer","buffer","buffer","buffer","buffer",46629250
"buffer","buffer","buffer","buffer","buffer","buffer","buffer","buffer","buffer","buffer",46641108
"buffer","buffer","buffer","buffer","buffer","buffer","buffer","buffer","buffer","buffer",46652969
"buffer","buffer","buffer","buffer","buffer","buffer","buffer","buffer","buffer","buffer",46664944
"buffer","buffer","buffer","buffer","buffer","buffer","buffer","buffer","buffer","buffer",46677206
"buffer","buffer","buffer","buffer","buffer","buffer","buffer","buffer","buffer","buffer",46689261
"buffer","buffer","buffer","buffer","buffer","buffer","buffer","buffer","buffer","buffer",46701133
"buffer","buffer","buffer","buffer","buffer","buffer","buffer","buffer","buffer","buffer",46713403
"buffer","buffer","buffer","buffer","buffer","buffer","buffer","buffer","buffer","buffer",46725110
"buffer","buffer","buffer","buffer","buffer","buffer","buffer","buffer","buffer","buffer",46737362
"buffer","buffer","buffer","buffer","buffer","buffer","buffer","buffer","buffer","buffer",46749356
"buffer","buffer","buffer","buffer","buffer","buffer","buffer","buffer","buffer","buffer",46761525
"buffer","buffer","buffer","buffer","buffer","buffer","buffer","buffer","buffer","buffer",46773517
"buffer","buffer","buffer","buffer","buffer","buffer","buffer","buffer","buffer","buffer",46785403
"buffer","buffer","buffer","buffer","buffer","buffer","buffer","buffer","buffer","buffer",46797778
"buffer","buffer","buffer","buffer","buffer","buffer","buffer","buffer","buffer","buffer",46809780
"buffer","buffer","buffer","buffer","buffer","buffer","buffer","buffer","buffer","buffer",46821991
"buffer","buffer","buffer","buffer","buffer","buffer","buffer","buffer","buffer","buffer",46833816
"buffer","buffer","buffer","buffer","buffer","buffer","buffer","buffer","buffer","buffer",46845845
"buffer","buffer","buffer","buffer","buffer","buffer","buffer","buffer","buffer","buffer",46857820
"buffer","buffer","buffer","buffer","buffer","buffer","buffer","buffer","buffer","buffer",46870033
"buffer","buffer","buffer","buffer","buffer","buffer","buffer","buffer","buffer","buffer",46881961
"buffer","buffer","buffer","buffer","buffer","buffer","buffer","buffer","buffer","buffer",46894117
"buffer","buffer","buffer","buffer","buffer","buffer","buffer","buffer","buffer","buffer",46906137
"buffer","buffer","buffer","buffer","buffer","buffer","buffer","buffer","buffer","buffer",46918266
"buffer","buffer","buffer","buffer","buffer","buffer","buffer","buffer","buffer","buffer",46930268
"buffer","buffer","buffer","buffer","buffer","buffer","buffer","buffer","buffer","buffer",46942223
"buffer","buffer","buffer","buffer","buffer","buffer","buffer","buffer","buffer","buffer",46954232
"buffer","buffer","buffer","buffer","buffer","buffer","buffer","buffer","buffer","buffer",46966185
"buffer","buffer","buffer","buffer","buffer","buffer","buffer","buffer","buffer","buffer",46978282
"buffer","buffer","buffer","buffer","buffer","buffer","buffer","buffer","buffer","buffer",46990411
"buffer","buffer","buffer","buffer","buffer","buffer","buffer","buffer","buffer","buffer",47002343
"buffer","buffer","buffer","buffer","buffer","buffer","buffer","buffer","buffer","buffer",47014496
"buffer","buffer","buffer","buffer","buffer","buffer","buffer","buffer","buffer","buffer",47026601
"buffer","buffer","buffer","buffer","buffer","buffer","buffer","buffer","buffer","buffer",47038493
"buffer","buffer","buffer","buffer","buffer","buffer","buffer","buffer","buffer","buffer",47050795
"buffer","buffer","buffer","buffer","buffer","buffer","buffer","buffer","buffer","buffer",47062961
"buffer","buffer","buffer","buffer","buffer","buffer","buffer","buffer","buffer","buffer",47074804
"buffer","buffer","buffer","buffer","buffer","buffer","buffer","buffer","buffer","buffer",47086715
"buffer","buffer","buffer","buffer","buffer","buffer","buffer","buffer","buffer","buffer",47098923
"buffer","buffer","buffer","buffer","buffer","buffer","buffer","buffer","buffer","buffer",47110787
"buffer","buffer","buffer","buffer","buffer","buffer","buffer","buffer","buffer","buffer",47122762
"buffer","buffer","buffer","buffer","buffer","buffer","buffer","buffer","buffer","buffer",47134980
"buffer","buffer","buffer","buffer","buffer","buffer","buffer","buffer","buffer","buffer",47146879
"buffer","buffer","buffer","buffer","buffer","buffer","buffer","buffer","buffer","buffer",47159029
"buffer","buffer","buffer","buffer","buffer","buffer","buffer","buffer","buffer","buffer",47171037
"buffer","buffer","buffer","buffer","buffer","buffer","buffer","buffer","buffer","buffer",47183058
"buffer","buffer","buffer","buffer","buffer","buffer","buffer","buffer","buffer","buffer",47195206
"buffer","buffer","buffer","buffer","buffer","buffer","buffer","buffer","buffer","buffer",47207156
"buffer","buffer","buffer","buffer","buffer","buffer","buffer","buffer","buffer","buffer",47219005
"buffer","buffer","buffer","buffer","buffer","buffer","buffer","buffer","buffer","buffer",47231272
"buffer","buffer","buffer","buffer","buffer","buffer","buffer","buffer","buffer","buffer",47243415
"buffer","buffer","buffer","buffer","buffer","buffer","buffer","buffer","buffer","buffer",47255406
"buffer","buffer","buffer","buffer","buffer","buffer","buffer","buffer","buffer","buffer",47267509
"buffer","buffer","buffer","buffer","buffer","buffer","buffer","buffer","buffer","buffer",47279408
"buffer","buffer","buffer","buffer","buffer","buffer","buffer","buffer","buffer","buffer",47291364
"buffer","buffer","buffer","buffer","buffer","buffer","buffer","buffer","buffer","buffer",47303463
"buffer","buffer","buffer","buffer","buffer","buffer","buffer","buffer","buffer","buffer",47315497
"buffer","buffer","buffer","buffer","buffer","buffer","buffer","buffer","buffer","buffer",47327589
"buffer","buffer","buffer","buffer","buffer","buffer","buffer","buffer","buffer","buffer",47339660
"buffer","buffer","buffer","buffer","buffer","buffer","buffer","buffer","buffer","buffer",47351735
"buffer","buffer","buffer","buffer","buffer","buffer","buffer","buffer","buffer","buffer",47363893
"buffer","buffer","buffer","buffer","buffer","buffer","buffer","buffer","buffer","buffer",47375884
"buffer","buffer","buffer","buffer","buffer","buffer","buffer","buffer","buffer","buffer",47387890
"buffer","buffer","buffer","buffer","buffer","buffer","buffer","buffer","buffer","buffer",47399932
"buffer","buffer","buffer","buffer","buffer","buffer","buffer","buffer","buffer","buffer",47411963
"buffer","buffer","buffer","buffer","buffer","buffer","buffer","buffer","buffer","buffer",47423923
"buffer","buffer","buffer","buffer","buffer","buffer","buffer","buffer","buffer","buffer",47436098
"buffer","buffer","buffer","buffer","buffer","buffer","buffer","buffer","buffer","buffer",47448235
"buffer","buffer","buffer","buffer","buffer","buffer","buffer","buffer","buffer","buffer",47460160
"buffer","buffer","buffer","buffer","buffer","buffer","buffer","buffer","buffer","buffer",47472193
"buffer","buffer","buffer","buffer","buffer","buffer","buffer","buffer","buffer","buffer",47484317
"buffer","buffer","buffer","buffer","buffer","buffer","buffer","buffer","buffer","buffer",47496232
"buffer","buffer","buffer","buffer","buffer","buffer","buffer","buffer","buffer","buffer",47508270
"buffer","buffer","buffer","buffer","buffer","buffer","buffer","buffer","buffer","buffer",47520385
"buffer","buffer","buffer","buffer","buffer","buffer","buffer","buffer","buffer","buffer",47532331
"buffer","buffer","buffer","buffer","buffer","buffer","buffer","buffer","buffer","buffer",47544393
"buffer","buffer","buffer","buffer","buffer","buffer","buffer","buffer","buffer","buffer",47556503
"buffer","buffer","buffer","buffer","buffer","buffer","buffer","buffer","buffer","buffer",47568623
"buffer","buffer","buffer","buffer","buffer","buffer","buffer","buffer","buffer","buffer",47580607
"buffer","buffer","buffer","buffer","buffer","buffer","buffer","buffer","buffer","buffer",47592701
"buffer","buffer","buffer","buffer","buffer","buffer","buffer","buffer","buffer","buffer",47604711
"buffer","buffer","buffer","buffer","buffer","buffer","buffer","buffer","buffer","buffer",47616689
"buffer","buffer","buffer","buffer","buffer","buffer","buffer","buffer","buffer","buffer",47628792
"buffer","buffer","buffer","buffer","buffer","buffer","buffer","buffer","buffer","buffer",47640819
"buffer","buffer","buffer","buffer","buffer","buffer","buffer","buffer","buffer","buffer",47652795
"buffer","buffer","buffer","buffer","buffer","buffer","buffer","buffer","buffer","buffer",47665022
"buffer","buffer","buffer","buffer","buffer","buffer","buffer","buffer","buffer","buffer",47676994
"buffer","buffer","buffer","buffer","buffer","buffer","buffer","buffer","buffer","buffer",47688915
"buffer","buffer","buffer","buffer","buffer","buffer","buffer","buffer","buffer","buffer",47701124
"buffer","buffer","buffer","buffer","buffer","buffer","buffer","buffer","buffer","buffer",47713286
"buffer","buffer","buffer","buffer","buffer","buffer","buffer","buffer","buffer","buffer",47725095
"buffer","buffer","buffer","buffer","buffer","buffer","buffer","buffer","buffer","buffer",47737091
"buffer","buffer","buffer","buffer","buffer","buffer","buffer","buffer","buffer","buffer",47749303
"buffer","buffer","buffer","buffer","buffer","buffer","buffer","buffer","buffer","buffer",47761239
"buffer","buffer","buffer","buffer","buffer","buffer","buffer","buffer","buffer","buffer",47773337
"buffer","buffer","buffer","buffer","buffer","buffer","buffer","buffer","buffer","buffer",47785271
"buffer","buffer","buffer","buffer","buffer","buffer","buffer","buffer","buffer","buffer",47797568
"buffer","buffer","buffer","buffer","buffer","buffer","buffer","buffer","buffer","buffer",47809456
"buffer","buffer","buffer","buffer","buffer","buffer","buffer","buffer","buffer","buffer",47821463
"buffer","buffer","buffer","buffer","buffer","buffer","buffer","buffer","buffer","buffer",47833787
"buffer","buffer","buffer","buffer","buffer","buffer","buffer","buffer","buffer","buffer",47845699
"buffer","buffer","buffer","buffer","buffer","buffer","buffer","buffer","buffer","buffer",47857669
"buffer","buffer","buffer","buffer","buffer","buffer","buffer","buffer","buffer","buffer",47869536
"buffer","buffer","buffer","buffer","buffer","buffer","buffer","buffer","buffer","buffer",47881734
"buffer","buffer","buffer","buffer","buffer","buffer","buffer","buffer","buffer","buffer",47893921
"buffer","buffer","buffer","buffer","buffer","buffer","buffer","buffer","buffer","buffer",47905945
"buffer","buffer","buffer","buffer","buffer","buffer","buffer","buffer","buffer","buffer",47918032
"buffer","buffer","buffer","buffer","buffer","buffer","buffer","buffer","buffer","buffer",47930099
"buffer","buffer","buffer","buffer","buffer","buffer","buffer","buffer","buffer","buffer",47941910
"buffer","buffer","buffer","buffer","buffer","buffer","buffer","buffer","buffer","buffer",47954066
"buffer","buffer","buffer","buffer","buffer","buffer","buffer","buffer","buffer","buffer",47966115
"buffer","buffer","buffer","buffer","buffer","buffer","buffer","buffer","buffer","buffer",47978159
"buffer","buffer","buffer","buffer","buffer","buffer","buffer","buffer","buffer","buffer",47990317
"buffer","buffer","buffer","buffer","buffer","buffer","buffer","buffer","buffer","buffer",48002038
"buffer","buffer","buffer","buffer","buffer","buffer","buffer","buffer","buffer","buffer",48014166
"buffer","buffer","buffer","buffer","buffer","buffer","buffer","buffer","buffer","buffer",48026434
"buffer","buffer","buffer","buffer","buffer","buffer","buffer","buffer","buffer","buffer",48038208
"buffer","buffer","buffer","buffer","buffer","buffer","buffer","buffer","buffer","buffer",48050360
"buffer","buffer","buffer","buffer","buffer","buffer","buffer","buffer","buffer","buffer",48062552
"buffer","buffer","buffer","buffer","buffer","buffer","buffer","buffer","buffer","buffer",48074600
"buffer","buffer","buffer","buffer","buffer","buffer","buffer","buffer","buffer","buffer",48086593
"buffer","buffer","buffer","buffer","buffer","buffer","buffer","buffer","buffer","buffer",48098599
"buffer","buffer","buffer","buffer","buffer","buffer","buffer","buffer","buffer","buffer",48110618
"buffer","buffer","buffer","buffer","buffer","buffer","buffer","buffer","buffer","buffer",48122446
"buffer","buffer","buffer","buffer","buffer","buffer","buffer","buffer","buffer","buffer",48134632
"buffer","buffer","buffer","buffer","buffer","buffer","buffer","buffer","buffer","buffer",48146746
"buffer","buffer","buffer","buffer","buffer","buffer","buffer","buffer","buffer","buffer",48158970
"buffer","buffer","buffer","buffer","buffer","buffer","buffer","buffer","buffer","buffer",48170950
"buffer","buffer","buffer","buffer","buffer","buffer","buffer","buffer","buffer","buffer",48182838
"buffer","buffer","buffer","buffer","buffer","buffer","buffer","buffer","buffer","buffer",48194853
"buffer","buffer","buffer","buffer","buffer","buffer","buffer","buffer","buffer","buffer",48206925
"buffer","buffer","buffer","buffer","buffer","buffer","buffer","buffer","buffer","buffer",48219231
"buffer","buffer","buffer","buffer","buffer","buffer","buffer","buffer","buffer","buffer",48231160
"buffer","buffer","buffer","buffer","buffer","buffer","buffer","buffer","buffer","buffer",48243194
"buffer","buffer","buffer","buffer","buffer","buffer","buffer","buffer","buffer","buffer",48255217
"buffer","buffer","buffer","buffer","buffer","buffer","buffer","buffer","buffer","buffer",48266977
"buffer","buffer","buffer","buffer","buffer","buffer","buffer","buffer","buffer","buffer",48279244
"buffer","buffer","buffer","buffer","buffer","buffer","buffer","buffer","buffer","buffer",48291315
"buffer","buffer","buffer","buffer","buffer","buffer","buffer","buffer","buffer","buffer",48303219
"buffer","buffer","buffer","buffer","buffer","buffer","buffer","buffer","buffer","buffer",48315638
"buffer","buffer","buffer","buffer","buffer","buffer","buffer","buffer","buffer","buffer",48327587
"buffer","buffer","buffer","buffer","buffer","buffer","buffer","buffer","buffer","buffer",48339423
"buffer","buffer","buffer","buffer","buffer","buffer","buffer","buffer","buffer","buffer",48351626
"buffer","buffer","buffer","buffer","buffer","buffer","buffer","buffer","buffer","buffer",48363593
"buffer","buffer","buffer","buffer","buffer","buffer","buffer","buffer","buffer","buffer",48375744
"buffer","buffer","buffer","buffer","buffer","buffer","buffer","buffer","buffer","buffer",48387679
"buffer","buffer","buffer","buffer","buffer","buffer","buffer","buffer","buffer","buffer",48399575
"buffer","buffer","buffer","buffer","buffer","buffer","buffer","buffer","buffer","buffer",48411679
"buffer","buffer","buffer","buffer","buffer","buffer","buffer","buffer","buffer","buffer",48423762
"buffer","buffer","buffer","buffer","buffer","buffer","buffer","buffer","buffer","buffer",48436011
"buffer","buffer","buffer","buffer","buffer","buffer","buffer","buffer","buffer","buffer",48447886
"buffer","buffer","buffer","buffer","buffer","buffer","buffer","buffer","buffer","buffer",48459819
"buffer","buffer","buffer","buffer","buffer","buffer","buffer","buffer","buffer","buffer",48472043
"buffer","buffer","buffer","buffer","buffer","buffer","buffer","buffer","buffer","buffer",48484099
"buffer","buffer","buffer","buffer","buffer","buffer","buffer","buffer","buffer","buffer",48495919
"buffer","buffer","buffer","buffer","buffer","buffer","buffer","buffer","buffer","buffer",48508136
"buffer","buffer","buffer","buffer","buffer","buffer","buffer","buffer","buffer","buffer",48520234
"buffer","buffer","buffer","buffer","buffer","buffer","buffer","buffer","buffer","buffer",48532255
"buffer","buffer","buffer","buffer","buffer","buffer","buffer","buffer","buffer","buffer",48544444
"buffer","buffer","buffer","buffer","buffer","buffer","buffer","buffer","buffer","buffer",48556418
"buffer","buffer","buffer","buffer","buffer","buffer","buffer","buffer","buffer","buffer",48568377
"buffer","buffer","buffer","buffer","buffer","buffer","buffer","buffer","buffer","buffer",48580402
"buffer","buffer","buffer","buffer","buffer","buffer","buffer","buffer","buffer","buffer",48592552
"buffer","buffer","buffer","buffer","buffer","buffer","buffer","buffer","buffer","buffer",48604344
"buffer","buffer","buffer","buffer","buffer","buffer","buffer","buffer","buffer","buffer",48616501
"buffer","buffer","buffer","buffer","buffer","buffer","buffer","buffer","buffer","buffer",48628415
"buffer","buffer","buffer","buffer","buffer","buffer","buffer","buffer","buffer","buffer",48640495
"buffer","buffer","buffer","buffer","buffer","buffer","buffer","buffer","buffer","buffer",48652763
"buffer","buffer","buffer","buffer","buffer","buffer","buffer","buffer","buffer","buffer",48664770
"buffer","buffer","buffer","buffer","buffer","buffer","buffer","buffer","buffer","buffer",48676858
"buffer","buffer","buffer","buffer","buffer","buffer","buffer","buffer","buffer","buffer",48688778
"buffer","buffer","buffer","buffer","buffer","buffer","buffer","buffer","buffer","buffer",48700741
"buffer","buffer","buffer","buffer","buffer","buffer","buffer","buffer","buffer","buffer",48713055
"buffer","buffer","buffer","buffer","buffer","buffer","buffer","buffer","buffer","buffer",48724941
"buffer","buffer","buffer","buffer","buffer","buffer","buffer","buffer","buffer","buffer",48737032
"buffer","buffer","buffer","buffer","buffer","buffer","buffer","buffer","buffer","buffer",48749049
"buffer","buffer","buffer","buffer","buffer","buffer","buffer","buffer","buffer","buffer",48760860
"buffer","buffer","buffer","buffer","buffer","buffer","buffer","buffer","buffer","buffer",48773079
"buffer","buffer","buffer","buffer","buffer","buffer","buffer","buffer","buffer","buffer",48785181
"buffer","buffer","buffer","buffer","buffer","buffer","buffer","buffer","buffer","buffer",48797262
"buffer","buffer","buffer","buffer","buffer","buffer","buffer","buffer","buffer","buffer",48809313
"buffer","buffer","buffer","buffer","buffer","buffer","buffer","buffer","buffer","buffer",48821453
"buffer","buffer","buffer","buffer","buffer","buffer","buffer","buffer","buffer","buffer",48833498
"buffer","buffer","buffer","buffer","buffer","buffer","buffer","buffer","buffer","buffer",48845556
"buffer","buffer","buffer","buffer","buffer","buffer","buffer","buffer","buffer","buffer",48857438
"buffer","buffer","buffer","buffer","buffer","buffer","buffer","buffer","buffer","buffer",48869424
"buffer","buffer","buffer","buffer","buffer","buffer","buffer","buffer","buffer","buffer",48881522
"buffer","buffer","buffer","buffer","buffer","buffer","buffer","buffer","buffer","buffer",48893585
"buffer","buffer","buffer","buffer","buffer","buffer","buffer","buffer","buffer","buffer",48905497
"buffer","buffer","buffer","buffer","buffer","buffer","buffer","buffer","buffer","buffer",48917734
"buffer","buffer","buffer","buffer","buffer","buffer","buffer","buffer","buffer","buffer",48929810
"buffer","buffer","buffer","buffer","buffer","buffer","buffer","buffer","buffer","buffer",48941714
"buffer","buffer","buffer","buffer","buffer","buffer","buffer","buffer","buffer","buffer",48953746
"buffer","buffer","buffer","buffer","buffer","buffer","buffer","buffer","buffer","buffer",48965796
"buffer","buffer","buffer","buffer","buffer","buffer","buffer","buffer","buffer","buffer",48977873
"buffer","buffer","buffer","buffer","buffer","buffer","buffer","buffer","buffer","buffer",48989915
"buffer","buffer","buffer","buffer","buffer","buffer","buffer","buffer","buffer","buffer",49002015
"buffer","buffer","buffer","buffer","buffer","buffer","buffer","buffer","buffer","buffer",49014011
"buffer","buffer","buffer","buffer","buffer","buffer","buffer","buffer","buffer","buffer",49026060
"buffer","buffer","buffer","buffer","buffer","buffer","buffer","buffer","buffer","buffer",49038209
"buffer","buffer","buffer","buffer","buffer","buffer","buffer","buffer","buffer","buffer",49050266
"buffer","buffer","buffer","buffer","buffer","buffer","buffer","buffer","buffer","buffer",49062260
"buffer","buffer","buffer","buffer","buffer","buffer","buffer","buffer","buffer","buffer",49074314
"buffer","buffer","buffer","buffer","buffer","buffer","buffer","buffer","buffer","buffer",49086472
"buffer","buffer","buffer","buffer","buffer","buffer","buffer","buffer","buffer","buffer",49098542
"buffer","buffer","buffer","buffer","buffer","buffer","buffer","buffer","buffer","buffer",49110484
"buffer","buffer","buffer","buffer","buffer","buffer","buffer","buffer","buffer","buffer",49122579
"buffer","buffer","buffer","buffer","buffer","buffer","buffer","buffer","buffer","buffer",49134657
"buffer","buffer","buffer","buffer","buffer","buffer","buffer","buffer","buffer","buffer",49146648
"buffer","buffer","buffer","buffer","buffer","buffer","buffer","buffer","buffer","buffer",49158598
"buffer","buffer","buffer","buffer","buffer","buffer","buffer","buffer","buffer","buffer",49170654
"buffer","buffer","buffer","buffer","buffer","buffer","buffer","buffer","buffer","buffer",49182752
"buffer","buffer","buffer","buffer","buffer","buffer","buffer","buffer","buffer","buffer",49194803
"buffer","buffer","buffer","buffer","buffer","buffer","buffer","buffer","buffer","buffer",49206774
"buffer","buffer","buffer","buffer","buffer","buffer","buffer","buffer","buffer","buffer",49218824
"buffer","buffer","buffer","buffer","buffer","buffer","buffer","buffer","buffer","buffer",49230892
"buffer","buffer","buffer","buffer","buffer","buffer","buffer","buffer","buffer","buffer",49242760
"buffer","buffer","buffer","buffer","buffer","buffer","buffer","buffer","buffer","buffer",49255001
"buffer","buffer","buffer","buffer","buffer","buffer","buffer","buffer","buffer","buffer",49266848
"buffer","buffer","buffer","buffer","buffer","buffer","buffer","buffer","buffer","buffer",49279195
"buffer","buffer","buffer","buffer","buffer","buffer","buffer","buffer","buffer","buffer",49291143
"buffer","buffer","buffer","buffer","buffer","buffer","buffer","buffer","buffer","buffer",49302953
"buffer","buffer","buffer","buffer","buffer","buffer","buffer","buffer","buffer","buffer",49315090
"buffer","buffer","buffer","buffer","buffer","buffer","buffer","buffer","buffer","buffer",49327286
"buffer","buffer","buffer","buffer","buffer","buffer","buffer","buffer","buffer","buffer",49339539
"buffer","buffer","buffer","buffer","buffer","buffer","buffer","buffer","buffer","buffer",49351272
"buffer","buffer","buffer","buffer","buffer","buffer","buffer","buffer","buffer","buffer",49363360
"buffer","buffer","buffer","buffer","buffer","buffer","buffer","buffer","buffer","buffer",49375515
"buffer","buffer","buffer","buffer","buffer","buffer","buffer","buffer","buffer","buffer",49387403
"buffer","buffer","buffer","buffer","buffer","buffer","buffer","buffer","buffer","buffer",49399703
"buffer","buffer","buffer","buffer","buffer","buffer","buffer","buffer","buffer","buffer",49411515
"buffer","buffer","buffer","buffer","buffer","buffer","buffer","buffer","buffer","buffer",49423406
"buffer","buffer","buffer","buffer","buffer","buffer","buffer","buffer","buffer","buffer",49435637
"buffer","buffer","buffer","buffer","buffer","buffer","buffer","buffer","buffer","buffer",49447691
"buffer","buffer","buffer","buffer","buffer","buffer","buffer","buffer","buffer","buffer",49459903
"buffer","buffer","buffer","buffer","buffer","buffer","buffer","buffer","buffer","buffer",49471862
"buffer","buffer","buffer","buffer","buffer","buffer","buffer","buffer","buffer","buffer",49483830
"buffer","buffer","buffer","buffer","buffer","buffer","buffer","buffer","buffer","buffer",49495768
"buffer","buffer","buffer","buffer","buffer","buffer","buffer","buffer","buffer","buffer",49507953
"buffer","buffer","buffer","buffer","buffer","buffer","buffer","buffer","buffer","buffer",49519980
"buffer","buffer","buffer","buffer","buffer","buffer","buffer","buffer","buffer","buffer",49531834
"buffer","buffer","buffer","buffer","buffer","buffer","buffer","buffer","buffer","buffer",49544099
"buffer","buffer","buffer","buffer","buffer","buffer","buffer","buffer","buffer","buffer",49556203
"buffer","buffer","buffer","buffer","buffer","buffer","buffer","buffer","buffer","buffer",49568121
"buffer","buffer","buffer","buffer","buffer","buffer","buffer","buffer","buffer","buffer",49580070
"buffer","buffer","buffer","buffer","buffer","buffer","buffer","buffer","buffer","buffer",49592251
"buffer","buffer","buffer","buffer","buffer","buffer","buffer","buffer","buffer","buffer",49604167
"buffer","buffer","buffer","buffer","buffer","buffer","buffer","buffer","buffer","buffer",49616368
"buffer","buffer","buffer","buffer","buffer","buffer","buffer","buffer","buffer","buffer",49628460
"buffer","buffer","buffer","buffer","buffer","buffer","buffer","buffer","buffer","buffer",49640480
"buffer","buffer","buffer","buffer","buffer","buffer","buffer","buffer","buffer","buffer",49652551
"buffer","buffer","buffer","buffer","buffer","buffer","buffer","buffer","buffer","buffer",49664419
"buffer","buffer","buffer","buffer","buffer","buffer","buffer","buffer","buffer","buffer",49676664
"buffer","buffer","buffer","buffer","buffer","buffer","buffer","buffer","buffer","buffer",49688665
"buffer","buffer","buffer","buffer","buffer","buffer","buffer","buffer","buffer","buffer",49700461
"buffer","buffer","buffer","buffer","buffer","buffer","buffer","buffer","buffer","buffer",49712679
"buffer","buffer","buffer","buffer","buffer","buffer","buffer","buffer","buffer","buffer",49724901
"buffer","buffer","buffer","buffer","buffer","buffer","buffer","buffer","buffer","buffer",49736927
"buffer","buffer","buffer","buffer","buffer","buffer","buffer","buffer","buffer","buffer",49748714
"buffer","buffer","buffer","buffer","buffer","buffer","buffer","buffer","buffer","buffer",49760939
"buffer","buffer","buffer","buffer","buffer","buffer","buffer","buffer","buffer","buffer",49772814
"buffer","buffer","buffer","buffer","buffer","buffer","buffer","buffer","buffer","buffer",49784998
"buffer","buffer","buffer","buffer","buffer","buffer","buffer","buffer","buffer","buffer",49797000
"buffer","buffer","buffer","buffer","buffer","buffer","buffer","buffer","buffer","buffer",49809144
"buffer","buffer","buffer","buffer","buffer","buffer","buffer","buffer","buffer","buffer",49821097
"buffer","buffer","buffer","buffer","buffer","buffer","buffer","buffer","buffer","buffer",49833186
"buffer","buffer","buffer","buffer","buffer","buffer","buffer","buffer","buffer","buffer",49845246
"buffer","buffer","buffer","buffer","buffer","buffer","buffer","buffer","buffer","buffer",49857127
"buffer","buffer","buffer","buffer","buffer","buffer","buffer","buffer","buffer","buffer",49869237
"buffer","buffer","buffer","buffer","buffer","buffer","buffer","buffer","buffer","buffer",49881311
"buffer","buffer","buffer","buffer","buffer","buffer","buffer","buffer","buffer","buffer",49893395
"buffer","buffer","buffer","buffer","buffer","buffer","buffer","buffer","buffer","buffer",49905655
"buffer","buffer","buffer","buffer","buffer","buffer","buffer","buffer","buffer","buffer",49917495
"buffer","buffer","buffer","buffer","buffer","buffer","buffer","buffer","buffer","buffer",49929707
"buffer","buffer","buffer","buffer","buffer","buffer","buffer","buffer","buffer","buffer",49941667
"buffer","buffer","buffer","buffer","buffer","buffer","buffer","buffer","buffer","buffer",49953598
"buffer","buffer","buffer","buffer","buffer","buffer","buffer","buffer","buffer","buffer",49965496
"buffer","buffer","buffer","buffer","buffer","buffer","buffer","buffer","buffer","buffer",49977639
"buffer","buffer","buffer","buffer","buffer","buffer","buffer","buffer","buffer","buffer",49989899
"buffer","buffer","buffer","buffer","buffer","buffer","buffer","buffer","buffer","buffer",50001755
"buffer","buffer","buffer","buffer","buffer","buffer","buffer","buffer","buffer","buffer",50013841
"buffer","buffer","buffer","buffer","buffer","buffer","buffer","buffer","buffer","buffer",50025675
"buffer","buffer","buffer","buffer","buffer","buffer","buffer","buffer","buffer","buffer",50038028
"buffer","buffer","buffer","buffer","buffer","buffer","buffer","buffer","buffer","buffer",50049753
"buffer","buffer","buffer","buffer","buffer","buffer","buffer","buffer","buffer","buffer",50062043
"buffer","buffer","buffer","buffer","buffer","buffer","buffer","buffer","buffer","buffer",50073918
"buffer","buffer","buffer","buffer","buffer","buffer","buffer","buffer","buffer","buffer",50086093
"buffer","buffer","buffer","buffer","buffer","buffer","buffer","buffer","buffer","buffer",50098141
"buffer","buffer","buffer","buffer","buffer","buffer","buffer","buffer","buffer","buffer",50110286
"buffer","buffer","buffer","buffer","buffer","buffer","buffer","buffer","buffer","buffer",50122452
"buffer","buffer","buffer","buffer","buffer","buffer","buffer","buffer","buffer","buffer",50134226
"buffer","buffer","buffer","buffer","buffer","buffer","buffer","buffer","buffer","buffer",50146325
"buffer","buffer","buffer","buffer","buffer","buffer","buffer","buffer","buffer","buffer",50158528
"buffer","buffer","buffer","buffer","buffer","buffer","buffer","buffer","buffer","buffer",50170507
"buffer","buffer","buffer","buffer","buffer","buffer","buffer","buffer","buffer","buffer",50182442
"buffer","buffer","buffer","buffer","buffer","buffer","buffer","buffer","buffer","buffer",50194538
"buffer","buffer","buffer","buffer","buffer","buffer","buffer","buffer","buffer","buffer",50206535
"buffer","buffer","buffer","buffer","buffer","buffer","buffer","buffer","buffer","buffer",50218588
"buffer","buffer","buffer","buffer","buffer","buffer","buffer","buffer","buffer","buffer",50230637
"buffer","buffer","buffer","buffer","buffer","buffer","buffer","buffer","buffer","buffer",50242716
"buffer","buffer","buffer","buffer","buffer","buffer","buffer","buffer","buffer","buffer",50254801
"buffer","buffer","buffer","buffer","buffer","buffer","buffer","buffer","buffer","buffer",50266852
"buffer","buffer","buffer","buffer","buffer","buffer","buffer","buffer","buffer","buffer",50278830
"buffer","buffer","buffer","buffer","buffer","buffer","buffer","buffer","buffer","buffer",50290902
"buffer","buffer","buffer","buffer","buffer","buffer","buffer","buffer","buffer","buffer",50302994
"buffer","buffer","buffer","buffer","buffer","buffer","buffer","buffer","buffer","buffer",50314896
"buffer","buffer","buffer","buffer","buffer","buffer","buffer","buffer","buffer","buffer",50327145
"buffer","buffer","buffer","buffer","buffer","buffer","buffer","buffer","buffer","buffer",50339199
"buffer","buffer","buffer","buffer","buffer","buffer","buffer","buffer","buffer","buffer",50351131
"buffer","buffer","buffer","buffer","buffer","buffer","buffer","buffer","buffer","buffer",50363090
"buffer","buffer","buffer","buffer","buffer","buffer","buffer","buffer","buffer","buffer",50375216
"buffer","buffer","buffer","buffer","buffer","buffer","buffer","buffer","buffer","buffer",50387260
"buffer","buffer","buffer","buffer","buffer","buffer","buffer","buffer","buffer","buffer",50399146
"buffer","buffer","buffer","buffer","buffer","buffer","buffer","buffer","buffer","buffer",50411386
"buffer","buffer","buffer","buffer","buffer","buffer","buffer","buffer","buffer","buffer",50423452
"buffer","buffer","buffer","buffer","buffer","buffer","buffer","buffer","buffer","buffer",50435569
"buffer","buffer","buffer","buffer","buffer","buffer","buffer","buffer","buffer","buffer",50447346
"buffer","buffer","buffer","buffer","buffer","buffer","buffer","buffer","buffer","buffer",50459351
"buffer","buffer","buffer","buffer","buffer","buffer","buffer","buffer","buffer","buffer",50471551
"buffer","buffer","buffer","buffer","buffer","buffer","buffer","buffer","buffer","buffer",50483588
"buffer","buffer","buffer","buffer","buffer","buffer","buffer","buffer","buffer","buffer",50495556
"buffer","buffer","buffer","buffer","buffer","buffer","buffer","buffer","buffer","buffer",50507843
"buffer","buffer","buffer","buffer","buffer","buffer","buffer","buffer","buffer","buffer",50519821
"buffer","buffer","buffer","buffer","buffer","buffer","buffer","buffer","buffer","buffer",50531764
"buffer","buffer","buffer","buffer","buffer","buffer","buffer","buffer","buffer","buffer",50543964
"buffer","buffer","buffer","buffer","buffer","buffer","buffer","buffer","buffer","buffer",50555950
"buffer","buffer","buffer","buffer","buffer","buffer","buffer","buffer","buffer","buffer",50568023
"buffer","buffer","buffer","buffer","buffer","buffer","buffer","buffer","buffer","buffer",50579961
"buffer","buffer","buffer","buffer","buffer","buffer","buffer","buffer","buffer","buffer",50592097
"buffer","buffer","buffer","buffer","buffer","buffer","buffer","buffer","buffer","buffer",50604102
"buffer","buffer","buffer","buffer","buffer","buffer","buffer","buffer","buffer","buffer",50615980
"buffer","buffer","buffer","buffer","buffer","buffer","buffer","buffer","buffer","buffer",50628238
"buffer","buffer","buffer","buffer","buffer","buffer","buffer","buffer","buffer","buffer",50640256
"buffer","buffer","buffer","buffer","buffer","buffer","buffer","buffer","buffer","buffer",50652312
"buffer","buffer","buffer","buffer","buffer","buffer","buffer","buffer","buffer","buffer",50664372
"buffer","buffer","buffer","buffer","buffer","buffer","buffer","buffer","buffer","buffer",50676232
"buffer","buffer","buffer","buffer","buffer","buffer","buffer","buffer","buffer","buffer",50688436
"buffer","buffer","buffer","buffer","buffer","buffer","buffer","buffer","buffer","buffer",50700442
"buffer","buffer","buffer","buffer","buffer","buffer","buffer","buffer","buffer","buffer",50712650
"buffer","buffer","buffer","buffer","buffer","buffer","buffer","buffer","buffer","buffer",50724460
"buffer","buffer","buffer","buffer","buffer","buffer","buffer","buffer","buffer","buffer",50736597
"buffer","buffer","buffer","buffer","buffer","buffer","buffer","buffer","buffer","buffer",50748628
"buffer","buffer","buffer","buffer","buffer","buffer","buffer","buffer","buffer","buffer",50760734
"buffer","buffer","buffer","buffer","buffer","buffer","buffer","buffer","buffer","buffer",50772839
"buffer","buffer","buffer","buffer","buffer","buffer","buffer","buffer","buffer","buffer",50784663
"buffer","buffer","buffer","buffer","buffer","buffer","buffer","buffer","buffer","buffer",50796657
"buffer","buffer","buffer","buffer","buffer","buffer","buffer","buffer","buffer","buffer",50808896
"buffer","buffer","buffer","buffer","buffer","buffer","buffer","buffer","buffer","buffer",50820879
"buffer","buffer","buffer","buffer","buffer","buffer","buffer","buffer","buffer","buffer",50832897
"buffer","buffer","buffer","buffer","buffer","buffer","buffer","buffer","buffer","buffer",50844930
"buffer","buffer","buffer","buffer","buffer","buffer","buffer","buffer","buffer","buffer",50856894
"buffer","buffer","buffer","buffer","buffer","buffer","buffer","buffer","buffer","buffer",50869056
"buffer","buffer","buffer","buffer","buffer","buffer","buffer","buffer","buffer","buffer",50881282
"buffer","buffer","buffer","buffer","buffer","buffer","buffer","buffer","buffer","buffer",50893314
"buffer","buffer","buffer","buffer","buffer","buffer","buffer","buffer","buffer","buffer",50905104
"buffer","buffer","buffer","buffer","buffer","buffer","buffer","buffer","buffer","buffer",50917498
"buffer","buffer","buffer","buffer","buffer","buffer","buffer","buffer","buffer","buffer",50929238
"buffer","buffer","buffer","buffer","buffer","buffer","buffer","buffer","buffer","buffer",50941407
"buffer","buffer","buffer","buffer","buffer","buffer","buffer","buffer","buffer","buffer",50953453
"buffer","buffer","buffer","buffer","buffer","buffer","buffer","buffer","buffer","buffer",50965447
"buffer","buffer","buffer","buffer","buffer","buffer","buffer","buffer","buffer","buffer",50977496
"buffer","buffer","buffer","buffer","buffer","buffer","buffer","buffer","buffer","buffer",50989555
"buffer","buffer","buffer","buffer","buffer","buffer","buffer","buffer","buffer","buffer",51001659
"buffer","buffer","buffer","buffer","buffer","buffer","buffer","buffer","buffer","buffer",51013550
"buffer","buffer","buffer","buffer","buffer","buffer","buffer","buffer","buffer","buffer",51025646
"buffer","buffer","buffer","buffer","buffer","buffer","buffer","buffer","buffer","buffer",51037775
"buffer","buffer","buffer","buffer","buffer","buffer","buffer","buffer","buffer","buffer",51049765
"buffer","buffer","buffer","buffer","buffer","buffer","buffer","buffer","buffer","buffer",51061846
"buffer","buffer","buffer","buffer","buffer","buffer","buffer","buffer","buffer","buffer",51073828
"buffer","buffer","buffer","buffer","buffer","buffer","buffer","buffer","buffer","buffer",51085851
"buffer","buffer","buffer","buffer","buffer","buffer","buffer","buffer","buffer","buffer",51097928
"buffer","buffer","buffer","buffer","buffer","buffer","buffer","buffer","buffer","buffer",51109901
"buffer","buffer","buffer","buffer","buffer","buffer","buffer","buffer","buffer","buffer",51122052
"buffer","buffer","buffer","buffer","buffer","buffer","buffer","buffer","buffer","buffer",51133848
"buffer","buffer","buffer","buffer","buffer","buffer","buffer","buffer","buffer","buffer",51145977
"buffer","buffer","buffer","buffer","buffer","buffer","buffer","buffer","buffer","buffer",51158145
"buffer","buffer","buffer","buffer","buffer","buffer","buffer","buffer","buffer","buffer",51170138
"buffer","buffer","buffer","buffer","buffer","buffer","buffer","buffer","buffer","buffer",51182322
"buffer","buffer","buffer","buffer","buffer","buffer","buffer","buffer","buffer","buffer",51194408
"buffer","buffer","buffer","buffer","buffer","buffer","buffer","buffer","buffer","buffer",51206468
"buffer","buffer","buffer","buffer","buffer","buffer","buffer","buffer","buffer","buffer",51218280
"buffer","buffer","buffer","buffer","buffer","buffer","buffer","buffer","buffer","buffer",51230549
"buffer","buffer","buffer","buffer","buffer","buffer","buffer","buffer","buffer","buffer",51242495
"buffer","buffer","buffer","buffer","buffer","buffer","buffer","buffer","buffer","buffer",51254488
"buffer","buffer","buffer","buffer","buffer","buffer","buffer","buffer","buffer","buffer",51266559
"buffer","buffer","buffer","buffer","buffer","buffer","buffer","buffer","buffer","buffer",51278674
"buffer","buffer","buffer","buffer","buffer","buffer","buffer","buffer","buffer","buffer",51290792
"buffer","buffer","buffer","buffer","buffer","buffer","buffer","buffer","buffer","buffer",51302753
"buffer","buffer","buffer","buffer","buffer","buffer","buffer","buffer","buffer","buffer",51314737
"buffer","buffer","buffer","buffer","buffer","buffer","buffer","buffer","buffer","buffer",51326739
"buffer","buffer","buffer","buffer","buffer","buffer","buffer","buffer","buffer","buffer",51338889
"buffer","buffer","buffer","buffer","buffer","buffer","buffer","buffer","buffer","buffer",51350860
"buffer","buffer","buffer","buffer","buffer","buffer","buffer","buffer","buffer","buffer",51363106
"buffer","buffer","buffer","buffer","buffer","buffer","buffer","buffer","buffer","buffer",51374829
"buffer","buffer","buffer","buffer","buffer","buffer","buffer","buffer","buffer","buffer",51386998
"buffer","buffer","buffer","buffer","buffer","buffer","buffer","buffer","buffer","buffer",51399137
"buffer","buffer","buffer","buffer","buffer","buffer","buffer","buffer","buffer","buffer",51411216
"buffer","buffer","buffer","buffer","buffer","buffer","buffer","buffer","buffer","buffer",51423065
"buffer","buffer","buffer","buffer","buffer","buffer","buffer","buffer","buffer","buffer",51435271
"buffer","buffer","buffer","buffer","buffer","buffer","buffer","buffer","buffer","buffer",51447351
"buffer","buffer","buffer","buffer","buffer","buffer","buffer","buffer","buffer","buffer",51459354
"buffer","buffer","buffer","buffer","buffer","buffer","buffer","buffer","buffer","buffer",51471516
"buffer","buffer","buffer","buffer","buffer","buffer","buffer","buffer","buffer","buffer",51483493
"buffer","buffer","buffer","buffer","buffer","buffer","buffer","buffer","buffer","buffer",51495406
"buffer","buffer","buffer","buffer","buffer","buffer","buffer","buffer","buffer","buffer",51507582
"buffer","buffer","buffer","buffer","buffer","buffer","buffer","buffer","buffer","buffer",51519698
"buffer","buffer","buffer","buffer","buffer","buffer","buffer","buffer","buffer","buffer",51531812
"buffer","buffer","buffer","buffer","buffer","buffer","buffer","buffer","buffer","buffer",51543756
"buffer","buffer","buffer","buffer","buffer","buffer","buffer","buffer","buffer","buffer",51555674
"buffer","buffer","buffer","buffer","buffer","buffer","buffer","buffer","buffer","buffer",51567792
"buffer","buffer","buffer","buffer","buffer","buffer","buffer","buffer","buffer","buffer",51579734
"buffer","buffer","buffer","buffer","buffer","buffer","buffer","buffer","buffer","buffer",51591579
"buffer","buffer","buffer","buffer","buffer","buffer","buffer","buffer","buffer","buffer",51603840
"buffer","buffer","buffer","buffer","buffer","buffer","buffer","buffer","buffer","buffer",51615907
"buffer","buffer","buffer","buffer","buffer","buffer","buffer","buffer","buffer","buffer",51627931
"buffer","buffer","buffer","buffer","buffer","buffer","buffer","buffer","buffer","buffer",51640030
"buffer","buffer","buffer","buffer","buffer","buffer","buffer","buffer","buffer","buffer",51651848
"buffer","buffer","buffer","buffer","buffer","buffer","buffer","buffer","buffer","buffer",51663995
"buffer","buffer","buffer","buffer","buffer","buffer","buffer","buffer","buffer","buffer",51676101
"buffer","buffer","buffer","buffer","buffer","buffer","buffer","buffer","buffer","buffer",51688234
"buffer","buffer","buffer","buffer","buffer","buffer","buffer","buffer","buffer","buffer",51700112
"buffer","buffer","buffer","buffer","buffer","buffer","buffer","buffer","buffer","buffer",51712287
"buffer","buffer","buffer","buffer","buffer","buffer","buffer","buffer","buffer","buffer",51724314
"buffer","buffer","buffer","buffer","buffer","buffer","buffer","buffer","buffer","buffer",51736362
"buffer","buffer","buffer","buffer","buffer","buffer","buffer","buffer","buffer","buffer",51748282
"buffer","buffer","buffer","buffer","buffer","buffer","buffer","buffer","buffer","buffer",51760585
"buffer","buffer","buffer","buffer","buffer","buffer","buffer","buffer","buffer","buffer",51772422
"buffer","buffer","buffer","buffer","buffer","buffer","buffer","buffer","buffer","buffer",51784564
"buffer","buffer","buffer","buffer","buffer","buffer","buffer","buffer","buffer","buffer",51796845
"buffer","buffer","buffer","buffer","buffer","buffer","buffer","buffer","buffer","buffer",51808665
"buffer","buffer","buffer","buffer","buffer","buffer","buffer","buffer","buffer","buffer",51820658
"buffer","buffer","buffer","buffer","buffer","buffer","buffer","buffer","buffer","buffer",51832581
"buffer","buffer","buffer","buffer","buffer","buffer","buffer","buffer","buffer","buffer",51844784
"buffer","buffer","buffer","buffer","buffer","buffer","buffer","buffer","buffer","buffer",51856909
"buffer","buffer","buffer","buffer","buffer","buffer","buffer","buffer","buffer","buffer",51868978
"buffer","buffer","buffer","buffer","buffer","buffer","buffer","buffer","buffer","buffer",51880905
"buffer","buffer","buffer","buffer","buffer","buffer","buffer","buffer","buffer","buffer",51892968
"buffer","buffer","buffer","buffer","buffer","buffer","buffer","buffer","buffer","buffer",51905106
"buffer","buffer","buffer","buffer","buffer","buffer","buffer","buffer","buffer","buffer",51917043
"buffer","buffer","buffer","buffer","buffer","buffer","buffer","buffer","buffer","buffer",51929157
"buffer","buffer","buffer","buffer","buffer","buffer","buffer","buffer","buffer","buffer",51941083
"buffer","buffer","buffer","buffer","buffer","buffer","buffer","buffer","buffer","buffer",51953168
"buffer","buffer","buffer","buffer","buffer","buffer","buffer","buffer","buffer","buffer",51965050
"buffer","buffer","buffer","buffer","buffer","buffer","buffer","buffer","buffer","buffer",51977275
"buffer","buffer","buffer","buffer","buffer","buffer","buffer","buffer","buffer","buffer",51989201
"buffer","buffer","buffer","buffer","buffer","buffer","buffer","buffer","buffer","buffer",52001191
"buffer","buffer","buffer","buffer","buffer","buffer","buffer","buffer","buffer","buffer",52013674
"buffer","buffer","buffer","buffer","buffer","buffer","buffer","buffer","buffer","buffer",52025223
"buffer","buffer","buffer","buffer","buffer","buffer","buffer","buffer","buffer","buffer",52037452
"buffer","buffer","buffer","buffer","buffer","buffer","buffer","buffer","buffer","buffer",52049542
"buffer","buffer","buffer","buffer","buffer","buffer","buffer","buffer","buffer","buffer",52061613
"buffer","buffer","buffer","buffer","buffer","buffer","buffer","buffer","buffer","buffer",52073595
"buffer","buffer","buffer","buffer","buffer","buffer","buffer","buffer","buffer","buffer",52085574
"buffer","buffer","buffer","buffer","buffer","buffer","buffer","buffer","buffer","buffer",52097846
"buffer","buffer","buffer","buffer","buffer","buffer","buffer","buffer","buffer","buffer",52109800
"buffer","buffer","buffer","buffer","buffer","buffer","buffer","buffer","buffer","buffer",52121768
"buffer","buffer","buffer","buffer","buffer","buffer","buffer","buffer","buffer","buffer",52133936
"buffer","buffer","buffer","buffer","buffer","buffer","buffer","buffer","buffer","buffer",52146048
"buffer","buffer","buffer","buffer","buffer","buffer","buffer","buffer","buffer","buffer",52158164
"buffer","buffer","buffer","buffer","buffer","buffer","buffer","buffer","buffer","buffer",52170018
"buffer","buffer","buffer","buffer","buffer","buffer","buffer","buffer","buffer","buffer",52182172
"buffer","buffer","buffer","buffer","buffer","buffer","buffer","buffer","buffer","buffer",52194051
"buffer","buffer","buffer","buffer","buffer","buffer","buffer","buffer","buffer","buffer",52206031
"buffer","buffer","buffer","buffer","buffer","buffer","buffer","buffer","buffer","buffer",52218216
"buffer","buffer","buffer","buffer","buffer","buffer","buffer","buffer","buffer","buffer",52230434
"buffer","buffer","buffer","buffer","buffer","buffer","buffer","buffer","buffer","buffer",52242458
"buffer","buffer","buffer","buffer","buffer","buffer","buffer","buffer","buffer","buffer",52254334
"buffer","buffer","buffer","buffer","buffer","buffer","buffer","buffer","buffer","buffer",52266487
"buffer","buffer","buffer","buffer","buffer","buffer","buffer","buffer","buffer","buffer",52278537
"buffer","buffer","buffer","buffer","buffer","buffer","buffer","buffer","buffer","buffer",52290418
"buffer","buffer","buffer","buffer","buffer","buffer","buffer","buffer","buffer","buffer",52302686
"buffer","buffer","buffer","buffer","buffer","buffer","buffer","buffer","buffer","buffer",52314592
"buffer","buffer","buffer","buffer","buffer","buffer","buffer","buffer","buffer","buffer",52326780
"buffer","buffer","buffer","buffer","buffer","buffer","buffer","buffer","buffer","buffer",52338594
"buffer","buffer","buffer","buffer","buffer","buffer","buffer","buffer","buffer","buffer",52350723
"buffer","buffer","buffer","buffer","buffer","buffer","buffer","buffer","buffer","buffer",52362784
"buffer","buffer","buffer","buffer","buffer","buffer","buffer","buffer","buffer","buffer",52374848
"buffer","buffer","buffer","buffer","buffer","buffer","buffer","buffer","buffer","buffer",52386771
"buffer","buffer","buffer","buffer","buffer","buffer","buffer","buffer","buffer","buffer",52398878
"buffer","buffer","buffer","buffer","buffer","buffer","buffer","buffer","buffer","buffer",52410918
"buffer","buffer","buffer","buffer","buffer","buffer","buffer","buffer","buffer","buffer",52422975
"buffer","buffer","buffer","buffer","buffer","buffer","buffer","buffer","buffer","buffer",52435026
"buffer","buffer","buffer","buffer","buffer","buffer","buffer","buffer","buffer","buffer",52447182
"buffer","buffer","buffer","buffer","buffer","buffer","buffer","buffer","buffer","buffer",52459102
"buffer","buffer","buffer","buffer","buffer","buffer","buffer","buffer","buffer","buffer",52471156
"buffer","buffer","buffer","buffer","buffer","buffer","buffer","buffer","buffer","buffer",52483157
"buffer","buffer","buffer","buffer","buffer","buffer","buffer","buffer","buffer","buffer",52495114
"buffer","buffer","buffer","buffer","buffer","buffer","buffer","buffer","buffer","buffer",52507310
"buffer","buffer","buffer","buffer","buffer","buffer","buffer","buffer","buffer","buffer",52519468
"buffer","buffer","buffer","buffer","buffer","buffer","buffer","buffer","buffer","buffer",52531468
"buffer","buffer","buffer","buffer","buffer","buffer","buffer","buffer","buffer","buffer",52543290
"buffer","buffer","buffer","buffer","buffer","buffer","buffer","buffer","buffer","buffer",52555424
"buffer","buffer","buffer","buffer","buffer","buffer","buffer","buffer","buffer","buffer",52567652
"buffer","buffer","buffer","buffer","buffer","buffer","buffer","buffer","buffer","buffer",52579651
"buffer","buffer","buffer","buffer","buffer","buffer","buffer","buffer","buffer","buffer",52591637
"buffer","buffer","buffer","buffer","buffer","buffer","buffer","buffer","buffer","buffer",52603633
"buffer","buffer","buffer","buffer","buffer","buffer","buffer","buffer","buffer","buffer",52615860
"buffer","buffer","buffer","buffer","buffer","buffer","buffer","buffer","buffer","buffer",52627953
"buffer","buffer","buffer","buffer","buffer","buffer","buffer","buffer","buffer","buffer",52639767
"buffer","buffer","buffer","buffer","buffer","buffer","buffer","buffer","buffer","buffer",52651792
"buffer","buffer","buffer","buffer","buffer","buffer","buffer","buffer","buffer","buffer",52663881
"buffer","buffer","buffer","buffer","buffer","buffer","buffer","buffer","buffer","buffer",52675724
"buffer","buffer","buffer","buffer","buffer","buffer","buffer","buffer","buffer","buffer",52687980
"buffer","buffer","buffer","buffer","buffer","buffer","buffer","buffer","buffer","buffer",52700190
"buffer","buffer","buffer","buffer","buffer","buffer","buffer","buffer","buffer","buffer",52712118
"buffer","buffer","buffer","buffer","buffer","buffer","buffer","buffer","buffer","buffer",52724014
"buffer","buffer","buffer","buffer","buffer","buffer","buffer","buffer","buffer","buffer",52736183
"buffer","buffer","buffer","buffer","buffer","buffer","buffer","buffer","buffer","buffer",52748192
"buffer","buffer","buffer","buffer","buffer","buffer","buffer","buffer","buffer","buffer",52760342
"buffer","buffer","buffer","buffer","buffer","buffer","buffer","buffer","buffer","buffer",52772307
"buffer","buffer","buffer","buffer","buffer","buffer","buffer","buffer","buffer","buffer",52784365
"buffer","buffer","buffer","buffer","buffer","buffer","buffer","buffer","buffer","buffer",52796350
"buffer","buffer","buffer","buffer","buffer","buffer","buffer","buffer","buffer","buffer",52808430
"buffer","buffer","buffer","buffer","buffer","buffer","buffer","buffer","buffer","buffer",52820436
"buffer","buffer","buffer","buffer","buffer","buffer","buffer","buffer","buffer","buffer",52832472
"buffer","buffer","buffer","buffer","buffer","buffer","buffer","buffer","buffer","buffer",52844324
"buffer","buffer","buffer","buffer","buffer","buffer","buffer","buffer","buffer","buffer",52856550
"buffer","buffer","buffer","buffer","buffer","buffer","buffer","buffer","buffer","buffer",52868662
"buffer","buffer","buffer","buffer","buffer","buffer","buffer","buffer","buffer","buffer",52880776
"buffer","buffer","buffer","buffer","buffer","buffer","buffer","buffer","buffer","buffer",52892772
"buffer","buffer","buffer","buffer","buffer","buffer","buffer","buffer","buffer","buffer",52904773
"buffer","buffer","buffer","buffer","buffer","buffer","buffer","buffer","buffer","buffer",52916925
"buffer","buffer","buffer","buffer","buffer","buffer","buffer","buffer","buffer","buffer",52928881
"buffer","buffer","buffer","buffer","buffer","buffer","buffer","buffer","buffer","buffer",52940974
"buffer","buffer","buffer","buffer","buffer","buffer","buffer","buffer","buffer","buffer",52952989
"buffer","buffer","buffer","buffer","buffer","buffer","buffer","buffer","buffer","buffer",52965125
"buffer","buffer","buffer","buffer","buffer","buffer","buffer","buffer","buffer","buffer",52977135
"buffer","buffer","buffer","buffer","buffer","buffer","buffer","buffer","buffer","buffer",52989120
"buffer","buffer","buffer","buffer","buffer","buffer","buffer","buffer","buffer","buffer",53001045
"buffer","buffer","buffer","buffer","buffer","buffer","buffer","buffer","buffer","buffer",53013130
"buffer","buffer","buffer","buffer","buffer","buffer","buffer","buffer","buffer","buffer",53025330
"buffer","buffer","buffer","buffer","buffer","buffer","buffer","buffer","buffer","buffer",53037422
"buffer","buffer","buffer","buffer","buffer","buffer","buffer","buffer","buffer","buffer",53049305
"buffer","buffer","buffer","buffer","buffer","buffer","buffer","buffer","buffer","buffer",53061357
"buffer","buffer","buffer","buffer","buffer","buffer","buffer","buffer","buffer","buffer",53073529
"buffer","buffer","buffer","buffer","buffer","buffer","buffer","buffer","buffer","buffer",53085572
"buffer","buffer","buffer","buffer","buffer","buffer","buffer","buffer","buffer","buffer",53097621
"buffer","buffer","buffer","buffer","buffer","buffer","buffer","buffer","buffer","buffer",53109667
"buffer","buffer","buffer","buffer","buffer","buffer","buffer","buffer","buffer","buffer",53121755
"buffer","buffer","buffer","buffer","buffer","buffer","buffer","buffer","buffer","buffer",53133704
"buffer","buffer","buffer","buffer","buffer","buffer","buffer","buffer","buffer","buffer",53145773
"buffer","buffer","buffer","buffer","buffer","buffer","buffer","buffer","buffer","buffer",53157865
"buffer","buffer","buffer","buffer","buffer","buffer","buffer","buffer","buffer","buffer",53169815
"buffer","buffer","buffer","buffer","buffer","buffer","buffer","buffer","buffer","buffer",53181680
"buffer","buffer","buffer","buffer","buffer","buffer","buffer","buffer","buffer","buffer",53193875
"buffer","buffer","buffer","buffer","buffer","buffer","buffer","buffer","buffer","buffer",53205973
"buffer","buffer","buffer","buffer","buffer","buffer","buffer","buffer","buffer","buffer",53218039
"buffer","buffer","buffer","buffer","buffer","buffer","buffer","buffer","buffer","buffer",53229856
"buffer","buffer","buffer","buffer","buffer","buffer","buffer","buffer","buffer","buffer",53241971
"buffer","buffer","buffer","buffer","buffer","buffer","buffer","buffer","buffer","buffer",53254028
"buffer","buffer","buffer","buffer","buffer","buffer","buffer","buffer","buffer","buffer",53266065
"buffer","buffer","buffer","buffer","buffer","buffer","buffer","buffer","buffer","buffer",53278050
"buffer","buffer","buffer","buffer","buffer","buffer","buffer","buffer","buffer","buffer",53290279
"buffer","buffer","buffer","buffer","buffer","buffer","buffer","buffer","buffer","buffer",53302498
"buffer","buffer","buffer","buffer","buffer","buffer","buffer","buffer","buffer","buffer",53314482
"buffer","buffer","buffer","buffer","buffer","buffer","buffer","buffer","buffer","buffer",53326481
"buffer","buffer","buffer","buffer","buffer","buffer","buffer","buffer","buffer","buffer",53338442
"buffer","buffer","buffer","buffer","buffer","buffer","buffer","buffer","buffer","buffer",53350504
"buffer","buffer","buffer","buffer","buffer","buffer","buffer","buffer","buffer","buffer",53362531
"buffer","buffer","buffer","buffer","buffer","buffer","buffer","buffer","buffer","buffer",53374569
"buffer","buffer","buffer","buffer","buffer","buffer","buffer","buffer","buffer","buffer",53386566
"buffer","buffer","buffer","buffer","buffer","buffer","buffer","buffer","buffer","buffer",53398497
"buffer","buffer","buffer","buffer","buffer","buffer","buffer","buffer","buffer","buffer",53410520
"buffer","buffer","buffer","buffer","buffer","buffer","buffer","buffer","buffer","buffer",53423022
"buffer","buffer","buffer","buffer","buffer","buffer","buffer","buffer","buffer","buffer",53434741
"buffer","buffer","buffer","buffer","buffer","buffer","buffer","buffer","buffer","buffer",53446881
"buffer","buffer","buffer","buffer","buffer","buffer","buffer","buffer","buffer","buffer",53458815
"buffer","buffer","buffer","buffer","buffer","buffer","buffer","buffer","buffer","buffer",53470855
"buffer","buffer","buffer","buffer","buffer","buffer","buffer","buffer","buffer","buffer",53483060
"buffer","buffer","buffer","buffer","buffer","buffer","buffer","buffer","buffer","buffer",53495177
"buffer","buffer","buffer","buffer","buffer","buffer","buffer","buffer","buffer","buffer",53507028
"buffer","buffer","buffer","buffer","buffer","buffer","buffer","buffer","buffer","buffer",53519102
"buffer","buffer","buffer","buffer","buffer","buffer","buffer","buffer","buffer","buffer",53531139
"buffer","buffer","buffer","buffer","buffer","buffer","buffer","buffer","buffer","buffer",53543265
"buffer","buffer","buffer","buffer","buffer","buffer","buffer","buffer","buffer","buffer",53555314
"buffer","buffer","buffer","buffer","buffer","buffer","buffer","buffer","buffer","buffer",53567191
"buffer","buffer","buffer","buffer","buffer","buffer","buffer","buffer","buffer","buffer",53579196
"buffer","buffer","buffer","buffer","buffer","buffer","buffer","buffer","buffer","buffer",53591371
"buffer","buffer","buffer","buffer","buffer","buffer","buffer","buffer","buffer","buffer",53603400
"buffer","buffer","buffer","buffer","buffer","buffer","buffer","buffer","buffer","buffer",53615536
"buffer","buffer","buffer","buffer","buffer","buffer","buffer","buffer","buffer","buffer",53627791
"buffer","buffer","buffer","buffer","buffer","buffer","buffer","buffer","buffer","buffer",53639563
"buffer","buffer","buffer","buffer","buffer","buffer","buffer","buffer","buffer","buffer",53651751
"buffer","buffer","buffer","buffer","buffer","buffer","buffer","buffer","buffer","buffer",53663652
"buffer","buffer","buffer","buffer","buffer","buffer","buffer","buffer","buffer","buffer",53675905
"buffer","buffer","buffer","buffer","buffer","buffer","buffer","buffer","buffer","buffer",53687754
"buffer","buffer","buffer","buffer","buffer","buffer","buffer","buffer","buffer","buffer",53699649
"buffer","buffer","buffer","buffer","buffer","buffer","buffer","buffer","buffer","buffer",53711982
"buffer","buffer","buffer","buffer","buffer","buffer","buffer","buffer","buffer","buffer",53723977
"buffer","buffer","buffer","buffer","buffer","buffer","buffer","buffer","buffer","buffer",53735905
"buffer","buffer","buffer","buffer","buffer","buffer","buffer","buffer","buffer","buffer",53747954
"buffer","buffer","buffer","buffer","buffer","buffer","buffer","buffer","buffer","buffer",53760085
"buffer","buffer","buffer","buffer","buffer","buffer","buffer","buffer","buffer","buffer",53772119
"buffer","buffer","buffer","buffer","buffer","buffer","buffer","buffer","buffer","buffer",53784085
"buffer","buffer","buffer","buffer","buffer","buffer","buffer","buffer","buffer","buffer",53796210
"buffer","buffer","buffer","buffer","buffer","buffer","buffer","buffer","buffer","buffer",53808293
"buffer","buffer","buffer","buffer","buffer","buffer","buffer","buffer","buffer","buffer",53820367
"buffer","buffer","buffer","buffer","buffer","buffer","buffer","buffer","buffer","buffer",53832521
"buffer","buffer","buffer","buffer","buffer","buffer","buffer","buffer","buffer","buffer",53844201
"buffer","buffer","buffer","buffer","buffer","buffer","buffer","buffer","buffer","buffer",53856348
"buffer","buffer","buffer","buffer","buffer","buffer","buffer","buffer","buffer","buffer",53868388
"buffer","buffer","buffer","buffer","buffer","buffer","buffer","buffer","buffer","buffer",53880574
"buffer","buffer","buffer","buffer","buffer","buffer","buffer","buffer","buffer","buffer",53892593
"buffer","buffer","buffer","buffer","buffer","buffer","buffer","buffer","buffer","buffer",53904799
"buffer","buffer","buffer","buffer","buffer","buffer","buffer","buffer","buffer","buffer",53916518
"buffer","buffer","buffer","buffer","buffer","buffer","buffer","buffer","buffer","buffer",53928777
"buffer","buffer","buffer","buffer","buffer","buffer","buffer","buffer","buffer","buffer",53940770
"buffer","buffer","buffer","buffer","buffer","buffer","buffer","buffer","buffer","buffer",53952641
"buffer","buffer","buffer","buffer","buffer","buffer","buffer","buffer","buffer","buffer",53964649
"buffer","buffer","buffer","buffer","buffer","buffer","buffer","buffer","buffer","buffer",53976945
"buffer","buffer","buffer","buffer","buffer","buffer","buffer","buffer","buffer","buffer",53989102
"buffer","buffer","buffer","buffer","buffer","buffer","buffer","buffer","buffer","buffer",54000917
"buffer","buffer","buffer","buffer","buffer","buffer","buffer","buffer","buffer","buffer",54012985
"buffer","buffer","buffer","buffer","buffer","buffer","buffer","buffer","buffer","buffer",54025216
"buffer","buffer","buffer","buffer","buffer","buffer","buffer","buffer","buffer","buffer",54037124
"buffer","buffer","buffer","buffer","buffer","buffer","buffer","buffer","buffer","buffer",54049148
"buffer","buffer","buffer","buffer","buffer","buffer","buffer","buffer","buffer","buffer",54061089
"buffer","buffer","buffer","buffer","buffer","buffer","buffer","buffer","buffer","buffer",54073184
"buffer","buffer","buffer","buffer","buffer","buffer","buffer","buffer","buffer","buffer",54085018
"buffer","buffer","buffer","buffer","buffer","buffer","buffer","buffer","buffer","buffer",54097261
"buffer","buffer","buffer","buffer","buffer","buffer","buffer","buffer","buffer","buffer",54109464
"buffer","buffer","buffer","buffer","buffer","buffer","buffer","buffer","buffer","buffer",54121393
"buffer","buffer","buffer","buffer","buffer","buffer","buffer","buffer","buffer","buffer",54133406
"buffer","buffer","buffer","buffer","buffer","buffer","buffer","buffer","buffer","buffer",54145527
"buffer","buffer","buffer","buffer","buffer","buffer","buffer","buffer","buffer","buffer",54157411
"buffer","buffer","buffer","buffer","buffer","buffer","buffer","buffer","buffer","buffer",54169483
"buffer","buffer","buffer","buffer","buffer","buffer","buffer","buffer","buffer","buffer",54181599
"buffer","buffer","buffer","buffer","buffer","buffer","buffer","buffer","buffer","buffer",54193657
"buffer","buffer","buffer","buffer","buffer","buffer","buffer","buffer","buffer","buffer",54205781
"buffer","buffer","buffer","buffer","buffer","buffer","buffer","buffer","buffer","buffer",54217754
"buffer","buffer","buffer","buffer","buffer","buffer","buffer","buffer","buffer","buffer",54229753
"buffer","buffer","buffer","buffer","buffer","buffer","buffer","buffer","buffer","buffer",54241826
"buffer","buffer","buffer","buffer","buffer","buffer","buffer","buffer","buffer","buffer",54253888
"buffer","buffer","buffer","buffer","buffer","buffer","buffer","buffer","buffer","buffer",54265964
"buffer","buffer","buffer","buffer","buffer","buffer","buffer","buffer","buffer","buffer",54278001
"buffer","buffer","buffer","buffer","buffer","buffer","buffer","buffer","buffer","buffer",54290137
"buffer","buffer","buffer","buffer","buffer","buffer","buffer","buffer","buffer","buffer",54302091
"buffer","buffer","buffer","buffer","buffer","buffer","buffer","buffer","buffer","buffer",54314236
"buffer","buffer","buffer","buffer","buffer","buffer","buffer","buffer","buffer","buffer",54326391
"buffer","buffer","buffer","buffer","buffer","buffer","buffer","buffer","buffer","buffer",54338215
"buffer","buffer","buffer","buffer","buffer","buffer","buffer","buffer","buffer","buffer",54350419
"buffer","buffer","buffer","buffer","buffer","buffer","buffer","buffer","buffer","buffer",54362421
"buffer","buffer","buffer","buffer","buffer","buffer","buffer","buffer","buffer","buffer",54374376
"buffer","buffer","buffer","buffer","buffer","buffer","buffer","buffer","buffer","buffer",54386380
"buffer","buffer","buffer","buffer","buffer","buffer","buffer","buffer","buffer","buffer",54398626
"buffer","buffer","buffer","buffer","buffer","buffer","buffer","buffer","buffer","buffer",54410569
"buffer","buffer","buffer","buffer","buffer","buffer","buffer","buffer","buffer","buffer",54422526
"buffer","buffer","buffer","buffer","buffer","buffer","buffer","buffer","buffer","buffer",54434614
"buffer","buffer","buffer","buffer","buffer","buffer","buffer","buffer","buffer","buffer",54446666
"buffer","buffer","buffer","buffer","buffer","buffer","buffer","buffer","buffer","buffer",54458656
"buffer","buffer","buffer","buffer","buffer","buffer","buffer","buffer","buffer","buffer",54470649
"buffer","buffer","buffer","buffer","buffer","buffer","buffer","buffer","buffer","buffer",54482718
"buffer","buffer","buffer","buffer","buffer","buffer","buffer","buffer","buffer","buffer",54494783
"buffer","buffer","buffer","buffer","buffer","buffer","buffer","buffer","buffer","buffer",54506822
"buffer","buffer","buffer","buffer","buffer","buffer","buffer","buffer","buffer","buffer",54518894
"buffer","buffer","buffer","buffer","buffer","buffer","buffer","buffer","buffer","buffer",54531112
"buffer","buffer","buffer","buffer","buffer","buffer","buffer","buffer","buffer","buffer",54543011
"buffer","buffer","buffer","buffer","buffer","buffer","buffer","buffer","buffer","buffer",54555141
"buffer","buffer","buffer","buffer","buffer","buffer","buffer","buffer","buffer","buffer",54567088
"buffer","buffer","buffer","buffer","buffer","buffer","buffer","buffer","buffer","buffer",54579285
"buffer","buffer","buffer","buffer","buffer","buffer","buffer","buffer","buffer","buffer",54591072
"buffer","buffer","buffer","buffer","buffer","buffer","buffer","buffer","buffer","buffer",54603178
"buffer","buffer","buffer","buffer","buffer","buffer","buffer","buffer","buffer","buffer",54615288
"buffer","buffer","buffer","buffer","buffer","buffer","buffer","buffer","buffer","buffer",54627354
"buffer","buffer","buffer","buffer","buffer","buffer","buffer","buffer","buffer","buffer",54639452
"buffer","buffer","buffer","buffer","buffer","buffer","buffer","buffer","buffer","buffer",54651360
"buffer","buffer","buffer","buffer","buffer","buffer","buffer","buffer","buffer","buffer",54663405
"buffer","buffer","buffer","buffer","buffer","buffer","buffer","buffer","buffer","buffer",54675586
"buffer","buffer","buffer","buffer","buffer","buffer","buffer","buffer","buffer","buffer",54687476
"buffer","buffer","buffer","buffer","buffer","buffer","buffer","buffer","buffer","buffer",54699634
"buffer","buffer","buffer","buffer","buffer","buffer","buffer","buffer","buffer","buffer",54711620
"buffer","buffer","buffer","buffer","buffer","buffer","buffer","buffer","buffer","buffer",54723756
"buffer","buffer","buffer","buffer","buffer","buffer","buffer","buffer","buffer","buffer",54735794
"buffer","buffer","buffer","buffer","buffer","buffer","buffer","buffer","buffer","buffer",54747819
"buffer","buffer","buffer","buffer","buffer","buffer","buffer","buffer","buffer","buffer",54759725
"buffer","buffer","buffer","buffer","buffer","buffer","buffer","buffer","buffer","buffer",54771997
"buffer","buffer","buffer","buffer","buffer","buffer","buffer","buffer","buffer","buffer",54784131
"buffer","buffer","buffer","buffer","buffer","buffer","buffer","buffer","buffer","buffer",54796041
"buffer","buffer","buffer","buffer","buffer","buffer","buffer","buffer","buffer","buffer",54807869
"buffer","buffer","buffer","buffer","buffer","buffer","buffer","buffer","buffer","buffer",54820118
"buffer","buffer","buffer","buffer","buffer","buffer","buffer","buffer","buffer","buffer",54832182
"buffer","buffer","buffer","buffer","buffer","buffer","buffer","buffer","buffer","buffer",54844233
"buffer","buffer","buffer","buffer","buffer","buffer","buffer","buffer","buffer","buffer",54856423
"buffer","buffer","buffer","buffer","buffer","buffer","buffer","buffer","buffer","buffer",54868338
"buffer","buffer","buffer","buffer","buffer","buffer","buffer","buffer","buffer","buffer",54880327
"buffer","buffer","buffer","buffer","buffer","buffer","buffer","buffer","buffer","buffer",54892279
"buffer","buffer","buffer","buffer","buffer","buffer","buffer","buffer","buffer","buffer",54904273
"buffer","buffer","buffer","buffer","buffer","buffer","buffer","buffer","buffer","buffer",54916434
"buffer","buffer","buffer","buffer","buffer","buffer","buffer","buffer","buffer","buffer",54928549
"buffer","buffer","buffer","buffer","buffer","buffer","buffer","buffer","buffer","buffer",54940568
"buffer","buffer","buffer","buffer","buffer","buffer","buffer","buffer","buffer","buffer",54952586
"buffer","buffer","buffer","buffer","buffer","buffer","buffer","buffer","buffer","buffer",54964751
"buffer","buffer","buffer","buffer","buffer","buffer","buffer","buffer","buffer","buffer",54976908
"buffer","buffer","buffer","buffer","buffer","buffer","buffer","buffer","buffer","buffer",54988576
"buffer","buffer","buffer","buffer","buffer","buffer","buffer","buffer","buffer","buffer",55000647
"buffer","buffer","buffer","buffer","buffer","buffer","buffer","buffer","buffer","buffer",55013092
"buffer","buffer","buffer","buffer","buffer","buffer","buffer","buffer","buffer","buffer",55024979
"buffer","buffer","buffer","buffer","buffer","buffer","buffer","buffer","buffer","buffer",55036834
"buffer","buffer","buffer","buffer","buffer","buffer","buffer","buffer","buffer","buffer",55048906
"buffer","buffer","buffer","buffer","buffer","buffer","buffer","buffer","buffer","buffer",55060992
"buffer","buffer","buffer","buffer","buffer","buffer","buffer","buffer","buffer","buffer",55072886
"buffer","buffer","buffer","buffer","buffer","buffer","buffer","buffer","buffer","buffer",55085000
"buffer","buffer","buffer","buffer","buffer","buffer","buffer","buffer","buffer","buffer",55097050
"buffer","buffer","buffer","buffer","buffer","buffer","buffer","buffer","buffer","buffer",55109275
"buffer","buffer","buffer","buffer","buffer","buffer","buffer","buffer","buffer","buffer",55121370
"buffer","buffer","buffer","buffer","buffer","buffer","buffer","buffer","buffer","buffer",55133173
"buffer","buffer","buffer","buffer","buffer","buffer","buffer","buffer","buffer","buffer",55145227
"buffer","buffer","buffer","buffer","buffer","buffer","buffer","buffer","buffer","buffer",55157475
"buffer","buffer","buffer","buffer","buffer","buffer","buffer","buffer","buffer","buffer",55169445
"buffer","buffer","buffer","buffer","buffer","buffer","buffer","buffer","buffer","buffer",55181551
"buffer","buffer","buffer","buffer","buffer","buffer","buffer","buffer","buffer","buffer",55193558
"buffer","buffer","buffer","buffer","buffer","buffer","buffer","buffer","buffer","buffer",55205547
"buffer","buffer","buffer","buffer","buffer","buffer","buffer","buffer","buffer","buffer",55217730
"buffer","buffer","buffer","buffer","buffer","buffer","buffer","buffer","buffer","buffer",55229515
"buffer","buffer","buffer","buffer","buffer","buffer","buffer","buffer","buffer","buffer",55241741
"buffer","buffer","buffer","buffer","buffer","buffer","buffer","buffer","buffer","buffer",55253741
"buffer","buffer","buffer","buffer","buffer","buffer","buffer","buffer","buffer","buffer",55265853
"buffer","buffer","buffer","buffer","buffer","buffer","buffer","buffer","buffer","buffer",55278002
"buffer","buffer","buffer","buffer","buffer","buffer","buffer","buffer","buffer","buffer",55289861
"buffer","buffer","buffer","buffer","buffer","buffer","buffer","buffer","buffer","buffer",55301898
"buffer","buffer","buffer","buffer","buffer","buffer","buffer","buffer","buffer","buffer",55313910
"buffer","buffer","buffer","buffer","buffer","buffer","buffer","buffer","buffer","buffer",55326170
"buffer","buffer","buffer","buffer","buffer","buffer","buffer","buffer","buffer","buffer",55337996
"buffer","buffer","buffer","buffer","buffer","buffer","buffer","buffer","buffer","buffer",55350101
"buffer","buffer","buffer","buffer","buffer","buffer","buffer","buffer","buffer","buffer",55362226
"buffer","buffer","buffer","buffer","buffer","buffer","buffer","buffer","buffer","buffer",55374202
"buffer","buffer","buffer","buffer","buffer","buffer","buffer","buffer","buffer","buffer",55386282
"buffer","buffer","buffer","buffer","buffer","buffer","buffer","buffer","buffer","buffer",55398169
"buffer","buffer","buffer","buffer","buffer","buffer","buffer","buffer","buffer","buffer",55410328
"buffer","buffer","buffer","buffer","buffer","buffer","buffer","buffer","buffer","buffer",55422405
"buffer","buffer","buffer","buffer","buffer","buffer","buffer","buffer","buffer","buffer",55434253
"buffer","buffer","buffer","buffer","buffer","buffer","buffer","buffer","buffer","buffer",55446503
"buffer","buffer","buffer","buffer","buffer","buffer","buffer","buffer","buffer","buffer",55458530
"buffer","buffer","buffer","buffer","buffer","buffer","buffer","buffer","buffer","buffer",55470512
"buffer","buffer","buffer","buffer","buffer","buffer","buffer","buffer","buffer","buffer",55482661
"buffer","buffer","buffer","buffer","buffer","buffer","buffer","buffer","buffer","buffer",55494781
"buffer","buffer","buffer","buffer","buffer","buffer","buffer","buffer","buffer","buffer",55506758
"buffer","buffer","buffer","buffer","buffer","buffer","buffer","buffer","buffer","buffer",55518752
"buffer","buffer","buffer","buffer","buffer","buffer","buffer","buffer","buffer","buffer",55530700
"buffer","buffer","buffer","buffer","buffer","buffer","buffer","buffer","buffer","buffer",55543050
"buffer","buffer","buffer","buffer","buffer","buffer","buffer","buffer","buffer","buffer",55555062
"buffer","buffer","buffer","buffer","buffer","buffer","buffer","buffer","buffer","buffer",55566850
"buffer","buffer","buffer","buffer","buffer","buffer","buffer","buffer","buffer","buffer",55578850
"buffer","buffer","buffer","buffer","buffer","buffer","buffer","buffer","buffer","buffer",55590992
"buffer","buffer","buffer","buffer","buffer","buffer","buffer","buffer","buffer","buffer",55603170
"buffer","buffer","buffer","buffer","buffer","buffer","buffer","buffer","buffer","buffer",55615163
"buffer","buffer","buffer","buffer","buffer","buffer","buffer","buffer","buffer","buffer",55627201
"buffer","buffer","buffer","buffer","buffer","buffer","buffer","buffer","buffer","buffer",55639184
"buffer","buffer","buffer","buffer","buffer","buffer","buffer","buffer","buffer","buffer",55651227
"buffer","buffer","buffer","buffer","buffer","buffer","buffer","buffer","buffer","buffer",55663323
"buffer","buffer","buffer","buffer","buffer","buffer","buffer","buffer","buffer","buffer",55675440
"buffer","buffer","buffer","buffer","buffer","buffer","buffer","buffer","buffer","buffer",55687283
"buffer","buffer","buffer","buffer","buffer","buffer","buffer","buffer","buffer","buffer",55699421
"buffer","buffer","buffer","buffer","buffer","buffer","buffer","buffer","buffer","buffer",55711470
"buffer","buffer","buffer","buffer","buffer","buffer","buffer","buffer","buffer","buffer",55723383
"buffer","buffer","buffer","buffer","buffer","buffer","buffer","buffer","buffer","buffer",55735576
"buffer","buffer","buffer","buffer","buffer","buffer","buffer","buffer","buffer","buffer",55747596
"buffer","buffer","buffer","buffer","buffer","buffer","buffer","buffer","buffer","buffer",55759715
"buffer","buffer","buffer","buffer","buffer","buffer","buffer","buffer","buffer","buffer",55771624
"buffer","buffer","buffer","buffer","buffer","buffer","buffer","buffer","buffer","buffer",55783765
"buffer","buffer","buffer","buffer","buffer","buffer","buffer","buffer","buffer","buffer",55795739
"buffer","buffer","buffer","buffer","buffer","buffer","buffer","buffer","buffer","buffer",55807909
"buffer","buffer","buffer","buffer","buffer","buffer","buffer","buffer","buffer","buffer",55819876
"buffer","buffer","buffer","buffer","buffer","buffer","buffer","buffer","buffer","buffer",55831887
"buffer","buffer","buffer","buffer","buffer","buffer","buffer","buffer","buffer","buffer",55843934
"buffer","buffer","buffer","buffer","buffer","buffer","buffer","buffer","buffer","buffer",55856093
"buffer","buffer","buffer","buffer","buffer","buffer","buffer","buffer","buffer","buffer",55868100
"buffer","buffer","buffer","buffer","buffer","buffer","buffer","buffer","buffer","buffer",55879895
"buffer","buffer","buffer","buffer","buffer","buffer","buffer","buffer","buffer","buffer",55892128
"buffer","buffer","buffer","buffer","buffer","buffer","buffer","buffer","buffer","buffer",55904163
"buffer","buffer","buffer","buffer","buffer","buffer","buffer","buffer","buffer","buffer",55916354
"buffer","buffer","buffer","buffer","buffer","buffer","buffer","buffer","buffer","buffer",55928199
"buffer","buffer","buffer","buffer","buffer","buffer","buffer","buffer","buffer","buffer",55940348
"buffer","buffer","buffer","buffer","buffer","buffer","buffer","buffer","buffer","buffer",55952281
"buffer","buffer","buffer","buffer","buffer","buffer","buffer","buffer","buffer","buffer",55964289
"buffer","buffer","buffer","buffer","buffer","buffer","buffer","buffer","buffer","buffer",55976378
"buffer","buffer","buffer","buffer","buffer","buffer","buffer","buffer","buffer","buffer",55988544
"buffer","buffer","buffer","buffer","buffer","buffer","buffer","buffer","buffer","buffer",56000601
"buffer","buffer","buffer","buffer","buffer","buffer","buffer","buffer","buffer","buffer",56012609
"buffer","buffer","buffer","buffer","buffer","buffer","buffer","buffer","buffer","buffer",56024550
"buffer","buffer","buffer","buffer","buffer","buffer","buffer","buffer","buffer","buffer",56036699
"buffer","buffer","buffer","buffer","buffer","buffer","buffer","buffer","buffer","buffer",56048648
"buffer","buffer","buffer","buffer","buffer","buffer","buffer","buffer","buffer","buffer",56060765
"buffer","buffer","buffer","buffer","buffer","buffer","buffer","buffer","buffer","buffer",56073032
"buffer","buffer","buffer","buffer","buffer","buffer","buffer","buffer","buffer","buffer",56084916
"buffer","buffer","buffer","buffer","buffer","buffer","buffer","buffer","buffer","buffer",56096881
"buffer","buffer","buffer","buffer","buffer","buffer","buffer","buffer","buffer","buffer",56108840
"buffer","buffer","buffer","buffer","buffer","buffer","buffer","buffer","buffer","buffer",56121015
"buffer","buffer","buffer","buffer","buffer","buffer","buffer","buffer","buffer","buffer",56133004
"buffer","buffer","buffer","buffer","buffer","buffer","buffer","buffer","buffer","buffer",56145056
"buffer","buffer","buffer","buffer","buffer","buffer","buffer","buffer","buffer","buffer",56157106
"buffer","buffer","buffer","buffer","buffer","buffer","buffer","buffer","buffer","buffer",56169339
"buffer","buffer","buffer","buffer","buffer","buffer","buffer","buffer","buffer","buffer",56181313
"buffer","buffer","buffer","buffer","buffer","buffer","buffer","buffer","buffer","buffer",56193328
"buffer","buffer","buffer","buffer","buffer","buffer","buffer","buffer","buffer","buffer",56205420
"buffer","buffer","buffer","buffer","buffer","buffer","buffer","buffer","buffer","buffer",56217347
"buffer","buffer","buffer","buffer","buffer","buffer","buffer","buffer","buffer","buffer",56229369
"buffer","buffer","buffer","buffer","buffer","buffer","buffer","buffer","buffer","buffer",56241483
"buffer","buffer","buffer","buffer","buffer","buffer","buffer","buffer","buffer","buffer",56253664
"buffer","buffer","buffer","buffer","buffer","buffer","buffer","buffer","buffer","buffer",56265572
"buffer","buffer","buffer","buffer","buffer","buffer","buffer","buffer","buffer","buffer",56277617
"buffer","buffer","buffer","buffer","buffer","buffer","buffer","buffer","buffer","buffer",56289562
"buffer","buffer","buffer","buffer","buffer","buffer","buffer","buffer","buffer","buffer",56301635
"buffer","buffer","buffer","buffer","buffer","buffer","buffer","buffer","buffer","buffer",56313829
"buffer","buffer","buffer","buffer","buffer","buffer","buffer","buffer","buffer","buffer",56325678
"buffer","buffer","buffer","buffer","buffer","buffer","buffer","buffer","buffer","buffer",56337900
"buffer","buffer","buffer","buffer","buffer","buffer","buffer","buffer","buffer","buffer",56349838
"buffer","buffer","buffer","buffer","buffer","buffer","buffer","buffer","buffer","buffer",56361895
"buffer","buffer","buffer","buffer","buffer","buffer","buffer","buffer","buffer","buffer",56374074
"buffer","buffer","buffer","buffer","buffer","buffer","buffer","buffer","buffer","buffer",56386027
"buffer","buffer","buffer","buffer","buffer","buffer","buffer","buffer","buffer","buffer",56398136
"buffer","buffer","buffer","buffer","buffer","buffer","buffer","buffer","buffer","buffer",56410112
"buffer","buffer","buffer","buffer","buffer","buffer","buffer","buffer","buffer","buffer",56422314
"buffer","buffer","buffer","buffer","buffer","buffer","buffer","buffer","buffer","buffer",56434143
"buffer","buffer","buffer","buffer","buffer","buffer","buffer","buffer","buffer","buffer",56446199
"buffer","buffer","buffer","buffer","buffer","buffer","buffer","buffer","buffer","buffer",56458404
"buffer","buffer","buffer","buffer","buffer","buffer","buffer","buffer","buffer","buffer",56470376
"buffer","buffer","buffer","buffer","buffer","buffer","buffer","buffer","buffer","buffer",56482176
"buffer","buffer","buffer","buffer","buffer","buffer","buffer","buffer","buffer","buffer",56494276
"buffer","buffer","buffer","buffer","buffer","buffer","buffer","buffer","buffer","buffer",56506430
"buffer","buffer","buffer","buffer","buffer","buffer","buffer","buffer","buffer","buffer",56518600
"buffer","buffer","buffer","buffer","buffer","buffer","buffer","buffer","buffer","buffer",56530775
"buffer","buffer","buffer","buffer","buffer","buffer","buffer","buffer","buffer","buffer",56542762
"buffer","buffer","buffer","buffer","buffer","buffer","buffer","buffer","buffer","buffer",56554737
"buffer","buffer","buffer","buffer","buffer","buffer","buffer","buffer","buffer","buffer",56566658
"buffer","buffer","buffer","buffer","buffer","buffer","buffer","buffer","buffer","buffer",56578707
"buffer","buffer","buffer","buffer","buffer","buffer","buffer","buffer","buffer","buffer",56590761
"buffer","buffer","buffer","buffer","buffer","buffer","buffer","buffer","buffer","buffer",56602855
"buffer","buffer","buffer","buffer","buffer","buffer","buffer","buffer","buffer","buffer",56614792
"buffer","buffer","buffer","buffer","buffer","buffer","buffer","buffer","buffer","buffer",56627011
"buffer","buffer","buffer","buffer","buffer","buffer","buffer","buffer","buffer","buffer",56639174
"buffer","buffer","buffer","buffer","buffer","buffer","buffer","buffer","buffer","buffer",56651058
"buffer","buffer","buffer","buffer","buffer","buffer","buffer","buffer","buffer","buffer",56663057
"buffer","buffer","buffer","buffer","buffer","buffer","buffer","buffer","buffer","buffer",56675212
"buffer","buffer","buffer","buffer","buffer","buffer","buffer","buffer","buffer","buffer",56686875
"buffer","buffer","buffer","buffer","buffer","buffer","buffer","buffer","buffer","buffer",56699172
"buffer","buffer","buffer","buffer","buffer","buffer","buffer","buffer","buffer","buffer",56711358
"buffer","buffer","buffer","buffer","buffer","buffer","buffer","buffer","buffer","buffer",56723413
"buffer","buffer","buffer","buffer","buffer","buffer","buffer","buffer","buffer","buffer",56735335
"buffer","buffer","buffer","buffer","buffer","buffer","buffer","buffer","buffer","buffer",56747360
"buffer","buffer","buffer","buffer","buffer","buffer","buffer","buffer","buffer","buffer",56759326
"buffer","buffer","buffer","buffer","buffer","buffer","buffer","buffer","buffer","buffer",56771160
"buffer","buffer","buffer","buffer","buffer","buffer","buffer","buffer","buffer","buffer",56783545
"buffer","buffer","buffer","buffer","buffer","buffer","buffer","buffer","buffer","buffer",56795460
"buffer","buffer","buffer","buffer","buffer","buffer","buffer","buffer","buffer","buffer",56807740
"buffer","buffer","buffer","buffer","buffer","buffer","buffer","buffer","buffer","buffer",56819809
"buffer","buffer","buffer","buffer","buffer","buffer","buffer","buffer","buffer","buffer",56831764
"buffer","buffer","buffer","buffer","buffer","buffer","buffer","buffer","buffer","buffer",56843977
"buffer","buffer","buffer","buffer","buffer","buffer","buffer","buffer","buffer","buffer",56856172
"buffer","buffer","buffer","buffer","buffer","buffer","buffer","buffer","buffer","buffer",56867856
"buffer","buffer","buffer","buffer","buffer","buffer","buffer","buffer","buffer","buffer",56879974
"buffer","buffer","buffer","buffer","buffer","buffer","buffer","buffer","buffer","buffer",56891832
"buffer","buffer","buffer","buffer","buffer","buffer","buffer","buffer","buffer","buffer",56904035
"buffer","buffer","buffer","buffer","buffer","buffer","buffer","buffer","buffer","buffer",56915856
"buffer","buffer","buffer","buffer","buffer","buffer","buffer","buffer","buffer","buffer",56928086
"buffer","buffer","buffer","buffer","buffer","buffer","buffer","buffer","buffer","buffer",56940100
"buffer","buffer","buffer","buffer","buffer","buffer","buffer","buffer","buffer","buffer",56952132
"buffer","buffer","buffer","buffer","buffer","buffer","buffer","buffer","buffer","buffer",56964191
"buffer","buffer","buffer","buffer","buffer","buffer","buffer","buffer","buffer","buffer",56976243
"buffer","buffer","buffer","buffer","buffer","buffer","buffer","buffer","buffer","buffer",56988162
"buffer","buffer","buffer","buffer","buffer","buffer","buffer","buffer","buffer","buffer",57000347
"buffer","buffer","buffer","buffer","buffer","buffer","buffer","buffer","buffer","buffer",57012573
"buffer","buffer","buffer","buffer","buffer","buffer","buffer","buffer","buffer","buffer",57024495
"buffer","buffer","buffer","buffer","buffer","buffer","buffer","buffer","buffer","buffer",57036353
"buffer","buffer","buffer","buffer","buffer","buffer","buffer","buffer","buffer","buffer",57048620
"buffer","buffer","buffer","buffer","buffer","buffer","buffer","buffer","buffer","buffer",57060570
"buffer","buffer","buffer","buffer","buffer","buffer","buffer","buffer","buffer","buffer",57072854
"buffer","buffer","buffer","buffer","buffer","buffer","buffer","buffer","buffer","buffer",57084508
"buffer","buffer","buffer","buffer","buffer","buffer","buffer","buffer","buffer","buffer",57096725
"buffer","buffer","buffer","buffer","buffer","buffer","buffer","buffer","buffer","buffer",57108829
"buffer","buffer","buffer","buffer","buffer","buffer","buffer","buffer","buffer","buffer",57120811
"buffer","buffer","buffer","buffer","buffer","buffer","buffer","buffer","buffer","buffer",57132700
"buffer","buffer","buffer","buffer","buffer","buffer","buffer","buffer","buffer","buffer",57145070
"buffer","buffer","buffer","buffer","buffer","buffer","buffer","buffer","buffer","buffer",57156983
"buffer","buffer","buffer","buffer","buffer","buffer","buffer","buffer","buffer","buffer",57168993
"buffer","buffer","buffer","buffer","buffer","buffer","buffer","buffer","buffer","buffer",57181255
"buffer","buffer","buffer","buffer","buffer","buffer","buffer","buffer","buffer","buffer",57193015
"buffer","buffer","buffer","buffer","buffer","buffer","buffer","buffer","buffer","buffer",57205098
"buffer","buffer","buffer","buffer","buffer","buffer","buffer","buffer","buffer","buffer",57217122
"buffer","buffer","buffer","buffer","buffer","buffer","buffer","buffer","buffer","buffer",57229226
"buffer","buffer","buffer","buffer","buffer","buffer","buffer","buffer","buffer","buffer",57241340
"buffer","buffer","buffer","buffer","buffer","buffer","buffer","buffer","buffer","buffer",57253275
"buffer","buffer","buffer","buffer","buffer","buffer","buffer","buffer","buffer","buffer",57265476
"buffer","buffer","buffer","buffer","buffer","buffer","buffer","buffer","buffer","buffer",57277394
"buffer","buffer","buffer","buffer","buffer","buffer","buffer","buffer","buffer","buffer",57289690
"buffer","buffer","buffer","buffer","buffer","buffer","buffer","buffer","buffer","buffer",57301571
"buffer","buffer","buffer","buffer","buffer","buffer","buffer","buffer","buffer","buffer",57313492
"buffer","buffer","buffer","buffer","buffer","buffer","buffer","buffer","buffer","buffer",57325857
"buffer","buffer","buffer","buffer","buffer","buffer","buffer","buffer","buffer","buffer",57337793
"buffer","buffer","buffer","buffer","buffer","buffer","buffer","buffer","buffer","buffer",57349798
"buffer","buffer","buffer","buffer","buffer","buffer","buffer","buffer","buffer","buffer",57361827
"buffer","buffer","buffer","buffer","buffer","buffer","buffer","buffer","buffer","buffer",57373855
"buffer","buffer","buffer","buffer","buffer","buffer","buffer","buffer","buffer","buffer",57385789
"buffer","buffer","buffer","buffer","buffer","buffer","buffer","buffer","buffer","buffer",57398010
"buffer","buffer","buffer","buffer","buffer","buffer","buffer","buffer","buffer","buffer",57409911
"buffer","buffer","buffer","buffer","buffer","buffer","buffer","buffer","buffer","buffer",57422006
"buffer","buffer","buffer","buffer","buffer","buffer","buffer","buffer","buffer","buffer",57434053
"buffer","buffer","buffer","buffer","buffer","buffer","buffer","buffer","buffer","buffer",57446221
"buffer","buffer","buffer","buffer","buffer","buffer","buffer","buffer","buffer","buffer",57458141
"buffer","buffer","buffer","buffer","buffer","buffer","buffer","buffer","buffer","buffer",57470139
"buffer","buffer","buffer","buffer","buffer","buffer","buffer","buffer","buffer","buffer",57482152
"buffer","buffer","buffer","buffer","buffer","buffer","buffer","buffer","buffer","buffer",57494356
"buffer","buffer","buffer","buffer","buffer","buffer","buffer","buffer","buffer","buffer",57506373
"buffer","buffer","buffer","buffer","buffer","buffer","buffer","buffer","buffer","buffer",57518344
"buffer","buffer","buffer","buffer","buffer","buffer","buffer","buffer","buffer","buffer",57530464
"buffer","buffer","buffer","buffer","buffer","buffer","buffer","buffer","buffer","buffer",57542326
"buffer","buffer","buffer","buffer","buffer","buffer","buffer","buffer","buffer","buffer",57554375
"buffer","buffer","buffer","buffer","buffer","buffer","buffer","buffer","buffer","buffer",57566682
"buffer","buffer","buffer","buffer","buffer","buffer","buffer","buffer","buffer","buffer",57578492
"buffer","buffer","buffer","buffer","buffer","buffer","buffer","buffer","buffer","buffer",57590572
"buffer","buffer","buffer","buffer","buffer","buffer","buffer","buffer","buffer","buffer",57602743
"buffer","buffer","buffer","buffer","buffer","buffer","buffer","buffer","buffer","buffer",57614671
"buffer","buffer","buffer","buffer","buffer","buffer","buffer","buffer","buffer","buffer",57626744
"buffer","buffer","buffer","buffer","buffer","buffer","buffer","buffer","buffer","buffer",57638620
"buffer","buffer","buffer","buffer","buffer","buffer","buffer","buffer","buffer","buffer",57650828
"buffer","buffer","buffer","buffer","buffer","buffer","buffer","buffer","buffer","buffer",57662934
"buffer","buffer","buffer","buffer","buffer","buffer","buffer","buffer","buffer","buffer",57674860
"buffer","buffer","buffer","buffer","buffer","buffer","buffer","buffer","buffer","buffer",57686885
"buffer","buffer","buffer","buffer","buffer","buffer","buffer","buffer","buffer","buffer",57699054
"buffer","buffer","buffer","buffer","buffer","buffer","buffer","buffer","buffer","buffer",57710943
"buffer","buffer","buffer","buffer","buffer","buffer","buffer","buffer","buffer","buffer",57722971
"buffer","buffer","buffer","buffer","buffer","buffer","buffer","buffer","buffer","buffer",57735019
"buffer","buffer","buffer","buffer","buffer","buffer","buffer","buffer","buffer","buffer",57747329
"buffer","buffer","buffer","buffer","buffer","buffer","buffer","buffer","buffer","buffer",57759285
"buffer","buffer","buffer","buffer","buffer","buffer","buffer","buffer","buffer","buffer",57771247
"buffer","buffer","buffer","buffer","buffer","buffer","buffer","buffer","buffer","buffer",57783253
"buffer","buffer","buffer","buffer","buffer","buffer","buffer","buffer","buffer","buffer",57795431
"buffer","buffer","buffer","buffer","buffer","buffer","buffer","buffer","buffer","buffer",57807453
"buffer","buffer","buffer","buffer","buffer","buffer","buffer","buffer","buffer","buffer",57819563
"buffer","buffer","buffer","buffer","buffer","buffer","buffer","buffer","buffer","buffer",57831559
"buffer","buffer","buffer","buffer","buffer","buffer","buffer","buffer","buffer","buffer",57843662
"buffer","buffer","buffer","buffer","buffer","buffer","buffer","buffer","buffer","buffer",57855495
"buffer","buffer","buffer","buffer","buffer","buffer","buffer","buffer","buffer","buffer",57867623
"buffer","buffer","buffer","buffer","buffer","buffer","buffer","buffer","buffer","buffer",57879771
"buffer","buffer","buffer","buffer","buffer","buffer","buffer","buffer","buffer","buffer",57891778
"buffer","buffer","buffer","buffer","buffer","buffer","buffer","buffer","buffer","buffer",57903839
"buffer","buffer","buffer","buffer","buffer","buffer","buffer","buffer","buffer","buffer",57915905
"buffer","buffer","buffer","buffer","buffer","buffer","buffer","buffer","buffer","buffer",57927898
"buffer","buffer","buffer","buffer","buffer","buffer","buffer","buffer","buffer","buffer",57939765
"buffer","buffer","buffer","buffer","buffer","buffer","buffer","buffer","buffer","buffer",57951938
"buffer","buffer","buffer","buffer","buffer","buffer","buffer","buffer","buffer","buffer",57964010
"buffer","buffer","buffer","buffer","buffer","buffer","buffer","buffer","buffer","buffer",57975918
"buffer","buffer","buffer","buffer","buffer","buffer","buffer","buffer","buffer","buffer",57988067
"buffer","buffer","buffer","buffer","buffer","buffer","buffer","buffer","buffer","buffer",58000328
"buffer","buffer","buffer","buffer","buffer","buffer","buffer","buffer","buffer","buffer",58012181
"buffer","buffer","buffer","buffer","buffer","buffer","buffer","buffer","buffer","buffer",58024320
"buffer","buffer","buffer","buffer","buffer","buffer","buffer","buffer","buffer","buffer",58036201
"buffer","buffer","buffer","buffer","buffer","buffer","buffer","buffer","buffer","buffer",58048425
"buffer","buffer","buffer","buffer","buffer","buffer","buffer","buffer","buffer","buffer",58060389
"buffer","buffer","buffer","buffer","buffer","buffer","buffer","buffer","buffer","buffer",58072428
"buffer","buffer","buffer","buffer","buffer","buffer","buffer","buffer","buffer","buffer",58084436
"buffer","buffer","buffer","buffer","buffer","buffer","buffer","buffer","buffer","buffer",58096421
"buffer","buffer","buffer","buffer","buffer","buffer","buffer","buffer","buffer","buffer",58108592
"buffer","buffer","buffer","buffer","buffer","buffer","buffer","buffer","buffer","buffer",58120545
"buffer","buffer","buffer","buffer","buffer","buffer","buffer","buffer","buffer","buffer",58132743
"buffer","buffer","buffer","buffer","buffer","buffer","buffer","buffer","buffer","buffer",58144868
"buffer","buffer","buffer","buffer","buffer","buffer","buffer","buffer","buffer","buffer",58156792
"buffer","buffer","buffer","buffer","buffer","buffer","buffer","buffer","buffer","buffer",58168943
"buffer","buffer","buffer","buffer","buffer","buffer","buffer","buffer","buffer","buffer",58180866
"buffer","buffer","buffer","buffer","buffer","buffer","buffer","buffer","buffer","buffer",58193066
"buffer","buffer","buffer","buffer","buffer","buffer","buffer","buffer","buffer","buffer",58204676
"buffer","buffer","buffer","buffer","buffer","buffer","buffer","buffer","buffer","buffer",58216832
"buffer","buffer","buffer","buffer","buffer","buffer","buffer","buffer","buffer","buffer",58229118
"buffer","buffer","buffer","buffer","buffer","buffer","buffer","buffer","buffer","buffer",58241007
"buffer","buffer","buffer","buffer","buffer","buffer","buffer","buffer","buffer","buffer",58253258
"buffer","buffer","buffer","buffer","buffer","buffer","buffer","buffer","buffer","buffer",58265286
"buffer","buffer","buffer","buffer","buffer","buffer","buffer","buffer","buffer","buffer",58277280
"buffer","buffer","buffer","buffer","buffer","buffer","buffer","buffer","buffer","buffer",58289287
"buffer","buffer","buffer","buffer","buffer","buffer","buffer","buffer","buffer","buffer",58301489
"buffer","buffer","buffer","buffer","buffer","buffer","buffer","buffer","buffer","buffer",58313276
"buffer","buffer","buffer","buffer","buffer","buffer","buffer","buffer","buffer","buffer",58325360
"buffer","buffer","buffer","buffer","buffer","buffer","buffer","buffer","buffer","buffer",58337408
"buffer","buffer","buffer","buffer","buffer","buffer","buffer","buffer","buffer","buffer",58349457
"buffer","buffer","buffer","buffer","buffer","buffer","buffer","buffer","buffer","buffer",58361408
"buffer","buffer","buffer","buffer","buffer","buffer","buffer","buffer","buffer","buffer",58373466
"buffer","buffer","buffer","buffer","buffer","buffer","buffer","buffer","buffer","buffer",58385707
"buffer","buffer","buffer","buffer","buffer","buffer","buffer","buffer","buffer","buffer",58397823
"buffer","buffer","buffer","buffer","buffer","buffer","buffer","buffer","buffer","buffer",58409651
"buffer","buffer","buffer","buffer","buffer","buffer","buffer","buffer","buffer","buffer",58421876
"buffer","buffer","buffer","buffer","buffer","buffer","buffer","buffer","buffer","buffer",58433651
"buffer","buffer","buffer","buffer","buffer","buffer","buffer","buffer","buffer","buffer",58445918
"buffer","buffer","buffer","buffer","buffer","buffer","buffer","buffer","buffer","buffer",58457744
"buffer","buffer","buffer","buffer","buffer","buffer","buffer","buffer","buffer","buffer",58469830
"buffer","buffer","buffer","buffer","buffer","buffer","buffer","buffer","buffer","buffer",58482136
"buffer","buffer","buffer","buffer","buffer","buffer","buffer","buffer","buffer","buffer",58494065
"buffer","buffer","buffer","buffer","buffer","buffer","buffer","buffer","buffer","buffer",58506123
"buffer","buffer","buffer","buffer","buffer","buffer","buffer","buffer","buffer","buffer",58518044
"buffer","buffer","buffer","buffer","buffer","buffer","buffer","buffer","buffer","buffer",58530205
"buffer","buffer","buffer","buffer","buffer","buffer","buffer","buffer","buffer","buffer",58542279
"buffer","buffer","buffer","buffer","buffer","buffer","buffer","buffer","buffer","buffer",58554355
"buffer","buffer","buffer","buffer","buffer","buffer","buffer","buffer","buffer","buffer",58566431
"buffer","buffer","buffer","buffer","buffer","buffer","buffer","buffer","buffer","buffer",58578327
"buffer","buffer","buffer","buffer","buffer","buffer","buffer","buffer","buffer","buffer",58590397
"buffer","buffer","buffer","buffer","buffer","buffer","buffer","buffer","buffer","buffer",58602398
"buffer","buffer","buffer","buffer","buffer","buffer","buffer","buffer","buffer","buffer",58614451
"buffer","buffer","buffer","buffer","buffer","buffer","buffer","buffer","buffer","buffer",58626464
"buffer","buffer","buffer","buffer","buffer","buffer","buffer","buffer","buffer","buffer",58638621
"buffer","buffer","buffer","buffer","buffer","buffer","buffer","buffer","buffer","buffer",58650716
"buffer","buffer","buffer","buffer","buffer","buffer","buffer","buffer","buffer","buffer",58662761
"buffer","buffer","buffer","buffer","buffer","buffer","buffer","buffer","buffer","buffer",58674788
"buffer","buffer","buffer","buffer","buffer","buffer","buffer","buffer","buffer","buffer",58686628
"buffer","buffer","buffer","buffer","buffer","buffer","buffer","buffer","buffer","buffer",58698881
"buffer","buffer","buffer","buffer","buffer","buffer","buffer","buffer","buffer","buffer",58710842
"buffer","buffer","buffer","buffer","buffer","buffer","buffer","buffer","buffer","buffer",58722890
"buffer","buffer","buffer","buffer","buffer","buffer","buffer","buffer","buffer","buffer",58734849
"buffer","buffer","buffer","buffer","buffer","buffer","buffer","buffer","buffer","buffer",58747013
"buffer","buffer","buffer","buffer","buffer","buffer","buffer","buffer","buffer","buffer",58759125
"buffer","buffer","buffer","buffer","buffer","buffer","buffer","buffer","buffer","buffer",58771194
"buffer","buffer","buffer","buffer","buffer","buffer","buffer","buffer","buffer","buffer",58783106
"buffer","buffer","buffer","buffer","buffer","buffer","buffer","buffer","buffer","buffer",58795271
"buffer","buffer","buffer","buffer","buffer","buffer","buffer","buffer","buffer","buffer",58807095
"buffer","buffer","buffer","buffer","buffer","buffer","buffer","buffer","buffer","buffer",58819217
"buffer","buffer","buffer","buffer","buffer","buffer","buffer","buffer","buffer","buffer",58831348
"buffer","buffer","buffer","buffer","buffer","buffer","buffer","buffer","buffer","buffer",58843445
"buffer","buffer","buffer","buffer","buffer","buffer","buffer","buffer","buffer","buffer",58855549
"buffer","buffer","buffer","buffer","buffer","buffer","buffer","buffer","buffer","buffer",58867505
"buffer","buffer","buffer","buffer","buffer","buffer","buffer","buffer","buffer","buffer",58879318
"buffer","buffer","buffer","buffer","buffer","buffer","buffer","buffer","buffer","buffer",58891585
"buffer","buffer","buffer","buffer","buffer","buffer","buffer","buffer","buffer","buffer",58903372
"buffer","buffer","buffer","buffer","buffer","buffer","buffer","buffer","buffer","buffer",58915446
"buffer","buffer","buffer","buffer","buffer","buffer","buffer","buffer","buffer","buffer",58927546
"buffer","buffer","buffer","buffer","buffer","buffer","buffer","buffer","buffer","buffer",58939841
"buffer","buffer","buffer","buffer","buffer","buffer","buffer","buffer","buffer","buffer",58951779
"buffer","buffer","buffer","buffer","buffer","buffer","buffer","buffer","buffer","buffer",58963964
"buffer","buffer","buffer","buffer","buffer","buffer","buffer","buffer","buffer","buffer",58975815
"buffer","buffer","buffer","buffer","buffer","buffer","buffer","buffer","buffer","buffer",58988008
"buffer","buffer","buffer","buffer","buffer","buffer","buffer","buffer","buffer","buffer",58999821
"buffer","buffer","buffer","buffer","buffer","buffer","buffer","buffer","buffer","buffer",59011922
"buffer","buffer","buffer","buffer","buffer","buffer","buffer","buffer","buffer","buffer",59024015
"buffer","buffer","buffer","buffer","buffer","buffer","buffer","buffer","buffer","buffer",59036087
"buffer","buffer","buffer","buffer","buffer","buffer","buffer","buffer","buffer","buffer",59048064
"buffer","buffer","buffer","buffer","buffer","buffer","buffer","buffer","buffer","buffer",59060332
"buffer","buffer","buffer","buffer","buffer","buffer","buffer","buffer","buffer","buffer",59072133
"buffer","buffer","buffer","buffer","buffer","buffer","buffer","buffer","buffer","buffer",59084115
"buffer","buffer","buffer","buffer","buffer","buffer","buffer","buffer","buffer","buffer",59096203
"buffer","buffer","buffer","buffer","buffer","buffer","buffer","buffer","buffer","buffer",59108265
"buffer","buffer","buffer","buffer","buffer","buffer","buffer","buffer","buffer","buffer",59120347
"buffer","buffer","buffer","buffer","buffer","buffer","buffer","buffer","buffer","buffer",59132492
"buffer","buffer","buffer","buffer","buffer","buffer","buffer","buffer","buffer","buffer",59144523
"buffer","buffer","buffer","buffer","buffer","buffer","buffer","buffer","buffer","buffer",59156620
"buffer","buffer","buffer","buffer","buffer","buffer","buffer","buffer","buffer","buffer",59168608
"buffer","buffer","buffer","buffer","buffer","buffer","buffer","buffer","buffer","buffer",59180582
"buffer","buffer","buffer","buffer","buffer","buffer","buffer","buffer","buffer","buffer",59192560
"buffer","buffer","buffer","buffer","buffer","buffer","buffer","buffer","buffer","buffer",59204626
"buffer","buffer","buffer","buffer","buffer","buffer","buffer","buffer","buffer","buffer",59216810
"buffer","buffer","buffer","buffer","buffer","buffer","buffer","buffer","buffer","buffer",59228776
"buffer","buffer","buffer","buffer","buffer","buffer","buffer","buffer","buffer","buffer",59240847
"buffer","buffer","buffer","buffer","buffer","buffer","buffer","buffer","buffer","buffer",59252941
"buffer","buffer","buffer","buffer","buffer","buffer","buffer","buffer","buffer","buffer",59264913
"buffer","buffer","buffer","buffer","buffer","buffer","buffer","buffer","buffer","buffer",59276863
"buffer","buffer","buffer","buffer","buffer","buffer","buffer","buffer","buffer","buffer",59288977
"buffer","buffer","buffer","buffer","buffer","buffer","buffer","buffer","buffer","buffer",59301170
"buffer","buffer","buffer","buffer","buffer","buffer","buffer","buffer","buffer","buffer",59312956
"buffer","buffer","buffer","buffer","buffer","buffer","buffer","buffer","buffer","buffer",59325188
"buffer","buffer","buffer","buffer","buffer","buffer","buffer","buffer","buffer","buffer",59337195
"buffer","buffer","buffer","buffer","buffer","buffer","buffer","buffer","buffer","buffer",59349411
"buffer","buffer","buffer","buffer","buffer","buffer","buffer","buffer","buffer","buffer",59361506
"buffer","buffer","buffer","buffer","buffer","buffer","buffer","buffer","buffer","buffer",59373314
"buffer","buffer","buffer","buffer","buffer","buffer","buffer","buffer","buffer","buffer",59385302
"buffer","buffer","buffer","buffer","buffer","buffer","buffer","buffer","buffer","buffer",59397521
"buffer","buffer","buffer","buffer","buffer","buffer","buffer","buffer","buffer","buffer",59409623
"buffer","buffer","buffer","buffer","buffer","buffer","buffer","buffer","buffer","buffer",59421612
"buffer","buffer","buffer","buffer","buffer","buffer","buffer","buffer","buffer","buffer",59433586
"buffer","buffer","buffer","buffer","buffer","buffer","buffer","buffer","buffer","buffer",59445618
"buffer","buffer","buffer","buffer","buffer","buffer","buffer","buffer","buffer","buffer",59457596
"buffer","buffer","buffer","buffer","buffer","buffer","buffer","buffer","buffer","buffer",59469917
"buffer","buffer","buffer","buffer","buffer","buffer","buffer","buffer","buffer","buffer",59481722
"buffer","buffer","buffer","buffer","buffer","buffer","buffer","buffer","buffer","buffer",59493920
"buffer","buffer","buffer","buffer","buffer","buffer","buffer","buffer","buffer","buffer",59505863
"buffer","buffer","buffer","buffer","buffer","buffer","buffer","buffer","buffer","buffer",59517975
"buffer","buffer","buffer","buffer","buffer","buffer","buffer","buffer","buffer","buffer",59530005
"buffer","buffer","buffer","buffer","buffer","buffer","buffer","buffer","buffer","buffer",59541916
"buffer","buffer","buffer","buffer","buffer","buffer","buffer","buffer","buffer","buffer",59554107
"buffer","buffer","buffer","buffer","buffer","buffer","buffer","buffer","buffer","buffer",59566108
"buffer","buffer","buffer","buffer","buffer","buffer","buffer","buffer","buffer","buffer",59577968
"buffer","buffer","buffer","buffer","buffer","buffer","buffer","buffer","buffer","buffer",59590222
"buffer","buffer","buffer","buffer","buffer","buffer","buffer","buffer","buffer","buffer",59602272
"buffer","buffer","buffer","buffer","buffer","buffer","buffer","buffer","buffer","buffer",59614226
"buffer","buffer","buffer","buffer","buffer","buffer","buffer","buffer","buffer","buffer",59626152
"buffer","buffer","buffer","buffer","buffer","buffer","buffer","buffer","buffer","buffer",59638480
"buffer","buffer","buffer","buffer","buffer","buffer","buffer","buffer","buffer","buffer",59650415
"buffer","buffer","buffer","buffer","buffer","buffer","buffer","buffer","buffer","buffer",59662464
"buffer","buffer","buffer","buffer","buffer","buffer","buffer","buffer","buffer","buffer",59674606
"buffer","buffer","buffer","buffer","buffer","buffer","buffer","buffer","buffer","buffer",59686510
"buffer","buffer","buffer","buffer","buffer","buffer","buffer","buffer","buffer","buffer",59698701
"buffer","buffer","buffer","buffer","buffer","buffer","buffer","buffer","buffer","buffer",59710511
"buffer","buffer","buffer","buffer","buffer","buffer","buffer","buffer","buffer","buffer",59722525
"buffer","buffer","buffer","buffer","buffer","buffer","buffer","buffer","buffer","buffer",59734826
"buffer","buffer","buffer","buffer","buffer","buffer","buffer","buffer","buffer","buffer",59746755
"buffer","buffer","buffer","buffer","buffer","buffer","buffer","buffer","buffer","buffer",59758668
"buffer","buffer","buffer","buffer","buffer","buffer","buffer","buffer","buffer","buffer",59770675
"buffer","buffer","buffer","buffer","buffer","buffer","buffer","buffer","buffer","buffer",59782995
"buffer","buffer","buffer","buffer","buffer","buffer","buffer","buffer","buffer","buffer",59795030
"buffer","buffer","buffer","buffer","buffer","buffer","buffer","buffer","buffer","buffer",59806899
"buffer","buffer","buffer","buffer","buffer","buffer","buffer","buffer","buffer","buffer",59819052
"buffer","buffer","buffer","buffer","buffer","buffer","buffer","buffer","buffer","buffer",59830920
"buffer","buffer","buffer","buffer","buffer","buffer","buffer","buffer","buffer","buffer",59843162
"buffer","buffer","buffer","buffer","buffer","buffer","buffer","buffer","buffer","buffer",59855085
"buffer","buffer","buffer","buffer","buffer","buffer","buffer","buffer","buffer","buffer",59867108
"buffer","buffer","buffer","buffer","buffer","buffer","buffer","buffer","buffer","buffer",59879225
"buffer","buffer","buffer","buffer","buffer","buffer","buffer","buffer","buffer","buffer",59891291
"buffer","buffer","buffer","buffer","buffer","buffer","buffer","buffer","buffer","buffer",59903436
"buffer","buffer","buffer","buffer","buffer","buffer","buffer","buffer","buffer","buffer",59915230
"buffer","buffer","buffer","buffer","buffer","buffer","buffer","buffer","buffer","buffer",59927613
"buffer","buffer","buffer","buffer","buffer","buffer","buffer","buffer","buffer","buffer",59939456
"buffer","buffer","buffer","buffer","buffer","buffer","buffer","buffer","buffer","buffer",59951589
"buffer","buffer","buffer","buffer","buffer","buffer","buffer","buffer","buffer","buffer",59963568
"buffer","buffer","buffer","buffer","buffer","buffer","buffer","buffer","buffer","buffer",59975561
"buffer","buffer","buffer","buffer","buffer","buffer","buffer","buffer","buffer","buffer",59987803
"buffer","buffer","buffer","buffer","buffer","buffer","buffer","buffer","buffer","buffer",59999589
"buffer","buffer","buffer","buffer","buffer","buffer","buffer","buffer","buffer","buffer",60011814
"buffer","buffer","buffer","buffer","buffer","buffer","buffer","buffer","buffer","buffer",60023673
"buffer","buffer","buffer","buffer","buffer","buffer","buffer","buffer","buffer","buffer",60035858
"buffer","buffer","buffer","buffer","buffer","buffer","buffer","buffer","buffer","buffer",60048072
"buffer","buffer","buffer","buffer","buffer","buffer","buffer","buffer","buffer","buffer",60060049
"buffer","buffer","buffer","buffer","buffer","buffer","buffer","buffer","buffer","buffer",60071867
"buffer","buffer","buffer","buffer","buffer","buffer","buffer","buffer","buffer","buffer",60084022
"buffer","buffer","buffer","buffer","buffer","buffer","buffer","buffer","buffer","buffer",60096200
"buffer","buffer","buffer","buffer","buffer","buffer","buffer","buffer","buffer","buffer",60108225
"buffer","buffer","buffer","buffer","buffer","buffer","buffer","buffer","buffer","buffer",60120260
"buffer","buffer","buffer","buffer","buffer","buffer","buffer","buffer","buffer","buffer",60132116
"buffer","buffer","buffer","buffer","buffer","buffer","buffer","buffer","buffer","buffer",60144394
"buffer","buffer","buffer","buffer","buffer","buffer","buffer","buffer","buffer","buffer",60156333
"buffer","buffer","buffer","buffer","buffer","buffer","buffer","buffer","buffer","buffer",60168269
"buffer","buffer","buffer","buffer","buffer","buffer","buffer","buffer","buffer","buffer",60180365
"buffer","buffer","buffer","buffer","buffer","buffer","buffer","buffer","buffer","buffer",60192436
"buffer","buffer","buffer","buffer","buffer","buffer","buffer","buffer","buffer","buffer",60204690
"buffer","buffer","buffer","buffer","buffer","buffer","buffer","buffer","buffer","buffer",60216620
"buffer","buffer","buffer","buffer","buffer","buffer","buffer","buffer","buffer","buffer",60228464
"buffer","buffer","buffer","buffer","buffer","buffer","buffer","buffer","buffer","buffer",60240703
"buffer","buffer","buffer","buffer","buffer","buffer","buffer","buffer","buffer","buffer",60252752
"buffer","buffer","buffer","buffer","buffer","buffer","buffer","buffer","buffer","buffer",60264673
"buffer","buffer","buffer","buffer","buffer","buffer","buffer","buffer","buffer","buffer",60276827
"buffer","buffer","buffer","buffer","buffer","buffer","buffer","buffer","buffer","buffer",60288788
"buffer","buffer","buffer","buffer","buffer","buffer","buffer","buffer","buffer","buffer",60300634
"buffer","buffer","buffer","buffer","buffer","buffer","buffer","buffer","buffer","buffer",60312847
"buffer","buffer","buffer","buffer","buffer","buffer","buffer","buffer","buffer","buffer",60325044
"buffer","buffer","buffer","buffer","buffer","buffer","buffer","buffer","buffer","buffer",60337116
"buffer","buffer","buffer","buffer","buffer","buffer","buffer","buffer","buffer","buffer",60349059
"buffer","buffer","buffer","buffer","buffer","buffer","buffer","buffer","buffer","buffer",60361136
"buffer","buffer","buffer","buffer","buffer","buffer","buffer","buffer","buffer","buffer",60373182
"buffer","buffer","buffer","buffer","buffer","buffer","buffer","buffer","buffer","buffer",60385168
"buffer","buffer","buffer","buffer","buffer","buffer","buffer","buffer","buffer","buffer",60397177
"buffer","buffer","buffer","buffer","buffer","buffer","buffer","buffer","buffer","buffer",60409163
"buffer","buffer","buffer","buffer","buffer","buffer","buffer","buffer","buffer","buffer",60421338
"buffer","buffer","buffer","buffer","buffer","buffer","buffer","buffer","buffer","buffer",60433466
"buffer","buffer","buffer","buffer","buffer","buffer","buffer","buffer","buffer","buffer",60445283
"buffer","buffer","buffer","buffer","buffer","buffer","buffer","buffer","buffer","buffer",60457461
"buffer","buffer","buffer","buffer","buffer","buffer","buffer","buffer","buffer","buffer",60469655
"buffer","buffer","buffer","buffer","buffer","buffer","buffer","buffer","buffer","buffer",60481520
"buffer","buffer","buffer","buffer","buffer","buffer","buffer","buffer","buffer","buffer",60493673
"buffer","buffer","buffer","buffer","buffer","buffer","buffer","buffer","buffer","buffer",60505830
"buffer","buffer","buffer","buffer","buffer","buffer","buffer","buffer","buffer","buffer",60517735
"buffer","buffer","buffer","buffer","buffer","buffer","buffer","buffer","buffer","buffer",60529777
"buffer","buffer","buffer","buffer","buffer","buffer","buffer","buffer","buffer","buffer",60541625
"buffer","buffer","buffer","buffer","buffer","buffer","buffer","buffer","buffer","buffer",60554026
"buffer","buffer","buffer","buffer","buffer","buffer","buffer","buffer","buffer","buffer",60565867
"buffer","buffer","buffer","buffer","buffer","buffer","buffer","buffer","buffer","buffer",60577982
"buffer","buffer","buffer","buffer","buffer","buffer","buffer","buffer","buffer","buffer",60590069
"buffer","buffer","buffer","buffer","buffer","buffer","buffer","buffer","buffer","buffer",60602054
"buffer","buffer","buffer","buffer","buffer","buffer","buffer","buffer","buffer","buffer",60614239
"buffer","buffer","buffer","buffer","buffer","buffer","buffer","buffer","buffer","buffer",60626081
"buffer","buffer","buffer","buffer","buffer","buffer","buffer","buffer","buffer","buffer",60638158
"buffer","buffer","buffer","buffer","buffer","buffer","buffer","buffer","buffer","buffer",60650382
"buffer","buffer","buffer","buffer","buffer","buffer","buffer","buffer","buffer","buffer",60662107
"buffer","buffer","buffer","buffer","buffer","buffer","buffer","buffer","buffer","buffer",60674445
"buffer","buffer","buffer","buffer","buffer","buffer","buffer","buffer","buffer","buffer",60686277
"buffer","buffer","buffer","buffer","buffer","buffer","buffer","buffer","buffer","buffer",60698430
"buffer","buffer","buffer","buffer","buffer","buffer","buffer","buffer","buffer","buffer",60710450
"buffer","buffer","buffer","buffer","buffer","buffer","buffer","buffer","buffer","buffer",60722438
"buffer","buffer","buffer","buffer","buffer","buffer","buffer","buffer","buffer","buffer",60734507
"buffer","buffer","buffer","buffer","buffer","buffer","buffer","buffer","buffer","buffer",60746555
"buffer","buffer","buffer","buffer","buffer","buffer","buffer","buffer","buffer","buffer",60758607
"buffer","buffer","buffer","buffer","buffer","buffer","buffer","buffer","buffer","buffer",60770619
"buffer","buffer","buffer","buffer","buffer","buffer","buffer","buffer","buffer","buffer",60782838
"buffer","buffer","buffer","buffer","buffer","buffer","buffer","buffer","buffer","buffer",60794820
"buffer","buffer","buffer","buffer","buffer","buffer","buffer","buffer","buffer","buffer",60806761
"buffer","buffer","buffer","buffer","buffer","buffer","buffer","buffer","buffer","buffer",60818928
"buffer","buffer","buffer","buffer","buffer","buffer","buffer","buffer","buffer","buffer",60830702
"buffer","buffer","buffer","buffer","buffer","buffer","buffer","buffer","buffer","buffer",60843051
"buffer","buffer","buffer","buffer","buffer","buffer","buffer","buffer","buffer","buffer",60855072
"buffer","buffer","buffer","buffer","buffer","buffer","buffer","buffer","buffer","buffer",60866977
"buffer","buffer","buffer","buffer","buffer","buffer","buffer","buffer","buffer","buffer",60879284
"buffer","buffer","buffer","buffer","buffer","buffer","buffer","buffer","buffer","buffer",60891055
"buffer","buffer","buffer","buffer","buffer","buffer","buffer","buffer","buffer","buffer",60903084
"buffer","buffer","buffer","buffer","buffer","buffer","buffer","buffer","buffer","buffer",60915252
"buffer","buffer","buffer","buffer","buffer","buffer","buffer","buffer","buffer","buffer",60927492
"buffer","buffer","buffer","buffer","buffer","buffer","buffer","buffer","buffer","buffer",60939372
"buffer","buffer","buffer","buffer","buffer","buffer","buffer","buffer","buffer","buffer",60951305
"buffer","buffer","buffer","buffer","buffer","buffer","buffer","buffer","buffer","buffer",60963349
"buffer","buffer","buffer","buffer","buffer","buffer","buffer","buffer","buffer","buffer",60975571
"buffer","buffer","buffer","buffer","buffer","buffer","buffer","buffer","buffer","buffer",60987427
"buffer","buffer","buffer","buffer","buffer","buffer","buffer","buffer","buffer","buffer",60999715
"buffer","buffer","buffer","buffer","buffer","buffer","buffer","buffer","buffer","buffer",61011576
"buffer","buffer","buffer","buffer","buffer","buffer","buffer","buffer","buffer","buffer",61023538
"buffer","buffer","buffer","buffer","buffer","buffer","buffer","buffer","buffer","buffer",61035625
"buffer","buffer","buffer","buffer","buffer","buffer","buffer","buffer","buffer","buffer",61047833
"buffer","buffer","buffer","buffer","buffer","buffer","buffer","buffer","buffer","buffer",61059744
"buffer","buffer","buffer","buffer","buffer","buffer","buffer","buffer","buffer","buffer",61071806
"buffer","buffer","buffer","buffer","buffer","buffer","buffer","buffer","buffer","buffer",61083830
"buffer","buffer","buffer","buffer","buffer","buffer","buffer","buffer","buffer","buffer",61095759
"buffer","buffer","buffer","buffer","buffer","buffer","buffer","buffer","buffer","buffer",61107943
"buffer","buffer","buffer","buffer","buffer","buffer","buffer","buffer","buffer","buffer",61120237
"buffer","buffer","buffer","buffer","buffer","buffer","buffer","buffer","buffer","buffer",61132061
"buffer","buffer","buffer","buffer","buffer","buffer","buffer","buffer","buffer","buffer",61143994
"buffer","buffer","buffer","buffer","buffer","buffer","buffer","buffer","buffer","buffer",61156050
"buffer","buffer","buffer","buffer","buffer","buffer","buffer","buffer","buffer","buffer",61168146
"buffer","buffer","buffer","buffer","buffer","buffer","buffer","buffer","buffer","buffer",61180196
"buffer","buffer","buffer","buffer","buffer","buffer","buffer","buffer","buffer","buffer",61192299
"buffer","buffer","buffer","buffer","buffer","buffer","buffer","buffer","buffer","buffer",61204256
"buffer","buffer","buffer","buffer","buffer","buffer","buffer","buffer","buffer","buffer",61216381
"buffer","buffer","buffer","buffer","buffer","buffer","buffer","buffer","buffer","buffer",61228312
"buffer","buffer","buffer","buffer","buffer","buffer","buffer","buffer","buffer","buffer",61240382
"buffer","buffer","buffer","buffer","buffer","buffer","buffer","buffer","buffer","buffer",61252553
"buffer","buffer","buffer","buffer","buffer","buffer","buffer","buffer","buffer","buffer",61264511
"buffer","buffer","buffer","buffer","buffer","buffer","buffer","buffer","buffer","buffer",61276466
"buffer","buffer","buffer","buffer","buffer","buffer","buffer","buffer","buffer","buffer",61288485
"buffer","buffer","buffer","buffer","buffer","buffer","buffer","buffer","buffer","buffer",61300651
"buffer","buffer","buffer","buffer","buffer","buffer","buffer","buffer","buffer","buffer",61312644
"buffer","buffer","buffer","buffer","buffer","buffer","buffer","buffer","buffer","buffer",61324820
"buffer","buffer","buffer","buffer","buffer","buffer","buffer","buffer","buffer","buffer",61336704
"buffer","buffer","buffer","buffer","buffer","buffer","buffer","buffer","buffer","buffer",61348895
"buffer","buffer","buffer","buffer","buffer","buffer","buffer","buffer","buffer","buffer",61360998
"buffer","buffer","buffer","buffer","buffer","buffer","buffer","buffer","buffer","buffer",61372732
"buffer","buffer","buffer","buffer","buffer","buffer","buffer","buffer","buffer","buffer",61385102
"buffer","buffer","buffer","buffer","buffer","buffer","buffer","buffer","buffer","buffer",61396938
"buffer","buffer","buffer","buffer","buffer","buffer","buffer","buffer","buffer","buffer",61409017
"buffer","buffer","buffer","buffer","buffer","buffer","buffer","buffer","buffer","buffer",61421138
"buffer","buffer","buffer","buffer","buffer","buffer","buffer","buffer","buffer","buffer",61433265
"buffer","buffer","buffer","buffer","buffer","buffer","buffer","buffer","buffer","buffer",61445151
"buffer","buffer","buffer","buffer","buffer","buffer","buffer","buffer","buffer","buffer",61457153
"buffer","buffer","buffer","buffer","buffer","buffer","buffer","buffer","buffer","buffer",61469396
"buffer","buffer","buffer","buffer","buffer","buffer","buffer","buffer","buffer","buffer",61481319
"buffer","buffer","buffer","buffer","buffer","buffer","buffer","buffer","buffer","buffer",61493532
"buffer","buffer","buffer","buffer","buffer","buffer","buffer","buffer","buffer","buffer",61505494
"buffer","buffer","buffer","buffer","buffer","buffer","buffer","buffer","buffer","buffer",61517465
"buffer","buffer","buffer","buffer","buffer","buffer","buffer","buffer","buffer","buffer",61529411
"buffer","buffer","buffer","buffer","buffer","buffer","buffer","buffer","buffer","buffer",61541506
"buffer","buffer","buffer","buffer","buffer","buffer","buffer","buffer","buffer","buffer",61553722
"buffer","buffer","buffer","buffer","buffer","buffer","buffer","buffer","buffer","buffer",61565733
"buffer","buffer","buffer","buffer","buffer","buffer","buffer","buffer","buffer","buffer",61577620
"buffer","buffer","buffer","buffer","buffer","buffer","buffer","buffer","buffer","buffer",61589818
"buffer","buffer","buffer","buffer","buffer","buffer","buffer","buffer","buffer","buffer",61601699
"buffer","buffer","buffer","buffer","buffer","buffer","buffer","buffer","buffer","buffer",61613911
"buffer","buffer","buffer","buffer","buffer","buffer","buffer","buffer","buffer","buffer",61625951
"buffer","buffer","buffer","buffer","buffer","buffer","buffer","buffer","buffer","buffer",61637915
"buffer","buffer","buffer","buffer","buffer","buffer","buffer","buffer","buffer","buffer",61650008
"buffer","buffer","buffer","buffer","buffer","buffer","buffer","buffer","buffer","buffer",61662131
"buffer","buffer","buffer","buffer","buffer","buffer","buffer","buffer","buffer","buffer",61674020
"buffer","buffer","buffer","buffer","buffer","buffer","buffer","buffer","buffer","buffer",61686243
"buffer","buffer","buffer","buffer","buffer","buffer","buffer","buffer","buffer","buffer",61698307
"buffer","buffer","buffer","buffer","buffer","buffer","buffer","buffer","buffer","buffer",61710192
"buffer","buffer","buffer","buffer","buffer","buffer","buffer","buffer","buffer","buffer",61722474
"buffer","buffer","buffer","buffer","buffer","buffer","buffer","buffer","buffer","buffer",61734239
"buffer","buffer","buffer","buffer","buffer","buffer","buffer","buffer","buffer","buffer",61746406
"buffer","buffer","buffer","buffer","buffer","buffer","buffer","buffer","buffer","buffer",61758360
"buffer","buffer","buffer","buffer","buffer","buffer","buffer","buffer","buffer","buffer",61770506
"buffer","buffer","buffer","buffer","buffer","buffer","buffer","buffer","buffer","buffer",61782728
"buffer","buffer","buffer","buffer","buffer","buffer","buffer","buffer","buffer","buffer",61794569
"buffer","buffer","buffer","buffer","buffer","buffer","buffer","buffer","buffer","buffer",61806445
"buffer","buffer","buffer","buffer","buffer","buffer","buffer","buffer","buffer","buffer",61818773
"buffer","buffer","buffer","buffer","buffer","buffer","buffer","buffer","buffer","buffer",61830618
"buffer","buffer","buffer","buffer","buffer","buffer","buffer","buffer","buffer","buffer",61842738
"buffer","buffer","buffer","buffer","buffer","buffer","buffer","buffer","buffer","buffer",61854762
"buffer","buffer","buffer","buffer","buffer","buffer","buffer","buffer","buffer","buffer",61866911
"buffer","buffer","buffer","buffer","buffer","buffer","buffer","buffer","buffer","buffer",61878907
"buffer","buffer","buffer","buffer","buffer","buffer","buffer","buffer","buffer","buffer",61890880
"buffer","buffer","buffer","buffer","buffer","buffer","buffer","buffer","buffer","buffer",61902785
"buffer","buffer","buffer","buffer","buffer","buffer","buffer","buffer","buffer","buffer",61914975
"buffer","buffer","buffer","buffer","buffer","buffer","buffer","buffer","buffer","buffer",61927006
"buffer","buffer","buffer","buffer","buffer","buffer","buffer","buffer","buffer","buffer",61939080
"buffer","buffer","buffer","buffer","buffer","buffer","buffer","buffer","buffer","buffer",61951246
"buffer","buffer","buffer","buffer","buffer","buffer","buffer","buffer","buffer","buffer",61963303
"buffer","buffer","buffer","buffer","buffer","buffer","buffer","buffer","buffer","buffer",61975139
"buffer","buffer","buffer","buffer","buffer","buffer","buffer","buffer","buffer","buffer",61987190
"buffer","buffer","buffer","buffer","buffer","buffer","buffer","buffer","buffer","buffer",61999407
"buffer","buffer","buffer","buffer","buffer","buffer","buffer","buffer","buffer","buffer",62011482
"buffer","buffer","buffer","buffer","buffer","buffer","buffer","buffer","buffer","buffer",62023544
"buffer","buffer","buffer","buffer","buffer","buffer","buffer","buffer","buffer","buffer",62035380
"buffer","buffer","buffer","buffer","buffer","buffer","buffer","buffer","buffer","buffer",62047507
"buffer","buffer","buffer","buffer","buffer","buffer","buffer","buffer","buffer","buffer",62059495
"buffer","buffer","buffer","buffer","buffer","buffer","buffer","buffer","buffer","buffer",62071835
"buffer","buffer","buffer","buffer","buffer","buffer","buffer","buffer","buffer","buffer",62083518
"buffer","buffer","buffer","buffer","buffer","buffer","buffer","buffer","buffer","buffer",62095689
"buffer","buffer","buffer","buffer","buffer","buffer","buffer","buffer","buffer","buffer",62107864
"buffer","buffer","buffer","buffer","buffer","buffer","buffer","buffer","buffer","buffer",62119747
"buffer","buffer","buffer","buffer","buffer","buffer","buffer","buffer","buffer","buffer",62131940
"buffer","buffer","buffer","buffer","buffer","buffer","buffer","buffer","buffer","buffer",62143797
"buffer","buffer","buffer","buffer","buffer","buffer","buffer","buffer","buffer","buffer",62155740
"buffer","buffer","buffer","buffer","buffer","buffer","buffer","buffer","buffer","buffer",62167981
"buffer","buffer","buffer","buffer","buffer","buffer","buffer","buffer","buffer","buffer",62180060
"buffer","buffer","buffer","buffer","buffer","buffer","buffer","buffer","buffer","buffer",62192113
"buffer","buffer","buffer","buffer","buffer","buffer","buffer","buffer","buffer","buffer",62204140
"buffer","buffer","buffer","buffer","buffer","buffer","buffer","buffer","buffer","buffer",62216096
"buffer","buffer","buffer","buffer","buffer","buffer","buffer","buffer","buffer","buffer",62228242
"buffer","buffer","buffer","buffer","buffer","buffer","buffer","buffer","buffer","buffer",62240401
"buffer","buffer","buffer","buffer","buffer","buffer","buffer","buffer","buffer","buffer",62252273
"buffer","buffer","buffer","buffer","buffer","buffer","buffer","buffer","buffer","buffer",62264351
"buffer","buffer","buffer","buffer","buffer","buffer","buffer","buffer","buffer","buffer",62276363
"buffer","buffer","buffer","buffer","buffer","buffer","buffer","buffer","buffer","buffer",62288374
"buffer","buffer","buffer","buffer","buffer","buffer","buffer","buffer","buffer","buffer",62300463
"buffer","buffer","buffer","buffer","buffer","buffer","buffer","buffer","buffer","buffer",62312506
"buffer","buffer","buffer","buffer","buffer","buffer","buffer","buffer","buffer","buffer",62324518
"buffer","buffer","buffer","buffer","buffer","buffer","buffer","buffer","buffer","buffer",62336521
"buffer","buffer","buffer","buffer","buffer","buffer","buffer","buffer","buffer","buffer",62348763
"buffer","buffer","buffer","buffer","buffer","buffer","buffer","buffer","buffer","buffer",62360799
"buffer","buffer","buffer","buffer","buffer","buffer","buffer","buffer","buffer","buffer",62372786
"buffer","buffer","buffer","buffer","buffer","buffer","buffer","buffer","buffer","buffer",62385014
"buffer","buffer","buffer","buffer","buffer","buffer","buffer","buffer","buffer","buffer",62396748
"buffer","buffer","buffer","buffer","buffer","buffer","buffer","buffer","buffer","buffer",62408772
"buffer","buffer","buffer","buffer","buffer","buffer","buffer","buffer","buffer","buffer",62421025
"buffer","buffer","buffer","buffer","buffer","buffer","buffer","buffer","buffer","buffer",62432965
"buffer","buffer","buffer","buffer","buffer","buffer","buffer","buffer","buffer","buffer",62445069
"buffer","buffer","buffer","buffer","buffer","buffer","buffer","buffer","buffer","buffer",62456943
"buffer","buffer","buffer","buffer","buffer","buffer","buffer","buffer","buffer","buffer",62469053
"buffer","buffer","buffer","buffer","buffer","buffer","buffer","buffer","buffer","buffer",62481335
"buffer","buffer","buffer","buffer","buffer","buffer","buffer","buffer","buffer","buffer",62493086
"buffer","buffer","buffer","buffer","buffer","buffer","buffer","buffer","buffer","buffer",62505337
"buffer","buffer","buffer","buffer","buffer","buffer","buffer","buffer","buffer","buffer",62517302
"buffer","buffer","buffer","buffer","buffer","buffer","buffer","buffer","buffer","buffer",62529328
"buffer","buffer","buffer","buffer","buffer","buffer","buffer","buffer","buffer","buffer",62541307
"buffer","buffer","buffer","buffer","buffer","buffer","buffer","buffer","buffer","buffer",62553441
"buffer","buffer","buffer","buffer","buffer","buffer","buffer","buffer","buffer","buffer",62565242
"buffer","buffer","buffer","buffer","buffer","buffer","buffer","buffer","buffer","buffer",62577548
"buffer","buffer","buffer","buffer","buffer","buffer","buffer","buffer","buffer","buffer",62589465
"buffer","buffer","buffer","buffer","buffer","buffer","buffer","buffer","buffer","buffer",62601679
"buffer","buffer","buffer","buffer","buffer","buffer","buffer","buffer","buffer","buffer",62613762
"buffer","buffer","buffer","buffer","buffer","buffer","buffer","buffer","buffer","buffer",62625727
"buffer","buffer","buffer","buffer","buffer","buffer","buffer","buffer","buffer","buffer",62637708
"buffer","buffer","buffer","buffer","buffer","buffer","buffer","buffer","buffer","buffer",62649694
"buffer","buffer","buffer","buffer","buffer","buffer","buffer","buffer","buffer","buffer",62661809
"buffer","buffer","buffer","buffer","buffer","buffer","buffer","buffer","buffer","buffer",62673796
"buffer","buffer","buffer","buffer","buffer","buffer","buffer","buffer","buffer","buffer",62685933
"buffer","buffer","buffer","buffer","buffer","buffer","buffer","buffer","buffer","buffer",62698162
"buffer","buffer","buffer","buffer","buffer","buffer","buffer","buffer","buffer","buffer",62710065
"buffer","buffer","buffer","buffer","buffer","buffer","buffer","buffer","buffer","buffer",62721886
"buffer","buffer","buffer","buffer","buffer","buffer","buffer","buffer","buffer","buffer",62734172
"buffer","buffer","buffer","buffer","buffer","buffer","buffer","buffer","buffer","buffer",62746230
"buffer","buffer","buffer","buffer","buffer","buffer","buffer","buffer","buffer","buffer",62758213
"buffer","buffer","buffer","buffer","buffer","buffer","buffer","buffer","buffer","buffer",62770283
"buffer","buffer","buffer","buffer","buffer","buffer","buffer","buffer","buffer","buffer",62782399
"buffer","buffer","buffer","buffer","buffer","buffer","buffer","buffer","buffer","buffer",62794481
"buffer","buffer","buffer","buffer","buffer","buffer","buffer","buffer","buffer","buffer",62806339
"buffer","buffer","buffer","buffer","buffer","buffer","buffer","buffer","buffer","buffer",62818450
"buffer","buffer","buffer","buffer","buffer","buffer","buffer","buffer","buffer","buffer",62830620
"buffer","buffer","buffer","buffer","buffer","buffer","buffer","buffer","buffer","buffer",62842555
"buffer","buffer","buffer","buffer","buffer","buffer","buffer","buffer","buffer","buffer",62854841
"buffer","buffer","buffer","buffer","buffer","buffer","buffer","buffer","buffer","buffer",62866682
"buffer","buffer","buffer","buffer","buffer","buffer","buffer","buffer","buffer","buffer",62878824
"buffer","buffer","buffer","buffer","buffer","buffer","buffer","buffer","buffer","buffer",62890641
"buffer","buffer","buffer","buffer","buffer","buffer","buffer","buffer","buffer","buffer",62902670
"buffer","buffer","buffer","buffer","buffer","buffer","buffer","buffer","buffer","buffer",62914793
"buffer","buffer","buffer","buffer","buffer","buffer","buffer","buffer","buffer","buffer",62926818
"buffer","buffer","buffer","buffer","buffer","buffer","buffer","buffer","buffer","buffer",62938798
"buffer","buffer","buffer","buffer","buffer","buffer","buffer","buffer","buffer","buffer",62950935
"buffer","buffer","buffer","buffer","buffer","buffer","buffer","buffer","buffer","buffer",62963111
"buffer","buffer","buffer","buffer","buffer","buffer","buffer","buffer","buffer","buffer",62974931
"buffer","buffer","buffer","buffer","buffer","buffer","buffer","buffer","buffer","buffer",62987129
"buffer","buffer","buffer","buffer","buffer","buffer","buffer","buffer","buffer","buffer",62998959
"buffer","buffer","buffer","buffer","buffer","buffer","buffer","buffer","buffer","buffer",63011221
"buffer","buffer","buffer","buffer","buffer","buffer","buffer","buffer","buffer","buffer",63023303
"buffer","buffer","buffer","buffer","buffer","buffer","buffer","buffer","buffer","buffer",63035310
"buffer","buffer","buffer","buffer","buffer","buffer","buffer","buffer","buffer","buffer",63047448
"buffer","buffer","buffer","buffer","buffer","buffer","buffer","buffer","buffer","buffer",63059414
"buffer","buffer","buffer","buffer","buffer","buffer","buffer","buffer","buffer","buffer",63071447
"buffer","buffer","buffer","buffer","buffer","buffer","buffer","buffer","buffer","buffer",63083433
"buffer","buffer","buffer","buffer","buffer","buffer","buffer","buffer","buffer","buffer",63095442
"buffer","buffer","buffer","buffer","buffer","buffer","buffer","buffer","buffer","buffer",63107529
"buffer","buffer","buffer","buffer","buffer","buffer","buffer","buffer","buffer","buffer",63119481
"buffer","buffer","buffer","buffer","buffer","buffer","buffer","buffer","buffer","buffer",63131580
"buffer","buffer","buffer","buffer","buffer","buffer","buffer","buffer","buffer","buffer",63143842
"buffer","buffer","buffer","buffer","buffer","buffer","buffer","buffer","buffer","buffer",63155582
"buffer","buffer","buffer","buffer","buffer","buffer","buffer","buffer","buffer","buffer",63167744
"buffer","buffer","buffer","buffer","buffer","buffer","buffer","buffer","buffer","buffer",63179869
"buffer","buffer","buffer","buffer","buffer","buffer","buffer","buffer","buffer","buffer",63191743
"buffer","buffer","buffer","buffer","buffer","buffer","buffer","buffer","buffer","buffer",63204023
"buffer","buffer","buffer","buffer","buffer","buffer","buffer","buffer","buffer","buffer",63216007
"buffer","buffer","buffer","buffer","buffer","buffer","buffer","buffer","buffer","buffer",63228030
"buffer","buffer","buffer","buffer","buffer","buffer","buffer","buffer","buffer","buffer",63240016
"buffer","buffer","buffer","buffer","buffer","buffer","buffer","buffer","buffer","buffer",63252052
"buffer","buffer","buffer","buffer","buffer","buffer","buffer","buffer","buffer","buffer",63264134
"buffer","buffer","buffer","buffer","buffer","buffer","buffer","buffer","buffer","buffer",63276230
"buffer","buffer","buffer","buffer","buffer","buffer","buffer","buffer","buffer","buffer",63288142
"buffer","buffer","buffer","buffer","buffer","buffer","buffer","buffer","buffer","buffer",63300327
"buffer","buffer","buffer","buffer","buffer","buffer","buffer","buffer","buffer","buffer",63312321
"buffer","buffer","buffer","buffer","buffer","buffer","buffer","buffer","buffer","buffer",63324285
"buffer","buffer","buffer","buffer","buffer","buffer","buffer","buffer","buffer","buffer",63336474
"buffer","buffer","buffer","buffer","buffer","buffer","buffer","buffer","buffer","buffer",63348509
"buffer","buffer","buffer","buffer","buffer","buffer","buffer","buffer","buffer","buffer",63360518
"buffer","buffer","buffer","buffer","buffer","buffer","buffer","buffer","buffer","buffer",63372346
"buffer","buffer","buffer","buffer","buffer","buffer","buffer","buffer","buffer","buffer",63384590
"buffer","buffer","buffer","buffer","buffer","buffer","buffer","buffer","buffer","buffer",63396544
"buffer","buffer","buffer","buffer","buffer","buffer","buffer","buffer","buffer","buffer",63408729
"buffer","buffer","buffer","buffer","buffer","buffer","buffer","buffer","buffer","buffer",63420697
"buffer","buffer","buffer","buffer","buffer","buffer","buffer","buffer","buffer","buffer",63432670
"buffer","buffer","buffer","buffer","buffer","buffer","buffer","buffer","buffer","buffer",63444900
"buffer","buffer","buffer","buffer","buffer","buffer","buffer","buffer","buffer","buffer",63456705
"buffer","buffer","buffer","buffer","buffer","buffer","buffer","buffer","buffer","buffer",63468914
"buffer","buffer","buffer","buffer","buffer","buffer","buffer","buffer","buffer","buffer",63480967
"buffer","buffer","buffer","buffer","buffer","buffer","buffer","buffer","buffer","buffer",63493054
"buffer","buffer","buffer","buffer","buffer","buffer","buffer","buffer","buffer","buffer",63505223
"buffer","buffer","buffer","buffer","buffer","buffer","buffer","buffer","buffer","buffer",63517077
"buffer","buffer","buffer","buffer","buffer","buffer","buffer","buffer","buffer","buffer",63529114
"buffer","buffer","buffer","buffer","buffer","buffer","buffer","buffer","buffer","buffer",63541279
"buffer","buffer","buffer","buffer","buffer","buffer","buffer","buffer","buffer","buffer",63553073
"buffer","buffer","buffer","buffer","buffer","buffer","buffer","buffer","buffer","buffer",63565293
"buffer","buffer","buffer","buffer","buffer","buffer","buffer","buffer","buffer","buffer",63577380
"buffer","buffer","buffer","buffer","buffer","buffer","buffer","buffer","buffer","buffer",63589669
"buffer","buffer","buffer","buffer","buffer","buffer","buffer","buffer","buffer","buffer",63601491
"buffer","buffer","buffer","buffer","buffer","buffer","buffer","buffer","buffer","buffer",63613565
"buffer","buffer","buffer","buffer","buffer","buffer","buffer","buffer","buffer","buffer",63625351
"buffer","buffer","buffer","buffer","buffer","buffer","buffer","buffer","buffer","buffer",63637579
"buffer","buffer","buffer","buffer","buffer","buffer","buffer","buffer","buffer","buffer",63649524
"buffer","buffer","buffer","buffer","buffer","buffer","buffer","buffer","buffer","buffer",63661713
"buffer","buffer","buffer","buffer","buffer","buffer","buffer","buffer","buffer","buffer",63673845
"buffer","buffer","buffer","buffer","buffer","buffer","buffer","buffer","buffer","buffer",63685638
"buffer","buffer","buffer","buffer","buffer","buffer","buffer","buffer","buffer","buffer",63697878
"buffer","buffer","buffer","buffer","buffer","buffer","buffer","buffer","buffer","buffer",63710021
"buffer","buffer","buffer","buffer","buffer","buffer","buffer","buffer","buffer","buffer",63721840
"buffer","buffer","buffer","buffer","buffer","buffer","buffer","buffer","buffer","buffer",63733961
"buffer","buffer","buffer","buffer","buffer","buffer","buffer","buffer","buffer","buffer",63745941
"buffer","buffer","buffer","buffer","buffer","buffer","buffer","buffer","buffer","buffer",63757940
"buffer","buffer","buffer","buffer","buffer","buffer","buffer","buffer","buffer","buffer",63770068
"buffer","buffer","buffer","buffer","buffer","buffer","buffer","buffer","buffer","buffer",63782027
"buffer","buffer","buffer","buffer","buffer","buffer","buffer","buffer","buffer","buffer",63794176
"buffer","buffer","buffer","buffer","buffer","buffer","buffer","buffer","buffer","buffer",63806385
"buffer","buffer","buffer","buffer","buffer","buffer","buffer","buffer","buffer","buffer",63818241
"buffer","buffer","buffer","buffer","buffer","buffer","buffer","buffer","buffer","buffer",63830234
"buffer","buffer","buffer","buffer","buffer","buffer","buffer","buffer","buffer","buffer",63842450
"buffer","buffer","buffer","buffer","buffer","buffer","buffer","buffer","buffer","buffer",63854478
"buffer","buffer","buffer","buffer","buffer","buffer","buffer","buffer","buffer","buffer",63866389
"buffer","buffer","buffer","buffer","buffer","buffer","buffer","buffer","buffer","buffer",63878381
"buffer","buffer","buffer","buffer","buffer","buffer","buffer","buffer","buffer","buffer",63890465
"buffer","buffer","buffer","buffer","buffer","buffer","buffer","buffer","buffer","buffer",63902520
"buffer","buffer","buffer","buffer","buffer","buffer","buffer","buffer","buffer","buffer",63914672
"buffer","buffer","buffer","buffer","buffer","buffer","buffer","buffer","buffer","buffer",63926830
"buffer","buffer","buffer","buffer","buffer","buffer","buffer","buffer","buffer","buffer",63938832
"buffer","buffer","buffer","buffer","buffer","buffer","buffer","buffer","buffer","buffer",63950788
"buffer","buffer","buffer","buffer","buffer","buffer","buffer","buffer","buffer","buffer",63962811
"buffer","buffer","buffer","buffer","buffer","buffer","buffer","buffer","buffer","buffer",63974755
"buffer","buffer","buffer","buffer","buffer","buffer","buffer","buffer","buffer","buffer",63986910
"buffer","buffer","buffer","buffer","buffer","buffer","buffer","buffer","buffer","buffer",63998908
"buffer","buffer","buffer","buffer","buffer","buffer","buffer","buffer","buffer","buffer",64010823
"buffer","buffer","buffer","buffer","buffer","buffer","buffer","buffer","buffer","buffer",64023191
"buffer","buffer","buffer","buffer","buffer","buffer","buffer","buffer","buffer","buffer",64035075
"buffer","buffer","buffer","buffer","buffer","buffer","buffer","buffer","buffer","buffer",64046899
"buffer","buffer","buffer","buffer","buffer","buffer","buffer","buffer","buffer","buffer",64059016
"buffer","buffer","buffer","buffer","buffer","buffer","buffer","buffer","buffer","buffer",64071213
"buffer","buffer","buffer","buffer","buffer","buffer","buffer","buffer","buffer","buffer",64083318
"buffer","buffer","buffer","buffer","buffer","buffer","buffer","buffer","buffer","buffer",64095234
"buffer","buffer","buffer","buffer","buffer","buffer","buffer","buffer","buffer","buffer",64107386
"buffer","buffer","buffer","buffer","buffer","buffer","buffer","buffer","buffer","buffer",64119573
"buffer","buffer","buffer","buffer","buffer","buffer","buffer","buffer","buffer","buffer",64131414
"buffer","buffer","buffer","buffer","buffer","buffer","buffer","buffer","buffer","buffer",64143365
"buffer","buffer","buffer","buffer","buffer","buffer","buffer","buffer","buffer","buffer",64155508
"buffer","buffer","buffer","buffer","buffer","buffer","buffer","buffer","buffer","buffer",64167594
"buffer","buffer","buffer","buffer","buffer","buffer","buffer","buffer","buffer","buffer",64179634
"buffer","buffer","buffer","buffer","buffer","buffer","buffer","buffer","buffer","buffer",64191581
"buffer","buffer","buffer","buffer","buffer","buffer","buffer","buffer","buffer","buffer",64203604
"buffer","buffer","buffer","buffer","buffer","buffer","buffer","buffer","buffer","buffer",64215660
"buffer","buffer","buffer","buffer","buffer","buffer","buffer","buffer","buffer","buffer",64227768
"buffer","buffer","buffer","buffer","buffer","buffer","buffer","buffer","buffer","buffer",64239949
"buffer","buffer","buffer","buffer","buffer","buffer","buffer","buffer","buffer","buffer",64251784
"buffer","buffer","buffer","buffer","buffer","buffer","buffer","buffer","buffer","buffer",64263841
"buffer","buffer","buffer","buffer","buffer","buffer","buffer","buffer","buffer","buffer",64276068
"buffer","buffer","buffer","buffer","buffer","buffer","buffer","buffer","buffer","buffer",64287937
"buffer","buffer","buffer","buffer","buffer","buffer","buffer","buffer","buffer","buffer",64300042
"buffer","buffer","buffer","buffer","buffer","buffer","buffer","buffer","buffer","buffer",64312032
"buffer","buffer","buffer","buffer","buffer","buffer","buffer","buffer","buffer","buffer",64324190
"buffer","buffer","buffer","buffer","buffer","buffer","buffer","buffer","buffer","buffer",64336185
"buffer","buffer","buffer","buffer","buffer","buffer","buffer","buffer","buffer","buffer",64348225
"buffer","buffer","buffer","buffer","buffer","buffer","buffer","buffer","buffer","buffer",64360454
"buffer","buffer","buffer","buffer","buffer","buffer","buffer","buffer","buffer","buffer",64372181
"buffer","buffer","buffer","buffer","buffer","buffer","buffer","buffer","buffer","buffer",64384422
"buffer","buffer","buffer","buffer","buffer","buffer","buffer","buffer","buffer","buffer",64396494
"buffer","buffer","buffer","buffer","buffer","buffer","buffer","buffer","buffer","buffer",64408452
"buffer","buffer","buffer","buffer","buffer","buffer","buffer","buffer","buffer","buffer",64420576
"buffer","buffer","buffer","buffer","buffer","buffer","buffer","buffer","buffer","buffer",64432700
"buffer","buffer","buffer","buffer","buffer","buffer","buffer","buffer","buffer","buffer",64444629
"buffer","buffer","buffer","buffer","buffer","buffer","buffer","buffer","buffer","buffer",64456638
"buffer","buffer","buffer","buffer","buffer","buffer","buffer","buffer","buffer","buffer",64468756
"buffer","buffer","buffer","buffer","buffer","buffer","buffer","buffer","buffer","buffer",64480718
"buffer","buffer","buffer","buffer","buffer","buffer","buffer","buffer","buffer","buffer",64492926
"buffer","buffer","buffer","buffer","buffer","buffer","buffer","buffer","buffer","buffer",64504842
"buffer","buffer","buffer","buffer","buffer","buffer","buffer","buffer","buffer","buffer",64516881
"buffer","buffer","buffer","buffer","buffer","buffer","buffer","buffer","buffer","buffer",64528920
"buffer","buffer","buffer","buffer","buffer","buffer","buffer","buffer","buffer","buffer",64540852
"buffer","buffer","buffer","buffer","buffer","buffer","buffer","buffer","buffer","buffer",64553096
"buffer","buffer","buffer","buffer","buffer","buffer","buffer","buffer","buffer","buffer",64565062
"buffer","buffer","buffer","buffer","buffer","buffer","buffer","buffer","buffer","buffer",64577055
"buffer","buffer","buffer","buffer","buffer","buffer","buffer","buffer","buffer","buffer",64589277
"buffer","buffer","buffer","buffer","buffer","buffer","buffer","buffer","buffer","buffer",64601254
"buffer","buffer","buffer","buffer","buffer","buffer","buffer","buffer","buffer","buffer",64613418
"buffer","buffer","buffer","buffer","buffer","buffer","buffer","buffer","buffer","buffer",64625310
"buffer","buffer","buffer","buffer","buffer","buffer","buffer","buffer","buffer","buffer",64637305
"buffer","buffer","buffer","buffer","buffer","buffer","buffer","buffer","buffer","buffer",64649241
"buffer","buffer","buffer","buffer","buffer","buffer","buffer","buffer","buffer","buffer",64661465
"buffer","buffer","buffer","buffer","buffer","buffer","buffer","buffer","buffer","buffer",64673370
"buffer","buffer","buffer","buffer","buffer","buffer","buffer","buffer","buffer","buffer",64685542
"buffer","buffer","buffer","buffer","buffer","buffer","buffer","buffer","buffer","buffer",64697636
"buffer","buffer","buffer","buffer","buffer","buffer","buffer","buffer","buffer","buffer",64709539
"buffer","buffer","buffer","buffer","buffer","buffer","buffer","buffer","buffer","buffer",64721802
"buffer","buffer","buffer","buffer","buffer","buffer","buffer","buffer","buffer","buffer",64733709
"buffer","buffer","buffer","buffer","buffer","buffer","buffer","buffer","buffer","buffer",64745928
"buffer","buffer","buffer","buffer","buffer","buffer","buffer","buffer","buffer","buffer",64757910
"buffer","buffer","buffer","buffer","buffer","buffer","buffer","buffer","buffer","buffer",64769572
"buffer","buffer","buffer","buffer","buffer","buffer","buffer","buffer","buffer","buffer",64781952
"buffer","buffer","buffer","buffer","buffer","buffer","buffer","buffer","buffer","buffer",64793991
"buffer","buffer","buffer","buffer","buffer","buffer","buffer","buffer","buffer","buffer",64806005
"buffer","buffer","buffer","buffer","buffer","buffer","buffer","buffer","buffer","buffer",64817909
"buffer","buffer","buffer","buffer","buffer","buffer","buffer","buffer","buffer","buffer",64830019
"buffer","buffer","buffer","buffer","buffer","buffer","buffer","buffer","buffer","buffer",64842197
"buffer","buffer","buffer","buffer","buffer","buffer","buffer","buffer","buffer","buffer",64854213
"buffer","buffer","buffer","buffer","buffer","buffer","buffer","buffer","buffer","buffer",64866131
"buffer","buffer","buffer","buffer","buffer","buffer","buffer","buffer","buffer","buffer",64878360
"buffer","buffer","buffer","buffer","buffer","buffer","buffer","buffer","buffer","buffer",64890369
"buffer","buffer","buffer","buffer","buffer","buffer","buffer","buffer","buffer","buffer",64902452
"buffer","buffer","buffer","buffer","buffer","buffer","buffer","buffer","buffer","buffer",64914422
"buffer","buffer","buffer","buffer","buffer","buffer","buffer","buffer","buffer","buffer",64926561
"buffer","buffer","buffer","buffer","buffer","buffer","buffer","buffer","buffer","buffer",64938595
"buffer","buffer","buffer","buffer","buffer","buffer","buffer","buffer","buffer","buffer",64950458
"buffer","buffer","buffer","buffer","buffer","buffer","buffer","buffer","buffer","buffer",64962612
"buffer","buffer","buffer","buffer","buffer","buffer","buffer","buffer","buffer","buffer",64974618
"buffer","buffer","buffer","buffer","buffer","buffer","buffer","buffer","buffer","buffer",64986855
"buffer","buffer","buffer","buffer","buffer","buffer","buffer","buffer","buffer","buffer",64998529
"buffer","buffer","buffer","buffer","buffer","buffer","buffer","buffer","buffer","buffer",65010755
"buffer","buffer","buffer","buffer","buffer","buffer","buffer","buffer","buffer","buffer",65022914
"buffer","buffer","buffer","buffer","buffer","buffer","buffer","buffer","buffer","buffer",65034981
"buffer","buffer","buffer","buffer","buffer","buffer","buffer","buffer","buffer","buffer",65046785
"buffer","buffer","buffer","buffer","buffer","buffer","buffer","buffer","buffer","buffer",65059095
"buffer","buffer","buffer","buffer","buffer","buffer","buffer","buffer","buffer","buffer",65070979
"buffer","buffer","buffer","buffer","buffer","buffer","buffer","buffer","buffer","buffer",65083013
"buffer","buffer","buffer","buffer","buffer","buffer","buffer","buffer","buffer","buffer",65094945
"buffer","buffer","buffer","buffer","buffer","buffer","buffer","buffer","buffer","buffer",65107121
"buffer","buffer","buffer","buffer","buffer","buffer","buffer","buffer","buffer","buffer",65119222
"buffer","buffer","buffer","buffer","buffer","buffer","buffer","buffer","buffer","buffer",65131207
"buffer","buffer","buffer","buffer","buffer","buffer","buffer","buffer","buffer","buffer",65143314
"buffer","buffer","buffer","buffer","buffer","buffer","buffer","buffer","buffer","buffer",65155295
"buffer","buffer","buffer","buffer","buffer","buffer","buffer","buffer","buffer","buffer",65167358
"buffer","buffer","buffer","buffer","buffer","buffer","buffer","buffer","buffer","buffer",65179334
"buffer","buffer","buffer","buffer","buffer","buffer","buffer","buffer","buffer","buffer",65191584
"buffer","buffer","buffer","buffer","buffer","buffer","buffer","buffer","buffer","buffer",65203597
"buffer","buffer","buffer","buffer","buffer","buffer","buffer","buffer","buffer","buffer",65215474
"buffer","buffer","buffer","buffer","buffer","buffer","buffer","buffer","buffer","buffer",65227624
"buffer","buffer","buffer","buffer","buffer","buffer","buffer","buffer","buffer","buffer",65239383
"buffer","buffer","buffer","buffer","buffer","buffer","buffer","buffer","buffer","buffer",65251665
"buffer","buffer","buffer","buffer","buffer","buffer","buffer","buffer","buffer","buffer",65263656
"buffer","buffer","buffer","buffer","buffer","buffer","buffer","buffer","buffer","buffer",65275724
"buffer","buffer","buffer","buffer","buffer","buffer","buffer","buffer","buffer","buffer",65287913
"buffer","buffer","buffer","buffer","buffer","buffer","buffer","buffer","buffer","buffer",65299919
"buffer","buffer","buffer","buffer","buffer","buffer","buffer","buffer","buffer","buffer",65311957
"buffer","buffer","buffer","buffer","buffer","buffer","buffer","buffer","buffer","buffer",65323989
"buffer","buffer","buffer","buffer","buffer","buffer","buffer","buffer","buffer","buffer",65336087
"buffer","buffer","buffer","buffer","buffer","buffer","buffer","buffer","buffer","buffer",65347971
"buffer","buffer","buffer","buffer","buffer","buffer","buffer","buffer","buffer","buffer",65360168
"buffer","buffer","buffer","buffer","buffer","buffer","buffer","buffer","buffer","buffer",65372149
"buffer","buffer","buffer","buffer","buffer","buffer","buffer","buffer","buffer","buffer",65384316
"buffer","buffer","buffer","buffer","buffer","buffer","buffer","buffer","buffer","buffer",65396182
"buffer","buffer","buffer","buffer","buffer","buffer","buffer","buffer","buffer","buffer",65408330
"buffer","buffer","buffer","buffer","buffer","buffer","buffer","buffer","buffer","buffer",65420330
"buffer","buffer","buffer","buffer","buffer","buffer","buffer","buffer","buffer","buffer",65432477
"buffer","buffer","buffer","buffer","buffer","buffer","buffer","buffer","buffer","buffer",65444561
"buffer","buffer","buffer","buffer","buffer","buffer","buffer","buffer","buffer","buffer",65456443
"buffer","buffer","buffer","buffer","buffer","buffer","buffer","buffer","buffer","buffer",65468495
"buffer","buffer","buffer","buffer","buffer","buffer","buffer","buffer","buffer","buffer",65480520
"buffer","buffer","buffer","buffer","buffer","buffer","buffer","buffer","buffer","buffer",65492805
"buffer","buffer","buffer","buffer","buffer","buffer","buffer","buffer","buffer","buffer",65504540
"buffer","buffer","buffer","buffer","buffer","buffer","buffer","buffer","buffer","buffer",65516583
"buffer","buffer","buffer","buffer","buffer","buffer","buffer","buffer","buffer","buffer",65528954
"buffer","buffer","buffer","buffer","buffer","buffer","buffer","buffer","buffer","buffer",65540922
"buffer","buffer","buffer","buffer","buffer","buffer","buffer","buffer","buffer","buffer",65552875
"buffer","buffer","buffer","buffer","buffer","buffer","buffer","buffer","buffer","buffer",65565064
"buffer","buffer","buffer","buffer","buffer","buffer","buffer","buffer","buffer","buffer",65576834
"buffer","buffer","buffer","buffer","buffer","buffer","buffer","buffer","buffer","buffer",65588975
"buffer","buffer","buffer","buffer","buffer","buffer","buffer","buffer","buffer","buffer",65600945
"buffer","buffer","buffer","buffer","buffer","buffer","buffer","buffer","buffer","buffer",65612870
"buffer","buffer","buffer","buffer","buffer","buffer","buffer","buffer","buffer","buffer",65625205
"buffer","buffer","buffer","buffer","buffer","buffer","buffer","buffer","buffer","buffer",65637089
"buffer","buffer","buffer","buffer","buffer","buffer","buffer","buffer","buffer","buffer",65649152
"buffer","buffer","buffer","buffer","buffer","buffer","buffer","buffer","buffer","buffer",65661231
"buffer","buffer","buffer","buffer","buffer","buffer","buffer","buffer","buffer","buffer",65673219
"buffer","buffer","buffer","buffer","buffer","buffer","buffer","buffer","buffer","buffer",65685313
"buffer","buffer","buffer","buffer","buffer","buffer","buffer","buffer","buffer","buffer",65697252
"buffer","buffer","buffer","buffer","buffer","buffer","buffer","buffer","buffer","buffer",65709360
"buffer","buffer","buffer","buffer","buffer","buffer","buffer","buffer","buffer","buffer",65721453
"buffer","buffer","buffer","buffer","buffer","buffer","buffer","buffer","buffer","buffer",65733436
"buffer","buffer","buffer","buffer","buffer","buffer","buffer","buffer","buffer","buffer",65745708
"buffer","buffer","buffer","buffer","buffer","buffer","buffer","buffer","buffer","buffer",65757666
"buffer","buffer","buffer","buffer","buffer","buffer","buffer","buffer","buffer","buffer",65769556
"buffer","buffer","buffer","buffer","buffer","buffer","buffer","buffer","buffer","buffer",65781545
"buffer","buffer","buffer","buffer","buffer","buffer","buffer","buffer","buffer","buffer",65793733
"buffer","buffer","buffer","buffer","buffer","buffer","buffer","buffer","buffer","buffer",65805798
"buffer","buffer","buffer","buffer","buffer","buffer","buffer","buffer","buffer","buffer",65817711
"buffer","buffer","buffer","buffer","buffer","buffer","buffer","buffer","buffer","buffer",65830096
"buffer","buffer","buffer","buffer","buffer","buffer","buffer","buffer","buffer","buffer",65841805
"buffer","buffer","buffer","buffer","buffer","buffer","buffer","buffer","buffer","buffer",65853891
"buffer","buffer","buffer","buffer","buffer","buffer","buffer","buffer","buffer","buffer",65865984
"buffer","buffer","buffer","buffer","buffer","buffer","buffer","buffer","buffer","buffer",65877988
"buffer","buffer","buffer","buffer","buffer","buffer","buffer","buffer","buffer","buffer",65890084
"buffer","buffer","buffer","buffer","buffer","buffer","buffer","buffer","buffer","buffer",65902185
"buffer","buffer","buffer","buffer","buffer","buffer","buffer","buffer","buffer","buffer",65914064
"buffer","buffer","buffer","buffer","buffer","buffer","buffer","buffer","buffer","buffer",65926237
"buffer","buffer","buffer","buffer","buffer","buffer","buffer","buffer","buffer","buffer",65938303
"buffer","buffer","buffer","buffer","buffer","buffer","buffer","buffer","buffer","buffer",65950384
"buffer","buffer","buffer","buffer","buffer","buffer","buffer","buffer","buffer","buffer",65962490
"buffer","buffer","buffer","buffer","buffer","buffer","buffer","buffer","buffer","buffer",65974509
"buffer","buffer","buffer","buffer","buffer","buffer","buffer","buffer","buffer","buffer",65986473
"buffer","buffer","buffer","buffer","buffer","buffer","buffer","buffer","buffer","buffer",65998575
"buffer","buffer","buffer","buffer","buffer","buffer","buffer","buffer","buffer","buffer",66010621
"buffer","buffer","buffer","buffer","buffer","buffer","buffer","buffer","buffer","buffer",66022632
"buffer","buffer","buffer","buffer","buffer","buffer","buffer","buffer","buffer","buffer",66034767
"buffer","buffer","buffer","buffer","buffer","buffer","buffer","buffer","buffer","buffer",66046747
"buffer","buffer","buffer","buffer","buffer","buffer","buffer","buffer","buffer","buffer",66058776
"buffer","buffer","buffer","buffer","buffer","buffer","buffer","buffer","buffer","buffer",66070791
"buffer","buffer","buffer","buffer","buffer","buffer","buffer","buffer","buffer","buffer",66082765
"buffer","buffer","buffer","buffer","buffer","buffer","buffer","buffer","buffer","buffer",66094807
"buffer","buffer","buffer","buffer","buffer","buffer","buffer","buffer","buffer","buffer",66106979
"buffer","buffer","buffer","buffer","buffer","buffer","buffer","buffer","buffer","buffer",66119088
"buffer","buffer","buffer","buffer","buffer","buffer","buffer","buffer","buffer","buffer",66131150
"buffer","buffer","buffer","buffer","buffer","buffer","buffer","buffer","buffer","buffer",66142953
"buffer","buffer","buffer","buffer","buffer","buffer","buffer","buffer","buffer","buffer",66155135
"buffer","buffer","buffer","buffer","buffer","buffer","buffer","buffer","buffer","buffer",66167105
"buffer","buffer","buffer","buffer","buffer","buffer","buffer","buffer","buffer","buffer",66178934
"buffer","buffer","buffer","buffer","buffer","buffer","buffer","buffer","buffer","buffer",66191363
"buffer","buffer","buffer","buffer","buffer","buffer","buffer","buffer","buffer","buffer",66203285
"buffer","buffer","buffer","buffer","buffer","buffer","buffer","buffer","buffer","buffer",66215191
"buffer","buffer","buffer","buffer","buffer","buffer","buffer","buffer","buffer","buffer",66227493
"buffer","buffer","buffer","buffer","buffer","buffer","buffer","buffer","buffer","buffer",66239563
"buffer","buffer","buffer","buffer","buffer","buffer","buffer","buffer","buffer","buffer",66251466
"buffer","buffer","buffer","buffer","buffer","buffer","buffer","buffer","buffer","buffer",66263504
"buffer","buffer","buffer","buffer","buffer","buffer","buffer","buffer","buffer","buffer",66275610
"buffer","buffer","buffer","buffer","buffer","buffer","buffer","buffer","buffer","buffer",66287652
"buffer","buffer","buffer","buffer","buffer","buffer","buffer","buffer","buffer","buffer",66299434
"buffer","buffer","buffer","buffer","buffer","buffer","buffer","buffer","buffer","buffer",66311706
"buffer","buffer","buffer","buffer","buffer","buffer","buffer","buffer","buffer","buffer",66323766
"buffer","buffer","buffer","buffer","buffer","buffer","buffer","buffer","buffer","buffer",66335780
"buffer","buffer","buffer","buffer","buffer","buffer","buffer","buffer","buffer","buffer",66347740
"buffer","buffer","buffer","buffer","buffer","buffer","buffer","buffer","buffer","buffer",66359766
"buffer","buffer","buffer","buffer","buffer","buffer","buffer","buffer","buffer","buffer",66371860
"buffer","buffer","buffer","buffer","buffer","buffer","buffer","buffer","buffer","buffer",66384011
"buffer","buffer","buffer","buffer","buffer","buffer","buffer","buffer","buffer","buffer",66396009
"buffer","buffer","buffer","buffer","buffer","buffer","buffer","buffer","buffer","buffer",66408190
"buffer","buffer","buffer","buffer","buffer","buffer","buffer","buffer","buffer","buffer",66420202
"buffer","buffer","buffer","buffer","buffer","buffer","buffer","buffer","buffer","buffer",66432134
"buffer","buffer","buffer","buffer","buffer","buffer","buffer","buffer","buffer","buffer",66444280
"buffer","buffer","buffer","buffer","buffer","buffer","buffer","buffer","buffer","buffer",66456273
"buffer","buffer","buffer","buffer","buffer","buffer","buffer","buffer","buffer","buffer",66468244
"buffer","buffer","buffer","buffer","buffer","buffer","buffer","buffer","buffer","buffer",66480397
"buffer","buffer","buffer","buffer","buffer","buffer","buffer","buffer","buffer","buffer",66492342
"buffer","buffer","buffer","buffer","buffer","buffer","buffer","buffer","buffer","buffer",66504589
"buffer","buffer","buffer","buffer","buffer","buffer","buffer","buffer","buffer","buffer",66516511
"buffer","buffer","buffer","buffer","buffer","buffer","buffer","buffer","buffer","buffer",66528544
"buffer","buffer","buffer","buffer","buffer","buffer","buffer","buffer","buffer","buffer",66540427
"buffer","buffer","buffer","buffer","buffer","buffer","buffer","buffer","buffer","buffer",66552615
"buffer","buffer","buffer","buffer","buffer","buffer","buffer","buffer","buffer","buffer",66564658
"buffer","buffer","buffer","buffer","buffer","buffer","buffer","buffer","buffer","buffer",66576749
"buffer","buffer","buffer","buffer","buffer","buffer","buffer","buffer","buffer","buffer",66588764
"buffer","buffer","buffer","buffer","buffer","buffer","buffer","buffer","buffer","buffer",66600731
"buffer","buffer","buffer","buffer","buffer","buffer","buffer","buffer","buffer","buffer",66612733
"buffer","buffer","buffer","buffer","buffer","buffer","buffer","buffer","buffer","buffer",66625009
"buffer","buffer","buffer","buffer","buffer","buffer","buffer","buffer","buffer","buffer",66636929
"buffer","buffer","buffer","buffer","buffer","buffer","buffer","buffer","buffer","buffer",66649064
"buffer","buffer","buffer","buffer","buffer","buffer","buffer","buffer","buffer","buffer",66660989
"buffer","buffer","buffer","buffer","buffer","buffer","buffer","buffer","buffer","buffer",66673038
"buffer","buffer","buffer","buffer","buffer","buffer","buffer","buffer","buffer","buffer",66685185
"buffer","buffer","buffer","buffer","buffer","buffer","buffer","buffer","buffer","buffer",66697095
"buffer","buffer","buffer","buffer","buffer","buffer","buffer","buffer","buffer","buffer",66709125
"buffer","buffer","buffer","buffer","buffer","buffer","buffer","buffer","buffer","buffer",66721229
"buffer","buffer","buffer","buffer","buffer","buffer","buffer","buffer","buffer","buffer",66733348
"buffer","buffer","buffer","buffer","buffer","buffer","buffer","buffer","buffer","buffer",66745295
"buffer","buffer","buffer","buffer","buffer","buffer","buffer","buffer","buffer","buffer",66757480
"buffer","buffer","buffer","buffer","buffer","buffer","buffer","buffer","buffer","buffer",66769418
"buffer","buffer","buffer","buffer","buffer","buffer","buffer","buffer","buffer","buffer",66781337
"buffer","buffer","buffer","buffer","buffer","buffer","buffer","buffer","buffer","buffer",66793601
"buffer","buffer","buffer","buffer","buffer","buffer","buffer","buffer","buffer","buffer",66805651
"buffer","buffer","buffer","buffer","buffer","buffer","buffer","buffer","buffer","buffer",66817835
"buffer","buffer","buffer","buffer","buffer","buffer","buffer","buffer","buffer","buffer",66829666
"buffer","buffer","buffer","buffer","buffer","buffer","buffer","buffer","buffer","buffer",66841626
"buffer","buffer","buffer","buffer","buffer","buffer","buffer","buffer","buffer","buffer",66853775
"buffer","buffer","buffer","buffer","buffer","buffer","buffer","buffer","buffer","buffer",66865884
"buffer","buffer","buffer","buffer","buffer","buffer","buffer","buffer","buffer","buffer",66877732
"buffer","buffer","buffer","buffer","buffer","buffer","buffer","buffer","buffer","buffer",66889907
"buffer","buffer","buffer","buffer","buffer","buffer","buffer","buffer","buffer","buffer",66901993
"buffer","buffer","buffer","buffer","buffer","buffer","buffer","buffer","buffer","buffer",66913891
"buffer","buffer","buffer","buffer","buffer","buffer","buffer","buffer","buffer","buffer",66926013
"buffer","buffer","buffer","buffer","buffer","buffer","buffer","buffer","buffer","buffer",66938074
"buffer","buffer","buffer","buffer","buffer","buffer","buffer","buffer","buffer","buffer",66950107
"buffer","buffer","buffer","buffer","buffer","buffer","buffer","buffer","buffer","buffer",66962147
"buffer","buffer","buffer","buffer","buffer","buffer","buffer","buffer","buffer","buffer",66974230
"buffer","buffer","buffer","buffer","buffer","buffer","buffer","buffer","buffer","buffer",66986370
"buffer","buffer","buffer","buffer","buffer","buffer","buffer","buffer","buffer","buffer",66998279
"buffer","buffer","buffer","buffer","buffer","buffer","buffer","buffer","buffer","buffer",67010209
"buffer","buffer","buffer","buffer","buffer","buffer","buffer","buffer","buffer","buffer",67022507
"buffer","buffer","buffer","buffer","buffer","buffer","buffer","buffer","buffer","buffer",67034502
"buffer","buffer","buffer","buffer","buffer","buffer","buffer","buffer","buffer","buffer",67046367
"buffer","buffer","buffer","buffer","buffer","buffer","buffer","buffer","buffer","buffer",67058451
"buffer","buffer","buffer","buffer","buffer","buffer","buffer","buffer","buffer","buffer",67070653
"buffer","buffer","buffer","buffer","buffer","buffer","buffer","buffer","buffer","buffer",67082476
"buffer","buffer","buffer","buffer","buffer","buffer","buffer","buffer","buffer","buffer",67094759
"buffer","buffer","buffer","buffer","buffer","buffer","buffer","buffer","buffer","buffer",67106613
"buffer","buffer","buffer","buffer","buffer","buffer","buffer","buffer","buffer","buffer",67118937
"buffer","buffer","buffer","buffer","buffer","buffer","buffer","buffer","buffer","buffer",67130736
"buffer","buffer","buffer","buffer","buffer","buffer","buffer","buffer","buffer","buffer",67142873
"buffer","buffer","buffer","buffer","buffer","buffer","buffer","buffer","buffer","buffer",67154917
"buffer","buffer","buffer","buffer","buffer","buffer","buffer","buffer","buffer","buffer",67166870
"buffer","buffer","buffer","buffer","buffer","buffer","buffer","buffer","buffer","buffer",67179053
"buffer","buffer","buffer","buffer","buffer","buffer","buffer","buffer","buffer","buffer",67191009
"buffer","buffer","buffer","buffer","buffer","buffer","buffer","buffer","buffer","buffer",67203025
"buffer","buffer","buffer","buffer","buffer","buffer","buffer","buffer","buffer","buffer",67215194
"buffer","buffer","buffer","buffer","buffer","buffer","buffer","buffer","buffer","buffer",67227272
"buffer","buffer","buffer","buffer","buffer","buffer","buffer","buffer","buffer","buffer",67239341
"buffer","buffer","buffer","buffer","buffer","buffer","buffer","buffer","buffer","buffer",67251273
"buffer","buffer","buffer","buffer","buffer","buffer","buffer","buffer","buffer","buffer",67263334
"buffer","buffer","buffer","buffer","buffer","buffer","buffer","buffer","buffer","buffer",67275268
"buffer","buffer","buffer","buffer","buffer","buffer","buffer","buffer","buffer","buffer",67287409
"buffer","buffer","buffer","buffer","buffer","buffer","buffer","buffer","buffer","buffer",67299450
"buffer","buffer","buffer","buffer","buffer","buffer","buffer","buffer","buffer","buffer",67311312
"buffer","buffer","buffer","buffer","buffer","buffer","buffer","buffer","buffer","buffer",67323426
"buffer","buffer","buffer","buffer","buffer","buffer","buffer","buffer","buffer","buffer",67335667
"buffer","buffer","buffer","buffer","buffer","buffer","buffer","buffer","buffer","buffer",67347620
"buffer","buffer","buffer","buffer","buffer","buffer","buffer","buffer","buffer","buffer",67359640
"buffer","buffer","buffer","buffer","buffer","buffer","buffer","buffer","buffer","buffer",67371730
"buffer","buffer","buffer","buffer","buffer","buffer","buffer","buffer","buffer","buffer",67383909
"buffer","buffer","buffer","buffer","buffer","buffer","buffer","buffer","buffer","buffer",67395986
"buffer","buffer","buffer","buffer","buffer","buffer","buffer","buffer","buffer","buffer",67407790
"buffer","buffer","buffer","buffer","buffer","buffer","buffer","buffer","buffer","buffer",67419963
"buffer","buffer","buffer","buffer","buffer","buffer","buffer","buffer","buffer","buffer",67431987
"buffer","buffer","buffer","buffer","buffer","buffer","buffer","buffer","buffer","buffer",67444114
"buffer","buffer","buffer","buffer","buffer","buffer","buffer","buffer","buffer","buffer",67456125
"buffer","buffer","buffer","buffer","buffer","buffer","buffer","buffer","buffer","buffer",67468086
"buffer","buffer","buffer","buffer","buffer","buffer","buffer","buffer","buffer","buffer",67480194
"buffer","buffer","buffer","buffer","buffer","buffer","buffer","buffer","buffer","buffer",67492093
"buffer","buffer","buffer","buffer","buffer","buffer","buffer","buffer","buffer","buffer",67504107
"buffer","buffer","buffer","buffer","buffer","buffer","buffer","buffer","buffer","buffer",67516225
"buffer","buffer","buffer","buffer","buffer","buffer","buffer","buffer","buffer","buffer",67528253
"buffer","buffer","buffer","buffer","buffer","buffer","buffer","buffer","buffer","buffer",67540217
"buffer","buffer","buffer","buffer","buffer","buffer","buffer","buffer","buffer","buffer",67552357
"buffer","buffer","buffer","buffer","buffer","buffer","buffer","buffer","buffer","buffer",67564436
"buffer","buffer","buffer","buffer","buffer","buffer","buffer","buffer","buffer","buffer",67576481
"buffer","buffer","buffer","buffer","buffer","buffer","buffer","buffer","buffer","buffer",67588582
"buffer","buffer","buffer","buffer","buffer","buffer","buffer","buffer","buffer","buffer",67600588
"buffer","buffer","buffer","buffer","buffer","buffer","buffer","buffer","buffer","buffer",67612687
"buffer","buffer","buffer","buffer","buffer","buffer","buffer","buffer","buffer","buffer",67624545
"buffer","buffer","buffer","buffer","buffer","buffer","buffer","buffer","buffer","buffer",67636658
"buffer","buffer","buffer","buffer","buffer","buffer","buffer","buffer","buffer","buffer",67649112
"buffer","buffer","buffer","buffer","buffer","buffer","buffer","buffer","buffer","buffer",67660730
"buffer","buffer","buffer","buffer","buffer","buffer","buffer","buffer","buffer","buffer",67672925
"buffer","buffer","buffer","buffer","buffer","buffer","buffer","buffer","buffer","buffer",67684941
"buffer","buffer","buffer","buffer","buffer","buffer","buffer","buffer","buffer","buffer",67697027
"buffer","buffer","buffer","buffer","buffer","buffer","buffer","buffer","buffer","buffer",67708962
"buffer","buffer","buffer","buffer","buffer","buffer","buffer","buffer","buffer","buffer",67721084
"buffer","buffer","buffer","buffer","buffer","buffer","buffer","buffer","buffer","buffer",67733009
"buffer","buffer","buffer","buffer","buffer","buffer","buffer","buffer","buffer","buffer",67745108
"buffer","buffer","buffer","buffer","buffer","buffer","buffer","buffer","buffer","buffer",67756993
"buffer","buffer","buffer","buffer","buffer","buffer","buffer","buffer","buffer","buffer",67769292
"buffer","buffer","buffer","buffer","buffer","buffer","buffer","buffer","buffer","buffer",67781177
"buffer","buffer","buffer","buffer","buffer","buffer","buffer","buffer","buffer","buffer",67793315
"buffer","buffer","buffer","buffer","buffer","buffer","buffer","buffer","buffer","buffer",67805363
"buffer","buffer","buffer","buffer","buffer","buffer","buffer","buffer","buffer","buffer",67817390
"buffer","buffer","buffer","buffer","buffer","buffer","buffer","buffer","buffer","buffer",67829350
"buffer","buffer","buffer","buffer","buffer","buffer","buffer","buffer","buffer","buffer",67841581
"buffer","buffer","buffer","buffer","buffer","buffer","buffer","buffer","buffer","buffer",67853574
"buffer","buffer","buffer","buffer","buffer","buffer","buffer","buffer","buffer","buffer",67865668
"buffer","buffer","buffer","buffer","buffer","buffer","buffer","buffer","buffer","buffer",67877599
"buffer","buffer","buffer","buffer","buffer","buffer","buffer","buffer","buffer","buffer",67889808
"buffer","buffer","buffer","buffer","buffer","buffer","buffer","buffer","buffer","buffer",67901748
"buffer","buffer","buffer","buffer","buffer","buffer","buffer","buffer","buffer","buffer",67913787
"buffer","buffer","buffer","buffer","buffer","buffer","buffer","buffer","buffer","buffer",67925785
"buffer","buffer","buffer","buffer","buffer","buffer","buffer","buffer","buffer","buffer",67937833
"buffer","buffer","buffer","buffer","buffer","buffer","buffer","buffer","buffer","buffer",67949998
"buffer","buffer","buffer","buffer","buffer","buffer","buffer","buffer","buffer","buffer",67961992
"buffer","buffer","buffer","buffer","buffer","buffer","buffer","buffer","buffer","buffer",67974078
"buffer","buffer","buffer","buffer","buffer","buffer","buffer","buffer","buffer","buffer",67986097
"buffer","buffer","buffer","buffer","buffer","buffer","buffer","buffer","buffer","buffer",67998017
"buffer","buffer","buffer","buffer","buffer","buffer","buffer","buffer","buffer","buffer",68010164
"buffer","buffer","buffer","buffer","buffer","buffer","buffer","buffer","buffer","buffer",68022170
"buffer","buffer","buffer","buffer","buffer","buffer","buffer","buffer","buffer","buffer",68034171
"buffer","buffer","buffer","buffer","buffer","buffer","buffer","buffer","buffer","buffer",68046290
"buffer","buffer","buffer","buffer","buffer","buffer","buffer","buffer","buffer","buffer",68058296
"buffer","buffer","buffer","buffer","buffer","buffer","buffer","buffer","buffer","buffer",68070467
"buffer","buffer","buffer","buffer","buffer","buffer","buffer","buffer","buffer","buffer",68082213
"buffer","buffer","buffer","buffer","buffer","buffer","buffer","buffer","buffer","buffer",68094488
"buffer","buffer","buffer","buffer","buffer","buffer","buffer","buffer","buffer","buffer",68106539
"buffer","buffer","buffer","buffer","buffer","buffer","buffer","buffer","buffer","buffer",68118482
"buffer","buffer","buffer","buffer","buffer","buffer","buffer","buffer","buffer","buffer",68130628
"buffer","buffer","buffer","buffer","buffer","buffer","buffer","buffer","buffer","buffer",68142818
"buffer","buffer","buffer","buffer","buffer","buffer","buffer","buffer","buffer","buffer",68154618
"buffer","buffer","buffer","buffer","buffer","buffer","buffer","buffer","buffer","buffer",68166681
"buffer","buffer","buffer","buffer","buffer","buffer","buffer","buffer","buffer","buffer",68178870
"buffer","buffer","buffer","buffer","buffer","buffer","buffer","buffer","buffer","buffer",68190826
"buffer","buffer","buffer","buffer","buffer","buffer","buffer","buffer","buffer","buffer",68202860
"buffer","buffer","buffer","buffer","buffer","buffer","buffer","buffer","buffer","buffer",68215077
"buffer","buffer","buffer","buffer","buffer","buffer","buffer","buffer","buffer","buffer",68227144
"buffer","buffer","buffer","buffer","buffer","buffer","buffer","buffer","buffer","buffer",68238967
"buffer","buffer","buffer","buffer","buffer","buffer","buffer","buffer","buffer","buffer",68251157
"buffer","buffer","buffer","buffer","buffer","buffer","buffer","buffer","buffer","buffer",68262903
"buffer","buffer","buffer","buffer","buffer","buffer","buffer","buffer","buffer","buffer",68275123
"buffer","buffer","buffer","buffer","buffer","buffer","buffer","buffer","buffer","buffer",68287029
"buffer","buffer","buffer","buffer","buffer","buffer","buffer","buffer","buffer","buffer",68299275
"buffer","buffer","buffer","buffer","buffer","buffer","buffer","buffer","buffer","buffer",68311404
"buffer","buffer","buffer","buffer","buffer","buffer","buffer","buffer","buffer","buffer",68323371
"buffer","buffer","buffer","buffer","buffer","buffer","buffer","buffer","buffer","buffer",68335235
"buffer","buffer","buffer","buffer","buffer","buffer","buffer","buffer","buffer","buffer",68347441
"buffer","buffer","buffer","buffer","buffer","buffer","buffer","buffer","buffer","buffer",68359561
"buffer","buffer","buffer","buffer","buffer","buffer","buffer","buffer","buffer","buffer",68371426
"buffer","buffer","buffer","buffer","buffer","buffer","buffer","buffer","buffer","buffer",68383549
"buffer","buffer","buffer","buffer","buffer","buffer","buffer","buffer","buffer","buffer",68395523
"buffer","buffer","buffer","buffer","buffer","buffer","buffer","buffer","buffer","buffer",68407731
"buffer","buffer","buffer","buffer","buffer","buffer","buffer","buffer","buffer","buffer",68419645
"buffer","buffer","buffer","buffer","buffer","buffer","buffer","buffer","buffer","buffer",68431564
"buffer","buffer","buffer","buffer","buffer","buffer","buffer","buffer","buffer","buffer",68443872
"buffer","buffer","buffer","buffer","buffer","buffer","buffer","buffer","buffer","buffer",68456025
"buffer","buffer","buffer","buffer","buffer","buffer","buffer","buffer","buffer","buffer",68467931
"buffer","buffer","buffer","buffer","buffer","buffer","buffer","buffer","buffer","buffer",68479918
"buffer","buffer","buffer","buffer","buffer","buffer","buffer","buffer","buffer","buffer",68492132
"buffer","buffer","buffer","buffer","buffer","buffer","buffer","buffer","buffer","buffer",68503946
"buffer","buffer","buffer","buffer","buffer","buffer","buffer","buffer","buffer","buffer",68515990
"buffer","buffer","buffer","buffer","buffer","buffer","buffer","buffer","buffer","buffer",68528218
"buffer","buffer","buffer","buffer","buffer","buffer","buffer","buffer","buffer","buffer",68540197
"buffer","buffer","buffer","buffer","buffer","buffer","buffer","buffer","buffer","buffer",68552285
"buffer","buffer","buffer","buffer","buffer","buffer","buffer","buffer","buffer","buffer",68564193
"buffer","buffer","buffer","buffer","buffer","buffer","buffer","buffer","buffer","buffer",68576256
"buffer","buffer","buffer","buffer","buffer","buffer","buffer","buffer","buffer","buffer",68588465
"buffer","buffer","buffer","buffer","buffer","buffer","buffer","buffer","buffer","buffer",68600486
"buffer","buffer","buffer","buffer","buffer","buffer","buffer","buffer","buffer","buffer",68612577
"buffer","buffer","buffer","buffer","buffer","buffer","buffer","buffer","buffer","buffer",68624396
"buffer","buffer","buffer","buffer","buffer","buffer","buffer","buffer","buffer","buffer",68636363
"buffer","buffer","buffer","buffer","buffer","buffer","buffer","buffer","buffer","buffer",68648481
"buffer","buffer","buffer","buffer","buffer","buffer","buffer","buffer","buffer","buffer",68660407
"buffer","buffer","buffer","buffer","buffer","buffer","buffer","buffer","buffer","buffer",68672698
"buffer","buffer","buffer","buffer","buffer","buffer","buffer","buffer","buffer","buffer",68684795
"buffer","buffer","buffer","buffer","buffer","buffer","buffer","buffer","buffer","buffer",68696598
"buffer","buffer","buffer","buffer","buffer","buffer","buffer","buffer","buffer","buffer",68708928
"buffer","buffer","buffer","buffer","buffer","buffer","buffer","buffer","buffer","buffer",68720736
"buffer","buffer","buffer","buffer","buffer","buffer","buffer","buffer","buffer","buffer",68732998
"buffer","buffer","buffer","buffer","buffer","buffer","buffer","buffer","buffer","buffer",68744787
"buffer","buffer","buffer","buffer","buffer","buffer","buffer","buffer","buffer","buffer",68757186
"buffer","buffer","buffer","buffer","buffer","buffer","buffer","buffer","buffer","buffer",68769116
"buffer","buffer","buffer","buffer","buffer","buffer","buffer","buffer","buffer","buffer",68781171
"buffer","buffer","buffer","buffer","buffer","buffer","buffer","buffer","buffer","buffer",68793057
"buffer","buffer","buffer","buffer","buffer","buffer","buffer","buffer","buffer","buffer",68805223
"buffer","buffer","buffer","buffer","buffer","buffer","buffer","buffer","buffer","buffer",68817241
"buffer","buffer","buffer","buffer","buffer","buffer","buffer","buffer","buffer","buffer",68829119
"buffer","buffer","buffer","buffer","buffer","buffer","buffer","buffer","buffer","buffer",68841403
"buffer","buffer","buffer","buffer","buffer","buffer","buffer","buffer","buffer","buffer",68853484
"buffer","buffer","buffer","buffer","buffer","buffer","buffer","buffer","buffer","buffer",68865426
"buffer","buffer","buffer","buffer","buffer","buffer","buffer","buffer","buffer","buffer",68877217
"buffer","buffer","buffer","buffer","buffer","buffer","buffer","buffer","buffer","buffer",68889610
"buffer","buffer","buffer","buffer","buffer","buffer","buffer","buffer","buffer","buffer",68901472
"buffer","buffer","buffer","buffer","buffer","buffer","buffer","buffer","buffer","buffer",68913656
"buffer","buffer","buffer","buffer","buffer","buffer","buffer","buffer","buffer","buffer",68925676
"buffer","buffer","buffer","buffer","buffer","buffer","buffer","buffer","buffer","buffer",68937517
"buffer","buffer","buffer","buffer","buffer","buffer","buffer","buffer","buffer","buffer",68949792
"buffer","buffer","buffer","buffer","buffer","buffer","buffer","buffer","buffer","buffer",68961523
"buffer","buffer","buffer","buffer","buffer","buffer","buffer","buffer","buffer","buffer",68973838
"buffer","buffer","buffer","buffer","buffer","buffer","buffer","buffer","buffer","buffer",68985873
"buffer","buffer","buffer","buffer","buffer","buffer","buffer","buffer","buffer","buffer",68997963
"buffer","buffer","buffer","buffer","buffer","buffer","buffer","buffer","buffer","buffer",69009909
"buffer","buffer","buffer","buffer","buffer","buffer","buffer","buffer","buffer","buffer",69021988
"buffer","buffer","buffer","buffer","buffer","buffer","buffer","buffer","buffer","buffer",69034125
"buffer","buffer","buffer","buffer","buffer","buffer","buffer","buffer","buffer","buffer",69046128
"buffer","buffer","buffer","buffer","buffer","buffer","buffer","buffer","buffer","buffer",69058028
"buffer","buffer","buffer","buffer","buffer","buffer","buffer","buffer","buffer","buffer",69070275
"buffer","buffer","buffer","buffer","buffer","buffer","buffer","buffer","buffer","buffer",69082218
"buffer","buffer","buffer","buffer","buffer","buffer","buffer","buffer","buffer","buffer",69094145
"buffer","buffer","buffer","buffer","buffer","buffer","buffer","buffer","buffer","buffer",69106353
"buffer","buffer","buffer","buffer","buffer","buffer","buffer","buffer","buffer","buffer",69118436
"buffer","buffer","buffer","buffer","buffer","buffer","buffer","buffer","buffer","buffer",69130529
"buffer","buffer","buffer","buffer","buffer","buffer","buffer","buffer","buffer","buffer",69142328
"buffer","buffer","buffer","buffer","buffer","buffer","buffer","buffer","buffer","buffer",69154588
"buffer","buffer","buffer","buffer","buffer","buffer","buffer","buffer","buffer","buffer",69166449
"buffer","buffer","buffer","buffer","buffer","buffer","buffer","buffer","buffer","buffer",69178645
"buffer","buffer","buffer","buffer","buffer","buffer","buffer","buffer","buffer","buffer",69190698
"buffer","buffer","buffer","buffer","buffer","buffer","buffer","buffer","buffer","buffer",69202620
"buffer","buffer","buffer","buffer","buffer","buffer","buffer","buffer","buffer","buffer",69214858
"buffer","buffer","buffer","buffer","buffer","buffer","buffer","buffer","buffer","buffer",69226737
"buffer","buffer","buffer","buffer","buffer","buffer","buffer","buffer","buffer","buffer",69238852
"buffer","buffer","buffer","buffer","buffer","buffer","buffer","buffer","buffer","buffer",69250987
"buffer","buffer","buffer","buffer","buffer","buffer","buffer","buffer","buffer","buffer",69262876
"buffer","buffer","buffer","buffer","buffer","buffer","buffer","buffer","buffer","buffer",69274950
"buffer","buffer","buffer","buffer","buffer","buffer","buffer","buffer","buffer","buffer",69286864
"buffer","buffer","buffer","buffer","buffer","buffer","buffer","buffer","buffer","buffer",69299097
"buffer","buffer","buffer","buffer","buffer","buffer","buffer","buffer","buffer","buffer",69311340
"buffer","buffer","buffer","buffer","buffer","buffer","buffer","buffer","buffer","buffer",69323176
"buffer","buffer","buffer","buffer","buffer","buffer","buffer","buffer","buffer","buffer",69335234
"buffer","buffer","buffer","buffer","buffer","buffer","buffer","buffer","buffer","buffer",69347187
"buffer","buffer","buffer","buffer","buffer","buffer","buffer","buffer","buffer","buffer",69359279
"buffer","buffer","buffer","buffer","buffer","buffer","buffer","buffer","buffer","buffer",69371348
"buffer","buffer","buffer","buffer","buffer","buffer","buffer","buffer","buffer","buffer",69383369
"buffer","buffer","buffer","buffer","buffer","buffer","buffer","buffer","buffer","buffer",69395373
"buffer","buffer","buffer","buffer","buffer","buffer","buffer","buffer","buffer","buffer",69407670
"buffer","buffer","buffer","buffer","buffer","buffer","buffer","buffer","buffer","buffer",69419415
"buffer","buffer","buffer","buffer","buffer","buffer","buffer","buffer","buffer","buffer",69431553
"buffer","buffer","buffer","buffer","buffer","buffer","buffer","buffer","buffer","buffer",69443574
"buffer","buffer","buffer","buffer","buffer","buffer","buffer","buffer","buffer","buffer",69455780
"buffer","buffer","buffer","buffer","buffer","buffer","buffer","buffer","buffer","buffer",69467687
"buffer","buffer","buffer","buffer","buffer","buffer","buffer","buffer","buffer","buffer",69479655
"buffer","buffer","buffer","buffer","buffer","buffer","buffer","buffer","buffer","buffer",69491934
"buffer","buffer","buffer","buffer","buffer","buffer","buffer","buffer","buffer","buffer",69503812
"buffer","buffer","buffer","buffer","buffer","buffer","buffer","buffer","buffer","buffer",69515720
"buffer","buffer","buffer","buffer","buffer","buffer","buffer","buffer","buffer","buffer",69528113
"buffer","buffer","buffer","buffer","buffer","buffer","buffer","buffer","buffer","buffer",69540057
"buffer","buffer","buffer","buffer","buffer","buffer","buffer","buffer","buffer","buffer",69552017
"buffer","buffer","buffer","buffer","buffer","buffer","buffer","buffer","buffer","buffer",69563845
"buffer","buffer","buffer","buffer","buffer","buffer","buffer","buffer","buffer","buffer",69576123
"buffer","buffer","buffer","buffer","buffer","buffer","buffer","buffer","buffer","buffer",69588198
"buffer","buffer","buffer","buffer","buffer","buffer","buffer","buffer","buffer","buffer",69600089
"buffer","buffer","buffer","buffer","buffer","buffer","buffer","buffer","buffer","buffer",69612305
"buffer","buffer","buffer","buffer","buffer","buffer","buffer","buffer","buffer","buffer",69624420
"buffer","buffer","buffer","buffer","buffer","buffer","buffer","buffer","buffer","buffer",69636385
"buffer","buffer","buffer","buffer","buffer","buffer","buffer","buffer","buffer","buffer",69648107
"buffer","buffer","buffer","buffer","buffer","buffer","buffer","buffer","buffer","buffer",69660376
"buffer","buffer","buffer","buffer","buffer","buffer","buffer","buffer","buffer","buffer",69672544
"buffer","buffer","buffer","buffer","buffer","buffer","buffer","buffer","buffer","buffer",69684359
"buffer","buffer","buffer","buffer","buffer","buffer","buffer","buffer","buffer","buffer",69696760
"buffer","buffer","buffer","buffer","buffer","buffer","buffer","buffer","buffer","buffer",69708605
"buffer","buffer","buffer","buffer","buffer","buffer","buffer","buffer","buffer","buffer",69720588
"buffer","buffer","buffer","buffer","buffer","buffer","buffer","buffer","buffer","buffer",69732700
"buffer","buffer","buffer","buffer","buffer","buffer","buffer","buffer","buffer","buffer",69744987
"buffer","buffer","buffer","buffer","buffer","buffer","buffer","buffer","buffer","buffer",69756804
"buffer","buffer","buffer","buffer","buffer","buffer","buffer","buffer","buffer","buffer",69768688
"buffer","buffer","buffer","buffer","buffer","buffer","buffer","buffer","buffer","buffer",69781013
"buffer","buffer","buffer","buffer","buffer","buffer","buffer","buffer","buffer","buffer",69792941
"buffer","buffer","buffer","buffer","buffer","buffer","buffer","buffer","buffer","buffer",69805085
"buffer","buffer","buffer","buffer","buffer","buffer","buffer","buffer","buffer","buffer",69817070
"buffer","buffer","buffer","buffer","buffer","buffer","buffer","buffer","buffer","buffer",69829018
"buffer","buffer","buffer","buffer","buffer","buffer","buffer","buffer","buffer","buffer",69841081
"buffer","buffer","buffer","buffer","buffer","buffer","buffer","buffer","buffer","buffer",69853336
"buffer","buffer","buffer","buffer","buffer","buffer","buffer","buffer","buffer","buffer",69865335
"buffer","buffer","buffer","buffer","buffer","buffer","buffer","buffer","buffer","buffer",69877279
"buffer","buffer","buffer","buffer","buffer","buffer","buffer","buffer","buffer","buffer",69889354
"buffer","buffer","buffer","buffer","buffer","buffer","buffer","buffer","buffer","buffer",69901541
"buffer","buffer","buffer","buffer","buffer","buffer","buffer","buffer","buffer","buffer",69913238
"buffer","buffer","buffer","buffer","buffer","buffer","buffer","buffer","buffer","buffer",69925521
"buffer","buffer","buffer","buffer","buffer","buffer","buffer","buffer","buffer","buffer",69937433
"buffer","buffer","buffer","buffer","buffer","buffer","buffer","buffer","buffer","buffer",69949521
"buffer","buffer","buffer","buffer","buffer","buffer","buffer","buffer","buffer","buffer",69961620
"buffer","buffer","buffer","buffer","buffer","buffer","buffer","buffer","buffer","buffer",69973700
"buffer","buffer","buffer","buffer","buffer","buffer","buffer","buffer","buffer","buffer",69985494
"buffer","buffer","buffer","buffer","buffer","buffer","buffer","buffer","buffer","buffer",69997908
"buffer","buffer","buffer","buffer","buffer","buffer","buffer","buffer","buffer","buffer",70009686
"buffer","buffer","buffer","buffer","buffer","buffer","buffer","buffer","buffer","buffer",70021764
"buffer","buffer","buffer","buffer","buffer","buffer","buffer","buffer","buffer","buffer",70033923
"buffer","buffer","buffer","buffer","buffer","buffer","buffer","buffer","buffer","buffer",70045978
"buffer","buffer","buffer","buffer","buffer","buffer","buffer","buffer","buffer","buffer",70057737
"buffer","buffer","buffer","buffer","buffer","buffer","buffer","buffer","buffer","buffer",70069887
"buffer","buffer","buffer","buffer","buffer","buffer","buffer","buffer","buffer","buffer",70082186
"buffer","buffer","buffer","buffer","buffer","buffer","buffer","buffer","buffer","buffer",70094012
"buffer","buffer","buffer","buffer","buffer","buffer","buffer","buffer","buffer","buffer",70105896
"buffer","buffer","buffer","buffer","buffer","buffer","buffer","buffer","buffer","buffer",70118034
"buffer","buffer","buffer","buffer","buffer","buffer","buffer","buffer","buffer","buffer",70130346
"buffer","buffer","buffer","buffer","buffer","buffer","buffer","buffer","buffer","buffer",70142148
"buffer","buffer","buffer","buffer","buffer","buffer","buffer","buffer","buffer","buffer",70154198
"buffer","buffer","buffer","buffer","buffer","buffer","buffer","buffer","buffer","buffer",70166274
"buffer","buffer","buffer","buffer","buffer","buffer","buffer","buffer","buffer","buffer",70178374
"buffer","buffer","buffer","buffer","buffer","buffer","buffer","buffer","buffer","buffer",70190587
"buffer","buffer","buffer","buffer","buffer","buffer","buffer","buffer","buffer","buffer",70202435
"buffer","buffer","buffer","buffer","buffer","buffer","buffer","buffer","buffer","buffer",70214548
"buffer","buffer","buffer","buffer","buffer","buffer","buffer","buffer","buffer","buffer",70226488
"buffer","buffer","buffer","buffer","buffer","buffer","buffer","buffer","buffer","buffer",70238371
"buffer","buffer","buffer","buffer","buffer","buffer","buffer","buffer","buffer","buffer",70250686
"buffer","buffer","buffer","buffer","buffer","buffer","buffer","buffer","buffer","buffer",70262776
"buffer","buffer","buffer","buffer","buffer","buffer","buffer","buffer","buffer","buffer",70274704
"buffer","buffer","buffer","buffer","buffer","buffer","buffer","buffer","buffer","buffer",70286843
"buffer","buffer","buffer","buffer","buffer","buffer","buffer","buffer","buffer","buffer",70298901
"buffer","buffer","buffer","buffer","buffer","buffer","buffer","buffer","buffer","buffer",70310799
"buffer","buffer","buffer","buffer","buffer","buffer","buffer","buffer","buffer","buffer",70322919
"buffer","buffer","buffer","buffer","buffer","buffer","buffer","buffer","buffer","buffer",70335066
"buffer","buffer","buffer","buffer","buffer","buffer","buffer","buffer","buffer","buffer",70346987
"buffer","buffer","buffer","buffer","buffer","buffer","buffer","buffer","buffer","buffer",70359018
"buffer","buffer","buffer","buffer","buffer","buffer","buffer","buffer","buffer","buffer",70371057
"buffer","buffer","buffer","buffer","buffer","buffer","buffer","buffer","buffer","buffer",70383160
"buffer","buffer","buffer","buffer","buffer","buffer","buffer","buffer","buffer","buffer",70395227
"buffer","buffer","buffer","buffer","buffer","buffer","buffer","buffer","buffer","buffer",70407324
"buffer","buffer","buffer","buffer","buffer","buffer","buffer","buffer","buffer","buffer",70419338
"buffer","buffer","buffer","buffer","buffer","buffer","buffer","buffer","buffer","buffer",70431284
"buffer","buffer","buffer","buffer","buffer","buffer","buffer","buffer","buffer","buffer",70443346
"buffer","buffer","buffer","buffer","buffer","buffer","buffer","buffer","buffer","buffer",70455510
"buffer","buffer","buffer","buffer","buffer","buffer","buffer","buffer","buffer","buffer",70467512
"buffer","buffer","buffer","buffer","buffer","buffer","buffer","buffer","buffer","buffer",70479358
"buffer","buffer","buffer","buffer","buffer","buffer","buffer","buffer","buffer","buffer",70491479
"buffer","buffer","buffer","buffer","buffer","buffer","buffer","buffer","buffer","buffer",70503659
"buffer","buffer","buffer","buffer","buffer","buffer","buffer","buffer","buffer","buffer",70515707
"buffer","buffer","buffer","buffer","buffer","buffer","buffer","buffer","buffer","buffer",70527685
"buffer","buffer","buffer","buffer","buffer","buffer","buffer","buffer","buffer","buffer",70539626
"buffer","buffer","buffer","buffer","buffer","buffer","buffer","buffer","buffer","buffer",70551787
"buffer","buffer","buffer","buffer","buffer","buffer","buffer","buffer","buffer","buffer",70563813
"buffer","buffer","buffer","buffer","buffer","buffer","buffer","buffer","buffer","buffer",70576004
"buffer","buffer","buffer","buffer","buffer","buffer","buffer","buffer","buffer","buffer",70587938
"buffer","buffer","buffer","buffer","buffer","buffer","buffer","buffer","buffer","buffer",70599984
"buffer","buffer","buffer","buffer","buffer","buffer","buffer","buffer","buffer","buffer",70611915
"buffer","buffer","buffer","buffer","buffer","buffer","buffer","buffer","buffer","buffer",70624245
"buffer","buffer","buffer","buffer","buffer","buffer","buffer","buffer","buffer","buffer",70636135
"buffer","buffer","buffer","buffer","buffer","buffer","buffer","buffer","buffer","buffer",70648079
"buffer","buffer","buffer","buffer","buffer","buffer","buffer","buffer","buffer","buffer",70660112
"buffer","buffer","buffer","buffer","buffer","buffer","buffer","buffer","buffer","buffer",70672265
"buffer","buffer","buffer","buffer","buffer","buffer","buffer","buffer","buffer","buffer",70684303
"buffer","buffer","buffer","buffer","buffer","buffer","buffer","buffer","buffer","buffer",70696312
"buffer","buffer","buffer","buffer","buffer","buffer","buffer","buffer","buffer","buffer",70708488
"buffer","buffer","buffer","buffer","buffer","buffer","buffer","buffer","buffer","buffer",70720509
"buffer","buffer","buffer","buffer","buffer","buffer","buffer","buffer","buffer","buffer",70732456
"buffer","buffer","buffer","buffer","buffer","buffer","buffer","buffer","buffer","buffer",70744467
"buffer","buffer","buffer","buffer","buffer","buffer","buffer","buffer","buffer","buffer",70756456
"buffer","buffer","buffer","buffer","buffer","buffer","buffer","buffer","buffer","buffer",70768495
"buffer","buffer","buffer","buffer","buffer","buffer","buffer","buffer","buffer","buffer",70780673
"buffer","buffer","buffer","buffer","buffer","buffer","buffer","buffer","buffer","buffer",70792612
"buffer","buffer","buffer","buffer","buffer","buffer","buffer","buffer","buffer","buffer",70804589
"buffer","buffer","buffer","buffer","buffer","buffer","buffer","buffer","buffer","buffer",70816818
"buffer","buffer","buffer","buffer","buffer","buffer","buffer","buffer","buffer","buffer",70828918
"buffer","buffer","buffer","buffer","buffer","buffer","buffer","buffer","buffer","buffer",70840933
"buffer","buffer","buffer","buffer","buffer","buffer","buffer","buffer","buffer","buffer",70853079
"buffer","buffer","buffer","buffer","buffer","buffer","buffer","buffer","buffer","buffer",70865098
"buffer","buffer","buffer","buffer","buffer","buffer","buffer","buffer","buffer","buffer",70876954
"buffer","buffer","buffer","buffer","buffer","buffer","buffer","buffer","buffer","buffer",70889098
"buffer","buffer","buffer","buffer","buffer","buffer","buffer","buffer","buffer","buffer",70901186
"buffer","buffer","buffer","buffer","buffer","buffer","buffer","buffer","buffer","buffer",70913033
"buffer","buffer","buffer","buffer","buffer","buffer","buffer","buffer","buffer","buffer",70925298
"buffer","buffer","buffer","buffer","buffer","buffer","buffer","buffer","buffer","buffer",70937290
"buffer","buffer","buffer","buffer","buffer","buffer","buffer","buffer","buffer","buffer",70949520
"buffer","buffer","buffer","buffer","buffer","buffer","buffer","buffer","buffer","buffer",70961441
"buffer","buffer","buffer","buffer","buffer","buffer","buffer","buffer","buffer","buffer",70973447
"buffer","buffer","buffer","buffer","buffer","buffer","buffer","buffer","buffer","buffer",70985425
"buffer","buffer","buffer","buffer","buffer","buffer","buffer","buffer","buffer","buffer",70997627
"buffer","buffer","buffer","buffer","buffer","buffer","buffer","buffer","buffer","buffer",71009430
"buffer","buffer","buffer","buffer","buffer","buffer","buffer","buffer","buffer","buffer",71021667
"buffer","buffer","buffer","buffer","buffer","buffer","buffer","buffer","buffer","buffer",71033542
"buffer","buffer","buffer","buffer","buffer","buffer","buffer","buffer","buffer","buffer",71045619
"buffer","buffer","buffer","buffer","buffer","buffer","buffer","buffer","buffer","buffer",71057573
"buffer","buffer","buffer","buffer","buffer","buffer","buffer","buffer","buffer","buffer",71069668
"buffer","buffer","buffer","buffer","buffer","buffer","buffer","buffer","buffer","buffer",71081683
"buffer","buffer","buffer","buffer","buffer","buffer","buffer","buffer","buffer","buffer",71093894
"buffer","buffer","buffer","buffer","buffer","buffer","buffer","buffer","buffer","buffer",71105865
"buffer","buffer","buffer","buffer","buffer","buffer","buffer","buffer","buffer","buffer",71117761
"buffer","buffer","buffer","buffer","buffer","buffer","buffer","buffer","buffer","buffer",71129953
"buffer","buffer","buffer","buffer","buffer","buffer","buffer","buffer","buffer","buffer",71142136
"buffer","buffer","buffer","buffer","buffer","buffer","buffer","buffer","buffer","buffer",71154206
"buffer","buffer","buffer","buffer","buffer","buffer","buffer","buffer","buffer","buffer",71166216
"buffer","buffer","buffer","buffer","buffer","buffer","buffer","buffer","buffer","buffer",71178233
"buffer","buffer","buffer","buffer","buffer","buffer","buffer","buffer","buffer","buffer",71190326
"buffer","buffer","buffer","buffer","buffer","buffer","buffer","buffer","buffer","buffer",71202254
"buffer","buffer","buffer","buffer","buffer","buffer","buffer","buffer","buffer","buffer",71214255
"buffer","buffer","buffer","buffer","buffer","buffer","buffer","buffer","buffer","buffer",71226074
"buffer","buffer","buffer","buffer","buffer","buffer","buffer","buffer","buffer","buffer",71238359
"buffer","buffer","buffer","buffer","buffer","buffer","buffer","buffer","buffer","buffer",71250310
"buffer","buffer","buffer","buffer","buffer","buffer","buffer","buffer","buffer","buffer",71262533
"buffer","buffer","buffer","buffer","buffer","buffer","buffer","buffer","buffer","buffer",71274565
"buffer","buffer","buffer","buffer","buffer","buffer","buffer","buffer","buffer","buffer",71286627
"buffer","buffer","buffer","buffer","buffer","buffer","buffer","buffer","buffer","buffer",71298484
"buffer","buffer","buffer","buffer","buffer","buffer","buffer","buffer","buffer","buffer",71310687
"buffer","buffer","buffer","buffer","buffer","buffer","buffer","buffer","buffer","buffer",71322809
"buffer","buffer","buffer","buffer","buffer","buffer","buffer","buffer","buffer","buffer",71334800
"buffer","buffer","buffer","buffer","buffer","buffer","buffer","buffer","buffer","buffer",71346767
"buffer","buffer","buffer","buffer","buffer","buffer","buffer","buffer","buffer","buffer",71358794
"buffer","buffer","buffer","buffer","buffer","buffer","buffer","buffer","buffer","buffer",71371153
"buffer","buffer","buffer","buffer","buffer","buffer","buffer","buffer","buffer","buffer",71382809
"buffer","buffer","buffer","buffer","buffer","buffer","buffer","buffer","buffer","buffer",71394911
"buffer","buffer","buffer","buffer","buffer","buffer","buffer","buffer","buffer","buffer",71407022
"buffer","buffer","buffer","buffer","buffer","buffer","buffer","buffer","buffer","buffer",71418959
"buffer","buffer","buffer","buffer","buffer","buffer","buffer","buffer","buffer","buffer",71430877
"buffer","buffer","buffer","buffer","buffer","buffer","buffer","buffer","buffer","buffer",71443041
"buffer","buffer","buffer","buffer","buffer","buffer","buffer","buffer","buffer","buffer",71455235
"buffer","buffer","buffer","buffer","buffer","buffer","buffer","buffer","buffer","buffer",71467228
"buffer","buffer","buffer","buffer","buffer","buffer","buffer","buffer","buffer","buffer",71479515
"buffer","buffer","buffer","buffer","buffer","buffer","buffer","buffer","buffer","buffer",71491296
"buffer","buffer","buffer","buffer","buffer","buffer","buffer","buffer","buffer","buffer",71503499
"buffer","buffer","buffer","buffer","buffer","buffer","buffer","buffer","buffer","buffer",71515362
"buffer","buffer","buffer","buffer","buffer","buffer","buffer","buffer","buffer","buffer",71527537
"buffer","buffer","buffer","buffer","buffer","buffer","buffer","buffer","buffer","buffer",71539553
"buffer","buffer","buffer","buffer","buffer","buffer","buffer","buffer","buffer","buffer",71551748
"buffer","buffer","buffer","buffer","buffer","buffer","buffer","buffer","buffer","buffer",71563579
"buffer","buffer","buffer","buffer","buffer","buffer","buffer","buffer","buffer","buffer",71575719
"buffer","buffer","buffer","buffer","buffer","buffer","buffer","buffer","buffer","buffer",71587806
"buffer","buffer","buffer","buffer","buffer","buffer","buffer","buffer","buffer","buffer",71599862
"buffer","buffer","buffer","buffer","buffer","buffer","buffer","buffer","buffer","buffer",71611935
"buffer","buffer","buffer","buffer","buffer","buffer","buffer","buffer","buffer","buffer",71623874
"buffer","buffer","buffer","buffer","buffer","buffer","buffer","buffer","buffer","buffer",71635896
"buffer","buffer","buffer","buffer","buffer","buffer","buffer","buffer","buffer","buffer",71647989
"buffer","buffer","buffer","buffer","buffer","buffer","buffer","buffer","buffer","buffer",71660167
"buffer","buffer","buffer","buffer","buffer","buffer","buffer","buffer","buffer","buffer",71672202
"buffer","buffer","buffer","buffer","buffer","buffer","buffer","buffer","buffer","buffer",71684165
"buffer","buffer","buffer","buffer","buffer","buffer","buffer","buffer","buffer","buffer",71696160
"buffer","buffer","buffer","buffer","buffer","buffer","buffer","buffer","buffer","buffer",71708138
"buffer","buffer","buffer","buffer","buffer","buffer","buffer","buffer","buffer","buffer",71720169
"buffer","buffer","buffer","buffer","buffer","buffer","buffer","buffer","buffer","buffer",71732210
"buffer","buffer","buffer","buffer","buffer","buffer","buffer","buffer","buffer","buffer",71744337
"buffer","buffer","buffer","buffer","buffer","buffer","buffer","buffer","buffer","buffer",71756435
"buffer","buffer","buffer","buffer","buffer","buffer","buffer","buffer","buffer","buffer",71768459
"buffer","buffer","buffer","buffer","buffer","buffer","buffer","buffer","buffer","buffer",71780585
"buffer","buffer","buffer","buffer","buffer","buffer","buffer","buffer","buffer","buffer",71792483
"buffer","buffer","buffer","buffer","buffer","buffer","buffer","buffer","buffer","buffer",71804489
"buffer","buffer","buffer","buffer","buffer","buffer","buffer","buffer","buffer","buffer",71816533
"buffer","buffer","buffer","buffer","buffer","buffer","buffer","buffer","buffer","buffer",71828628
"buffer","buffer","buffer","buffer","buffer","buffer","buffer","buffer","buffer","buffer",71840712
"buffer","buffer","buffer","buffer","buffer","buffer","buffer","buffer","buffer","buffer",71852777
"buffer","buffer","buffer","buffer","buffer","buffer","buffer","buffer","buffer","buffer",71864962
"buffer","buffer","buffer","buffer","buffer","buffer","buffer","buffer","buffer","buffer",71876889
"buffer","buffer","buffer","buffer","buffer","buffer","buffer","buffer","buffer","buffer",71888902
"buffer","buffer","buffer","buffer","buffer","buffer","buffer","buffer","buffer","buffer",71900886
"buffer","buffer","buffer","buffer","buffer","buffer","buffer","buffer","buffer","buffer",71912948
"buffer","buffer","buffer","buffer","buffer","buffer","buffer","buffer","buffer","buffer",71925176
"buffer","buffer","buffer","buffer","buffer","buffer","buffer","buffer","buffer","buffer",71937031
"buffer","buffer","buffer","buffer","buffer","buffer","buffer","buffer","buffer","buffer",71948903
"buffer","buffer","buffer","buffer","buffer","buffer","buffer","buffer","buffer","buffer",71961136
"buffer","buffer","buffer","buffer","buffer","buffer","buffer","buffer","buffer","buffer",71973103
"buffer","buffer","buffer","buffer","buffer","buffer","buffer","buffer","buffer","buffer",71985293
"buffer","buffer","buffer","buffer","buffer","buffer","buffer","buffer","buffer","buffer",71997303
"buffer","buffer","buffer","buffer","buffer","buffer","buffer","buffer","buffer","buffer",72009301
"buffer","buffer","buffer","buffer","buffer","buffer","buffer","buffer","buffer","buffer",72021300
"buffer","buffer","buffer","buffer","buffer","buffer","buffer","buffer","buffer","buffer",72033516
"buffer","buffer","buffer","buffer","buffer","buffer","buffer","buffer","buffer","buffer",72045419
"buffer","buffer","buffer","buffer","buffer","buffer","buffer","buffer","buffer","buffer",72057522
"buffer","buffer","buffer","buffer","buffer","buffer","buffer","buffer","buffer","buffer",72069653
"buffer","buffer","buffer","buffer","buffer","buffer","buffer","buffer","buffer","buffer",72081424
"buffer","buffer","buffer","buffer","buffer","buffer","buffer","buffer","buffer","buffer",72093640
"buffer","buffer","buffer","buffer","buffer","buffer","buffer","buffer","buffer","buffer",72105481
"buffer","buffer","buffer","buffer","buffer","buffer","buffer","buffer","buffer","buffer",72117760
"buffer","buffer","buffer","buffer","buffer","buffer","buffer","buffer","buffer","buffer",72129838
"buffer","buffer","buffer","buffer","buffer","buffer","buffer","buffer","buffer","buffer",72141692
"buffer","buffer","buffer","buffer","buffer","buffer","buffer","buffer","buffer","buffer",72153869
"buffer","buffer","buffer","buffer","buffer","buffer","buffer","buffer","buffer","buffer",72165967
"buffer","buffer","buffer","buffer","buffer","buffer","buffer","buffer","buffer","buffer",72177969
"buffer","buffer","buffer","buffer","buffer","buffer","buffer","buffer","buffer","buffer",72190114
"buffer","buffer","buffer","buffer","buffer","buffer","buffer","buffer","buffer","buffer",72202038
"buffer","buffer","buffer","buffer","buffer","buffer","buffer","buffer","buffer","buffer",72214078
"buffer","buffer","buffer","buffer","buffer","buffer","buffer","buffer","buffer","buffer",72226312
"buffer","buffer","buffer","buffer","buffer","buffer","buffer","buffer","buffer","buffer",72238137
"buffer","buffer","buffer","buffer","buffer","buffer","buffer","buffer","buffer","buffer",72250218
"buffer","buffer","buffer","buffer","buffer","buffer","buffer","buffer","buffer","buffer",72262227
"buffer","buffer","buffer","buffer","buffer","buffer","buffer","buffer","buffer","buffer",72274445
"buffer","buffer","buffer","buffer","buffer","buffer","buffer","buffer","buffer","buffer",72286412
"buffer","buffer","buffer","buffer","buffer","buffer","buffer","buffer","buffer","buffer",72298389
"buffer","buffer","buffer","buffer","buffer","buffer","buffer","buffer","buffer","buffer",72310255
"buffer","buffer","buffer","buffer","buffer","buffer","buffer","buffer","buffer","buffer",72322559
"buffer","buffer","buffer","buffer","buffer","buffer","buffer","buffer","buffer","buffer",72334572
"buffer","buffer","buffer","buffer","buffer","buffer","buffer","buffer","buffer","buffer",72346524
"buffer","buffer","buffer","buffer","buffer","buffer","buffer","buffer","buffer","buffer",72358627
"buffer","buffer","buffer","buffer","buffer","buffer","buffer","buffer","buffer","buffer",72370655
"buffer","buffer","buffer","buffer","buffer","buffer","buffer","buffer","buffer","buffer",72382632
"buffer","buffer","buffer","buffer","buffer","buffer","buffer","buffer","buffer","buffer",72394845
"buffer","buffer","buffer","buffer","buffer","buffer","buffer","buffer","buffer","buffer",72406915
"buffer","buffer","buffer","buffer","buffer","buffer","buffer","buffer","buffer","buffer",72418891
"buffer","buffer","buffer","buffer","buffer","buffer","buffer","buffer","buffer","buffer",72431032
"buffer","buffer","buffer","buffer","buffer","buffer","buffer","buffer","buffer","buffer",72443013
"buffer","buffer","buffer","buffer","buffer","buffer","buffer","buffer","buffer","buffer",72454962
"buffer","buffer","buffer","buffer","buffer","buffer","buffer","buffer","buffer","buffer",72466784
"buffer","buffer","buffer","buffer","buffer","buffer","buffer","buffer","buffer","buffer",72479359
"buffer","buffer","buffer","buffer","buffer","buffer","buffer","buffer","buffer","buffer",72491182
"buffer","buffer","buffer","buffer","buffer","buffer","buffer","buffer","buffer","buffer",72503094
"buffer","buffer","buffer","buffer","buffer","buffer","buffer","buffer","buffer","buffer",72515320
"buffer","buffer","buffer","buffer","buffer","buffer","buffer","buffer","buffer","buffer",72527347
"buffer","buffer","buffer","buffer","buffer","buffer","buffer","buffer","buffer","buffer",72539270
"buffer","buffer","buffer","buffer","buffer","buffer","buffer","buffer","buffer","buffer",72551206
"buffer","buffer","buffer","buffer","buffer","buffer","buffer","buffer","buffer","buffer",72563346
"buffer","buffer","buffer","buffer","buffer","buffer","buffer","buffer","buffer","buffer",72575435
"buffer","buffer","buffer","buffer","buffer","buffer","buffer","buffer","buffer","buffer",72587574
"buffer","buffer","buffer","buffer","buffer","buffer","buffer","buffer","buffer","buffer",72599600
"buffer","buffer","buffer","buffer","buffer","buffer","buffer","buffer","buffer","buffer",72611504
"buffer","buffer","buffer","buffer","buffer","buffer","buffer","buffer","buffer","buffer",72623933
"buffer","buffer","buffer","buffer","buffer","buffer","buffer","buffer","buffer","buffer",72635559
"buffer","buffer","buffer","buffer","buffer","buffer","buffer","buffer","buffer","buffer",72647779
"buffer","buffer","buffer","buffer","buffer","buffer","buffer","buffer","buffer","buffer",72659848
"buffer","buffer","buffer","buffer","buffer","buffer","buffer","buffer","buffer","buffer",72671790
"buffer","buffer","buffer","buffer","buffer","buffer","buffer","buffer","buffer","buffer",72683842
"buffer","buffer","buffer","buffer","buffer","buffer","buffer","buffer","buffer","buffer",72695780
"buffer","buffer","buffer","buffer","buffer","buffer","buffer","buffer","buffer","buffer",72708046
"buffer","buffer","buffer","buffer","buffer","buffer","buffer","buffer","buffer","buffer",72720068
"buffer","buffer","buffer","buffer","buffer","buffer","buffer","buffer","buffer","buffer",72731921
"buffer","buffer","buffer","buffer","buffer","buffer","buffer","buffer","buffer","buffer",72744120
"buffer","buffer","buffer","buffer","buffer","buffer","buffer","buffer","buffer","buffer",72756186
"buffer","buffer","buffer","buffer","buffer","buffer","buffer","buffer","buffer","buffer",72768318
"buffer","buffer","buffer","buffer","buffer","buffer","buffer","buffer","buffer","buffer",72780235
"buffer","buffer","buffer","buffer","buffer","buffer","buffer","buffer","buffer","buffer",72792335
"buffer","buffer","buffer","buffer","buffer","buffer","buffer","buffer","buffer","buffer",72804372
"buffer","buffer","buffer","buffer","buffer","buffer","buffer","buffer","buffer","buffer",72816458
"buffer","buffer","buffer","buffer","buffer","buffer","buffer","buffer","buffer","buffer",72828529
"buffer","buffer","buffer","buffer","buffer","buffer","buffer","buffer","buffer","buffer",72840485
"buffer","buffer","buffer","buffer","buffer","buffer","buffer","buffer","buffer","buffer",72852639
"buffer","buffer","buffer","buffer","buffer","buffer","buffer","buffer","buffer","buffer",72864556
"buffer","buffer","buffer","buffer","buffer","buffer","buffer","buffer","buffer","buffer",72876682
"buffer","buffer","buffer","buffer","buffer","buffer","buffer","buffer","buffer","buffer",72888483
"buffer","buffer","buffer","buffer","buffer","buffer","buffer","buffer","buffer","buffer",72900651
"buffer","buffer","buffer","buffer","buffer","buffer","buffer","buffer","buffer","buffer",72912603
"buffer","buffer","buffer","buffer","buffer","buffer","buffer","buffer","buffer","buffer",72924900
"buffer","buffer","buffer","buffer","buffer","buffer","buffer","buffer","buffer","buffer",72936838
"buffer","buffer","buffer","buffer","buffer","buffer","buffer","buffer","buffer","buffer",72948886
"buffer","buffer","buffer","buffer","buffer","buffer","buffer","buffer","buffer","buffer",72960854
"buffer","buffer","buffer","buffer","buffer","buffer","buffer","buffer","buffer","buffer",72972950
"buffer","buffer","buffer","buffer","buffer","buffer","buffer","buffer","buffer","buffer",72984939
"buffer","buffer","buffer","buffer","buffer","buffer","buffer","buffer","buffer","buffer",72997059
"buffer","buffer","buffer","buffer","buffer","buffer","buffer","buffer","buffer","buffer",73009065
"buffer","buffer","buffer","buffer","buffer","buffer","buffer","buffer","buffer","buffer",73021170
"buffer","buffer","buffer","buffer","buffer","buffer","buffer","buffer","buffer","buffer",73033200
"buffer","buffer","buffer","buffer","buffer","buffer","buffer","buffer","buffer","buffer",73045359
"buffer","buffer","buffer","buffer","buffer","buffer","buffer","buffer","buffer","buffer",73057242
"buffer","buffer","buffer","buffer","buffer","buffer","buffer","buffer","buffer","buffer",73069304
"buffer","buffer","buffer","buffer","buffer","buffer","buffer","buffer","buffer","buffer",73081229
"buffer","buffer","buffer","buffer","buffer","buffer","buffer","buffer","buffer","buffer",73093632
"buffer","buffer","buffer","buffer","buffer","buffer","buffer","buffer","buffer","buffer",73105286
"buffer","buffer","buffer","buffer","buffer","buffer","buffer","buffer","buffer","buffer",73117500
"buffer","buffer","buffer","buffer","buffer","buffer","buffer","buffer","buffer","buffer",73129584
"buffer","buffer","buffer","buffer","buffer","buffer","buffer","buffer","buffer","buffer",73141781
"buffer","buffer","buffer","buffer","buffer","buffer","buffer","buffer","buffer","buffer",73153672
"buffer","buffer","buffer","buffer","buffer","buffer","buffer","buffer","buffer","buffer",73165723
"buffer","buffer","buffer","buffer","buffer","buffer","buffer","buffer","buffer","buffer",73177872
"buffer","buffer","buffer","buffer","buffer","buffer","buffer","buffer","buffer","buffer",73190007
"buffer","buffer","buffer","buffer","buffer","buffer","buffer","buffer","buffer","buffer",73201914
"buffer","buffer","buffer","buffer","buffer","buffer","buffer","buffer","buffer","buffer",73213823
"buffer","buffer","buffer","buffer","buffer","buffer","buffer","buffer","buffer","buffer",73226012
"buffer","buffer","buffer","buffer","buffer","buffer","buffer","buffer","buffer","buffer",73238147
"buffer","buffer","buffer","buffer","buffer","buffer","buffer","buffer","buffer","buffer",73249860
"buffer","buffer","buffer","buffer","buffer","buffer","buffer","buffer","buffer","buffer",73262073
"buffer","buffer","buffer","buffer","buffer","buffer","buffer","buffer","buffer","buffer",73273986
"buffer","buffer","buffer","buffer","buffer","buffer","buffer","buffer","buffer","buffer",73286129
"buffer","buffer","buffer","buffer","buffer","buffer","buffer","buffer","buffer","buffer",73298312
"buffer","buffer","buffer","buffer","buffer","buffer","buffer","buffer","buffer","buffer",73310203
"buffer","buffer","buffer","buffer","buffer","buffer","buffer","buffer","buffer","buffer",73322515
"buffer","buffer","buffer","buffer","buffer","buffer","buffer","buffer","buffer","buffer",73334362
"buffer","buffer","buffer","buffer","buffer","buffer","buffer","buffer","buffer","buffer",73346563
"buffer","buffer","buffer","buffer","buffer","buffer","buffer","buffer","buffer","buffer",73358311
"buffer","buffer","buffer","buffer","buffer","buffer","buffer","buffer","buffer","buffer",73370416
"buffer","buffer","buffer","buffer","buffer","buffer","buffer","buffer","buffer","buffer",73382550
"buffer","buffer","buffer","buffer","buffer","buffer","buffer","buffer","buffer","buffer",73394354
"buffer","buffer","buffer","buffer","buffer","buffer","buffer","buffer","buffer","buffer",73406469
"buffer","buffer","buffer","buffer","buffer","buffer","buffer","buffer","buffer","buffer",73418707
"buffer","buffer","buffer","buffer","buffer","buffer","buffer","buffer","buffer","buffer",73430616
"buffer","buffer","buffer","buffer","buffer","buffer","buffer","buffer","buffer","buffer",73442863
"buffer","buffer","buffer","buffer","buffer","buffer","buffer","buffer","buffer","buffer",73454751
"buffer","buffer","buffer","buffer","buffer","buffer","buffer","buffer","buffer","buffer",73466946
"buffer","buffer","buffer","buffer","buffer","buffer","buffer","buffer","buffer","buffer",73478878
"buffer","buffer","buffer","buffer","buffer","buffer","buffer","buffer","buffer","buffer",73490878
"buffer","buffer","buffer","buffer","buffer","buffer","buffer","buffer","buffer","buffer",73502942
"buffer","buffer","buffer","buffer","buffer","buffer","buffer","buffer","buffer","buffer",73514943
"buffer","buffer","buffer","buffer","buffer","buffer","buffer","buffer","buffer","buffer",73527140
"buffer","buffer","buffer","buffer","buffer","buffer","buffer","buffer","buffer","buffer",73538977
"buffer","buffer","buffer","buffer","buffer","buffer","buffer","buffer","buffer","buffer",73551177
"buffer","buffer","buffer","buffer","buffer","buffer","buffer","buffer","buffer","buffer",73563242
"buffer","buffer","buffer","buffer","buffer","buffer","buffer","buffer","buffer","buffer",73575441
"buffer","buffer","buffer","buffer","buffer","buffer","buffer","buffer","buffer","buffer",73587453
"buffer","buffer","buffer","buffer","buffer","buffer","buffer","buffer","buffer","buffer",73599498
"buffer","buffer","buffer","buffer","buffer","buffer","buffer","buffer","buffer","buffer",73611488
"buffer","buffer","buffer","buffer","buffer","buffer","buffer","buffer","buffer","buffer",73623508
"buffer","buffer","buffer","buffer","buffer","buffer","buffer","buffer","buffer","buffer",73635586
"buffer","buffer","buffer","buffer","buffer","buffer","buffer","buffer","buffer","buffer",73647571
"buffer","buffer","buffer","buffer","buffer","buffer","buffer","buffer","buffer","buffer",73659585
"buffer","buffer","buffer","buffer","buffer","buffer","buffer","buffer","buffer","buffer",73671784
"buffer","buffer","buffer","buffer","buffer","buffer","buffer","buffer","buffer","buffer",73683780
"buffer","buffer","buffer","buffer","buffer","buffer","buffer","buffer","buffer","buffer",73695708
"buffer","buffer","buffer","buffer","buffer","buffer","buffer","buffer","buffer","buffer",73707751
"buffer","buffer","buffer","buffer","buffer","buffer","buffer","buffer","buffer","buffer",73719748
"buffer","buffer","buffer","buffer","buffer","buffer","buffer","buffer","buffer","buffer",73731894
"buffer","buffer","buffer","buffer","buffer","buffer","buffer","buffer","buffer","buffer",73743886
"buffer","buffer","buffer","buffer","buffer","buffer","buffer","buffer","buffer","buffer",73755898
"buffer","buffer","buffer","buffer","buffer","buffer","buffer","buffer","buffer","buffer",73768076
"buffer","buffer","buffer","buffer","buffer","buffer","buffer","buffer","buffer","buffer",73780148
"buffer","buffer","buffer","buffer","buffer","buffer","buffer","buffer","buffer","buffer",73792041
"buffer","buffer","buffer","buffer","buffer","buffer","buffer","buffer","buffer","buffer",73804236
"buffer","buffer","buffer","buffer","buffer","buffer","buffer","buffer","buffer","buffer",73816263
"buffer","buffer","buffer","buffer","buffer","buffer","buffer","buffer","buffer","buffer",73828284
"buffer","buffer","buffer","buffer","buffer","buffer","buffer","buffer","buffer","buffer",73840458
"buffer","buffer","buffer","buffer","buffer","buffer","buffer","buffer","buffer","buffer",73852463
"buffer","buffer","buffer","buffer","buffer","buffer","buffer","buffer","buffer","buffer",73864521
"buffer","buffer","buffer","buffer","buffer","buffer","buffer","buffer","buffer","buffer",73876260
"buffer","buffer","buffer","buffer","buffer","buffer","buffer","buffer","buffer","buffer",73888458
"buffer","buffer","buffer","buffer","buffer","buffer","buffer","buffer","buffer","buffer",73900386
"buffer","buffer","buffer","buffer","buffer","buffer","buffer","buffer","buffer","buffer",73912550
"buffer","buffer","buffer","buffer","buffer","buffer","buffer","buffer","buffer","buffer",73924691
"buffer","buffer","buffer","buffer","buffer","buffer","buffer","buffer","buffer","buffer",73936745
"buffer","buffer","buffer","buffer","buffer","buffer","buffer","buffer","buffer","buffer",73948586
"buffer","buffer","buffer","buffer","buffer","buffer","buffer","buffer","buffer","buffer",73960836
"buffer","buffer","buffer","buffer","buffer","buffer","buffer","buffer","buffer","buffer",73972776
"buffer","buffer","buffer","buffer","buffer","buffer","buffer","buffer","buffer","buffer",73984857
"buffer","buffer","buffer","buffer","buffer","buffer","buffer","buffer","buffer","buffer",73996907
"buffer","buffer","buffer","buffer","buffer","buffer","buffer","buffer","buffer","buffer",74008837
"buffer","buffer","buffer","buffer","buffer","buffer","buffer","buffer","buffer","buffer",74020940
"buffer","buffer","buffer","buffer","buffer","buffer","buffer","buffer","buffer","buffer",74033090
"buffer","buffer","buffer","buffer","buffer","buffer","buffer","buffer","buffer","buffer",74045004
"buffer","buffer","buffer","buffer","buffer","buffer","buffer","buffer","buffer","buffer",74057115
"buffer","buffer","buffer","buffer","buffer","buffer","buffer","buffer","buffer","buffer",74069172
"buffer","buffer","buffer","buffer","buffer","buffer","buffer","buffer","buffer","buffer",74081100
"buffer","buffer","buffer","buffer","buffer","buffer","buffer","buffer","buffer","buffer",74093189
"buffer","buffer","buffer","buffer","buffer","buffer","buffer","buffer","buffer","buffer",74105124
"buffer","buffer","buffer","buffer","buffer","buffer","buffer","buffer","buffer","buffer",74117411
"buffer","buffer","buffer","buffer","buffer","buffer","buffer","buffer","buffer","buffer",74129441
"buffer","buffer","buffer","buffer","buffer","buffer","buffer","buffer","buffer","buffer",74141431
"buffer","buffer","buffer","buffer","buffer","buffer","buffer","buffer","buffer","buffer",74153480
"buffer","buffer","buffer","buffer","buffer","buffer","buffer","buffer","buffer","buffer",74165502
"buffer","buffer","buffer","buffer","buffer","buffer","buffer","buffer","buffer","buffer",74177348
"buffer","buffer","buffer","buffer","buffer","buffer","buffer","buffer","buffer","buffer",74189810
"buffer","buffer","buffer","buffer","buffer","buffer","buffer","buffer","buffer","buffer",74201752
"buffer","buffer","buffer","buffer","buffer","buffer","buffer","buffer","buffer","buffer",74213668
"buffer","buffer","buffer","buffer","buffer","buffer","buffer","buffer","buffer","buffer",74225712
"buffer","buffer","buffer","buffer","buffer","buffer","buffer","buffer","buffer","buffer",74237847
"buffer","buffer","buffer","buffer","buffer","buffer","buffer","buffer","buffer","buffer",74249808
"buffer","buffer","buffer","buffer","buffer","buffer","buffer","buffer","buffer","buffer",74261834
"buffer","buffer","buffer","buffer","buffer","buffer","buffer","buffer","buffer","buffer",74273975
"buffer","buffer","buffer","buffer","buffer","buffer","buffer","buffer","buffer","buffer",74286004
"buffer","buffer","buffer","buffer","buffer","buffer","buffer","buffer","buffer","buffer",74297899
"buffer","buffer","buffer","buffer","buffer","buffer","buffer","buffer","buffer","buffer",74309882
"buffer","buffer","buffer","buffer","buffer","buffer","buffer","buffer","buffer","buffer",74322007
"buffer","buffer","buffer","buffer","buffer","buffer","buffer","buffer","buffer","buffer",74334160
"buffer","buffer","buffer","buffer","buffer","buffer","buffer","buffer","buffer","buffer",74346203
"buffer","buffer","buffer","buffer","buffer","buffer","buffer","buffer","buffer","buffer",74358399
"buffer","buffer","buffer","buffer","buffer","buffer","buffer","buffer","buffer","buffer",74370206
"buffer","buffer","buffer","buffer","buffer","buffer","buffer","buffer","buffer","buffer",74382415
"buffer","buffer","buffer","buffer","buffer","buffer","buffer","buffer","buffer","buffer",74394244
"buffer","buffer","buffer","buffer","buffer","buffer","buffer","buffer","buffer","buffer",74406482
"buffer","buffer","buffer","buffer","buffer","buffer","buffer","buffer","buffer","buffer",74418434
"buffer","buffer","buffer","buffer","buffer","buffer","buffer","buffer","buffer","buffer",74430479
"buffer","buffer","buffer","buffer","buffer","buffer","buffer","buffer","buffer","buffer",74442766
"buffer","buffer","buffer","buffer","buffer","buffer","buffer","buffer","buffer","buffer",74454480
"buffer","buffer","buffer","buffer","buffer","buffer","buffer","buffer","buffer","buffer",74466613
"buffer","buffer","buffer","buffer","buffer","buffer","buffer","buffer","buffer","buffer",74478760
"buffer","buffer","buffer","buffer","buffer","buffer","buffer","buffer","buffer","buffer",74490909
"buffer","buffer","buffer","buffer","buffer","buffer","buffer","buffer","buffer","buffer",74502745
"buffer","buffer","buffer","buffer","buffer","buffer","buffer","buffer","buffer","buffer",74514841
"buffer","buffer","buffer","buffer","buffer","buffer","buffer","buffer","buffer","buffer",74527003
"buffer","buffer","buffer","buffer","buffer","buffer","buffer","buffer","buffer","buffer",74538989
"buffer","buffer","buffer","buffer","buffer","buffer","buffer","buffer","buffer","buffer",74550923
"buffer","buffer","buffer","buffer","buffer","buffer","buffer","buffer","buffer","buffer",74563308
"buffer","buffer","buffer","buffer","buffer","buffer","buffer","buffer","buffer","buffer",74575168
"buffer","buffer","buffer","buffer","buffer","buffer","buffer","buffer","buffer","buffer",74587381
"buffer","buffer","buffer","buffer","buffer","buffer","buffer","buffer","buffer","buffer",74599180
"buffer","buffer","buffer","buffer","buffer","buffer","buffer","buffer","buffer","buffer",74611208
"buffer","buffer","buffer","buffer","buffer","buffer","buffer","buffer","buffer","buffer",74623450
"buffer","buffer","buffer","buffer","buffer","buffer","buffer","buffer","buffer","buffer",74635336
"buffer","buffer","buffer","buffer","buffer","buffer","buffer","buffer","buffer","buffer",74647421
"buffer","buffer","buffer","buffer","buffer","buffer","buffer","buffer","buffer","buffer",74659300
"buffer","buffer","buffer","buffer","buffer","buffer","buffer","buffer","buffer","buffer",74671451
"buffer","buffer","buffer","buffer","buffer","buffer","buffer","buffer","buffer","buffer",74683471
"buffer","buffer","buffer","buffer","buffer","buffer","buffer","buffer","buffer","buffer",74695518
"buffer","buffer","buffer","buffer","buffer","buffer","buffer","buffer","buffer","buffer",74707576
"buffer","buffer","buffer","buffer","buffer","buffer","buffer","buffer","buffer","buffer",74719628
"buffer","buffer","buffer","buffer","buffer","buffer","buffer","buffer","buffer","buffer",74731600
"buffer","buffer","buffer","buffer","buffer","buffer","buffer","buffer","buffer","buffer",74743671
"buffer","buffer","buffer","buffer","buffer","buffer","buffer","buffer","buffer","buffer",74755836
"buffer","buffer","buffer","buffer","buffer","buffer","buffer","buffer","buffer","buffer",74767890
"buffer","buffer","buffer","buffer","buffer","buffer","buffer","buffer","buffer","buffer",74779873
"buffer","buffer","buffer","buffer","buffer","buffer","buffer","buffer","buffer","buffer",74791724
"buffer","buffer","buffer","buffer","buffer","buffer","buffer","buffer","buffer","buffer",74803877
"buffer","buffer","buffer","buffer","buffer","buffer","buffer","buffer","buffer","buffer",74816022
"buffer","buffer","buffer","buffer","buffer","buffer","buffer","buffer","buffer","buffer",74828138
"buffer","buffer","buffer","buffer","buffer","buffer","buffer","buffer","buffer","buffer",74839986
"buffer","buffer","buffer","buffer","buffer","buffer","buffer","buffer","buffer","buffer",74852197
"buffer","buffer","buffer","buffer","buffer","buffer","buffer","buffer","buffer","buffer",74864156
"buffer","buffer","buffer","buffer","buffer","buffer","buffer","buffer","buffer","buffer",74876219
"buffer","buffer","buffer","buffer","buffer","buffer","buffer","buffer","buffer","buffer",74888324
"buffer","buffer","buffer","buffer","buffer","buffer","buffer","buffer","buffer","buffer",74900302
"buffer","buffer","buffer","buffer","buffer","buffer","buffer","buffer","buffer","buffer",74912376
"buffer","buffer","buffer","buffer","buffer","buffer","buffer","buffer","buffer","buffer",74924326
"buffer","buffer","buffer","buffer","buffer","buffer","buffer","buffer","buffer","buffer",74936402
"buffer","buffer","buffer","buffer","buffer","buffer","buffer","buffer","buffer","buffer",74948344
"buffer","buffer","buffer","buffer","buffer","buffer","buffer","buffer","buffer","buffer",74960507
"buffer","buffer","buffer","buffer","buffer","buffer","buffer","buffer","buffer","buffer",74972619
"buffer","buffer","buffer","buffer","buffer","buffer","buffer","buffer","buffer","buffer",74984589
"buffer","buffer","buffer","buffer","buffer","buffer","buffer","buffer","buffer","buffer",74996831
"buffer","buffer","buffer","buffer","buffer","buffer","buffer","buffer","buffer","buffer",75008881
"buffer","buffer","buffer","buffer","buffer","buffer","buffer","buffer","buffer","buffer",75020642
"buffer","buffer","buffer","buffer","buffer","buffer","buffer","buffer","buffer","buffer",75032853
"buffer","buffer","buffer","buffer","buffer","buffer","buffer","buffer","buffer","buffer",75044874
"buffer","buffer","buffer","buffer","buffer","buffer","buffer","buffer","buffer","buffer",75056744
"buffer","buffer","buffer","buffer","buffer","buffer","buffer","buffer","buffer","buffer",75068848
"buffer","buffer","buffer","buffer","buffer","buffer","buffer","buffer","buffer","buffer",75080744
"buffer","buffer","buffer","buffer","buffer","buffer","buffer","buffer","buffer","buffer",75093069
"buffer","buffer","buffer","buffer","buffer","buffer","buffer","buffer","buffer","buffer",75105089
"buffer","buffer","buffer","buffer","buffer","buffer","buffer","buffer","buffer","buffer",75117098
"buffer","buffer","buffer","buffer","buffer","buffer","buffer","buffer","buffer","buffer",75129189
"buffer","buffer","buffer","buffer","buffer","buffer","buffer","buffer","buffer","buffer",75141182
"buffer","buffer","buffer","buffer","buffer","buffer","buffer","buffer","buffer","buffer",75153116
"buffer","buffer","buffer","buffer","buffer","buffer","buffer","buffer","buffer","buffer",75165255
"buffer","buffer","buffer","buffer","buffer","buffer","buffer","buffer","buffer","buffer",75177637
"buffer","buffer","buffer","buffer","buffer","buffer","buffer","buffer","buffer","buffer",75189439
"buffer","buffer","buffer","buffer","buffer","buffer","buffer","buffer","buffer","buffer",75201324
"buffer","buffer","buffer","buffer","buffer","buffer","buffer","buffer","buffer","buffer",75213420
"buffer","buffer","buffer","buffer","buffer","buffer","buffer","buffer","buffer","buffer",75225625
"buffer","buffer","buffer","buffer","buffer","buffer","buffer","buffer","buffer","buffer",75237577
"buffer","buffer","buffer","buffer","buffer","buffer","buffer","buffer","buffer","buffer",75249677
"buffer","buffer","buffer","buffer","buffer","buffer","buffer","buffer","buffer","buffer",75261523
"buffer","buffer","buffer","buffer","buffer","buffer","buffer","buffer","buffer","buffer",75273623
"buffer","buffer","buffer","buffer","buffer","buffer","buffer","buffer","buffer","buffer",75285633
"buffer","buffer","buffer","buffer","buffer","buffer","buffer","buffer","buffer","buffer",75297758
"buffer","buffer","buffer","buffer","buffer","buffer","buffer","buffer","buffer","buffer",75310027
"buffer","buffer","buffer","buffer","buffer","buffer","buffer","buffer","buffer","buffer",75321868
"buffer","buffer","buffer","buffer","buffer","buffer","buffer","buffer","buffer","buffer",75333995
"buffer","buffer","buffer","buffer","buffer","buffer","buffer","buffer","buffer","buffer",75345747
"buffer","buffer","buffer","buffer","buffer","buffer","buffer","buffer","buffer","buffer",75358143
"buffer","buffer","buffer","buffer","buffer","buffer","buffer","buffer","buffer","buffer",75370210
"buffer","buffer","buffer","buffer","buffer","buffer","buffer","buffer","buffer","buffer",75382130
"buffer","buffer","buffer","buffer","buffer","buffer","buffer","buffer","buffer","buffer",75394236
"buffer","buffer","buffer","buffer","buffer","buffer","buffer","buffer","buffer","buffer",75406266
"buffer","buffer","buffer","buffer","buffer","buffer","buffer","buffer","buffer","buffer",75418051
"buffer","buffer","buffer","buffer","buffer","buffer","buffer","buffer","buffer","buffer",75430169
"buffer","buffer","buffer","buffer","buffer","buffer","buffer","buffer","buffer","buffer",75442312
"buffer","buffer","buffer","buffer","buffer","buffer","buffer","buffer","buffer","buffer",75454296
"buffer","buffer","buffer","buffer","buffer","buffer","buffer","buffer","buffer","buffer",75466398
"buffer","buffer","buffer","buffer","buffer","buffer","buffer","buffer","buffer","buffer",75478695
"buffer","buffer","buffer","buffer","buffer","buffer","buffer","buffer","buffer","buffer",75490560
"buffer","buffer","buffer","buffer","buffer","buffer","buffer","buffer","buffer","buffer",75502801
"buffer","buffer","buffer","buffer","buffer","buffer","buffer","buffer","buffer","buffer",75514575
"buffer","buffer","buffer","buffer","buffer","buffer","buffer","buffer","buffer","buffer",75526741
"buffer","buffer","buffer","buffer","buffer","buffer","buffer","buffer","buffer","buffer",75538716
"buffer","buffer","buffer","buffer","buffer","buffer","buffer","buffer","buffer","buffer",75550787
"buffer","buffer","buffer","buffer","buffer","buffer","buffer","buffer","buffer","buffer",75562758
"buffer","buffer","buffer","buffer","buffer","buffer","buffer","buffer","buffer","buffer",75574912
"buffer","buffer","buffer","buffer","buffer","buffer","buffer","buffer","buffer","buffer",75586958
"buffer","buffer","buffer","buffer","buffer","buffer","buffer","buffer","buffer","buffer",75598785
"buffer","buffer","buffer","buffer","buffer","buffer","buffer","buffer","buffer","buffer",75610978
"buffer","buffer","buffer","buffer","buffer","buffer","buffer","buffer","buffer","buffer",75622974
"buffer","buffer","buffer","buffer","buffer","buffer","buffer","buffer","buffer","buffer",75634934
"buffer","buffer","buffer","buffer","buffer","buffer","buffer","buffer","buffer","buffer",75647151
"buffer","buffer","buffer","buffer","buffer","buffer","buffer","buffer","buffer","buffer",75659179
"buffer","buffer","buffer","buffer","buffer","buffer","buffer","buffer","buffer","buffer",75671079
"buffer","buffer","buffer","buffer","buffer","buffer","buffer","buffer","buffer","buffer",75683344
"buffer","buffer","buffer","buffer","buffer","buffer","buffer","buffer","buffer","buffer",75695388
"buffer","buffer","buffer","buffer","buffer","buffer","buffer","buffer","buffer","buffer",75707436
"buffer","buffer","buffer","buffer","buffer","buffer","buffer","buffer","buffer","buffer",75719514
"buffer","buffer","buffer","buffer","buffer","buffer","buffer","buffer","buffer","buffer",75731421
"buffer","buffer","buffer","buffer","buffer","buffer","buffer","buffer","buffer","buffer",75743500
"buffer","buffer","buffer","buffer","buffer","buffer","buffer","buffer","buffer","buffer",75755339
"buffer","buffer","buffer","buffer","buffer","buffer","buffer","buffer","buffer","buffer",75767663
"buffer","buffer","buffer","buffer","buffer","buffer","buffer","buffer","buffer","buffer",75779635
"buffer","buffer","buffer","buffer","buffer","buffer","buffer","buffer","buffer","buffer",75791652
"buffer","buffer","buffer","buffer","buffer","buffer","buffer","buffer","buffer","buffer",75803795
"buffer","buffer","buffer","buffer","buffer","buffer","buffer","buffer","buffer","buffer",75815776
"buffer","buffer","buffer","buffer","buffer","buffer","buffer","buffer","buffer","buffer",75827816
"buffer","buffer","buffer","buffer","buffer","buffer","buffer","buffer","buffer","buffer",75839922
"buffer","buffer","buffer","buffer","buffer","buffer","buffer","buffer","buffer","buffer",75851832
"buffer","buffer","buffer","buffer","buffer","buffer","buffer","buffer","buffer","buffer",75864054
"buffer","buffer","buffer","buffer","buffer","buffer","buffer","buffer","buffer","buffer",75876102
"buffer","buffer","buffer","buffer","buffer","buffer","buffer","buffer","buffer","buffer",75888137
"buffer","buffer","buffer","buffer","buffer","buffer","buffer","buffer","buffer","buffer",75900068
"buffer","buffer","buffer","buffer","buffer","buffer","buffer","buffer","buffer","buffer",75912271
"buffer","buffer","buffer","buffer","buffer","buffer","buffer","buffer","buffer","buffer",75924094
"buffer","buffer","buffer","buffer","buffer","buffer","buffer","buffer","buffer","buffer",75936152
"buffer","buffer","buffer","buffer","buffer","buffer","buffer","buffer","buffer","buffer",75948255
"buffer","buffer","buffer","buffer","buffer","buffer","buffer","buffer","buffer","buffer",75960299
"buffer","buffer","buffer","buffer","buffer","buffer","buffer","buffer","buffer","buffer",75972583
"buffer","buffer","buffer","buffer","buffer","buffer","buffer","buffer","buffer","buffer",75984495
"buffer","buffer","buffer","buffer","buffer","buffer","buffer","buffer","buffer","buffer",75996517
"buffer","buffer","buffer","buffer","buffer","buffer","buffer","buffer","buffer","buffer",76008449
"buffer","buffer","buffer","buffer","buffer","buffer","buffer","buffer","buffer","buffer",76020539
"buffer","buffer","buffer","buffer","buffer","buffer","buffer","buffer","buffer","buffer",76032441
"buffer","buffer","buffer","buffer","buffer","buffer","buffer","buffer","buffer","buffer",76044663
"buffer","buffer","buffer","buffer","buffer","buffer","buffer","buffer","buffer","buffer",76056728
"buffer","buffer","buffer","buffer","buffer","buffer","buffer","buffer","buffer","buffer",76068610
"buffer","buffer","buffer","buffer","buffer","buffer","buffer","buffer","buffer","buffer",76080592
"buffer","buffer","buffer","buffer","buffer","buffer","buffer","buffer","buffer","buffer",76092815
"buffer","buffer","buffer","buffer","buffer","buffer","buffer","buffer","buffer","buffer",76104940
"buffer","buffer","buffer","buffer","buffer","buffer","buffer","buffer","buffer","buffer",76116845
"buffer","buffer","buffer","buffer","buffer","buffer","buffer","buffer","buffer","buffer",76128948
"buffer","buffer","buffer","buffer","buffer","buffer","buffer","buffer","buffer","buffer",76141127
"buffer","buffer","buffer","buffer","buffer","buffer","buffer","buffer","buffer","buffer",76153108
"buffer","buffer","buffer","buffer","buffer","buffer","buffer","buffer","buffer","buffer",76164983
"buffer","buffer","buffer","buffer","buffer","buffer","buffer","buffer","buffer","buffer",76177074
"buffer","buffer","buffer","buffer","buffer","buffer","buffer","buffer","buffer","buffer",76189067
"buffer","buffer","buffer","buffer","buffer","buffer","buffer","buffer","buffer","buffer",76201219
"buffer","buffer","buffer","buffer","buffer","buffer","buffer","buffer","buffer","buffer",76213057
"buffer","buffer","buffer","buffer","buffer","buffer","buffer","buffer","buffer","buffer",76225208
"buffer","buffer","buffer","buffer","buffer","buffer","buffer","buffer","buffer","buffer",76237426
"buffer","buffer","buffer","buffer","buffer","buffer","buffer","buffer","buffer","buffer",76249355
"buffer","buffer","buffer","buffer","buffer","buffer","buffer","buffer","buffer","buffer",76261488
"buffer","buffer","buffer","buffer","buffer","buffer","buffer","buffer","buffer","buffer",76273409
"buffer","buffer","buffer","buffer","buffer","buffer","buffer","buffer","buffer","buffer",76285493
"buffer","buffer","buffer","buffer","buffer","buffer","buffer","buffer","buffer","buffer",76297575
"buffer","buffer","buffer","buffer","buffer","buffer","buffer","buffer","buffer","buffer",76309665
"buffer","buffer","buffer","buffer","buffer","buffer","buffer","buffer","buffer","buffer",76321755
"buffer","buffer","buffer","buffer","buffer","buffer","buffer","buffer","buffer","buffer",76333745
"buffer","buffer","buffer","buffer","buffer","buffer","buffer","buffer","buffer","buffer",76345844
"buffer","buffer","buffer","buffer","buffer","buffer","buffer","buffer","buffer","buffer",76357860
"buffer","buffer","buffer","buffer","buffer","buffer","buffer","buffer","buffer","buffer",76369830
"buffer","buffer","buffer","buffer","buffer","buffer","buffer","buffer","buffer","buffer",76381805
"buffer","buffer","buffer","buffer","buffer","buffer","buffer","buffer","buffer","buffer",76394093
"buffer","buffer","buffer","buffer","buffer","buffer","buffer","buffer","buffer","buffer",76406002
"buffer","buffer","buffer","buffer","buffer","buffer","buffer","buffer","buffer","buffer",76418107
"buffer","buffer","buffer","buffer","buffer","buffer","buffer","buffer","buffer","buffer",76430113
"buffer","buffer","buffer","buffer","buffer","buffer","buffer","buffer","buffer","buffer",76442212
"buffer","buffer","buffer","buffer","buffer","buffer","buffer","buffer","buffer","buffer",76454284
"buffer","buffer","buffer","buffer","buffer","buffer","buffer","buffer","buffer","buffer",76466330
"buffer","buffer","buffer","buffer","buffer","buffer","buffer","buffer","buffer","buffer",76478380
"buffer","buffer","buffer","buffer","buffer","buffer","buffer","buffer","buffer","buffer",76490262
"buffer","buffer","buffer","buffer","buffer","buffer","buffer","buffer","buffer","buffer",76502429
"buffer","buffer","buffer","buffer","buffer","buffer","buffer","buffer","buffer","buffer",76514235
"buffer","buffer","buffer","buffer","buffer","buffer","buffer","buffer","buffer","buffer",76526325
"buffer","buffer","buffer","buffer","buffer","buffer","buffer","buffer","buffer","buffer",76538388
"buffer","buffer","buffer","buffer","buffer","buffer","buffer","buffer","buffer","buffer",76550645
"buffer","buffer","buffer","buffer","buffer","buffer","buffer","buffer","buffer","buffer",76562557
"buffer","buffer","buffer","buffer","buffer","buffer","buffer","buffer","buffer","buffer",76574632
"buffer","buffer","buffer","buffer","buffer","buffer","buffer","buffer","buffer","buffer",76586575
"buffer","buffer","buffer","buffer","buffer","buffer","buffer","buffer","buffer","buffer",76598673
"buffer","buffer","buffer","buffer","buffer","buffer","buffer","buffer","buffer","buffer",76610915
"buffer","buffer","buffer","buffer","buffer","buffer","buffer","buffer","buffer","buffer",76622875
"buffer","buffer","buffer","buffer","buffer","buffer","buffer","buffer","buffer","buffer",76634862
"buffer","buffer","buffer","buffer","buffer","buffer","buffer","buffer","buffer","buffer",76647014
"buffer","buffer","buffer","buffer","buffer","buffer","buffer","buffer","buffer","buffer",76658998
"buffer","buffer","buffer","buffer","buffer","buffer","buffer","buffer","buffer","buffer",76670930
"buffer","buffer","buffer","buffer","buffer","buffer","buffer","buffer","buffer","buffer",76683127
"buffer","buffer","buffer","buffer","buffer","buffer","buffer","buffer","buffer","buffer",76695301
"buffer","buffer","buffer","buffer","buffer","buffer","buffer","buffer","buffer","buffer",76707259
"buffer","buffer","buffer","buffer","buffer","buffer","buffer","buffer","buffer","buffer",76719055
"buffer","buffer","buffer","buffer","buffer","buffer","buffer","buffer","buffer","buffer",76731239
"buffer","buffer","buffer","buffer","buffer","buffer","buffer","buffer","buffer","buffer",76743200
"buffer","buffer","buffer","buffer","buffer","buffer","buffer","buffer","buffer","buffer",76755317
"buffer","buffer","buffer","buffer","buffer","buffer","buffer","buffer","buffer","buffer",76767376
"buffer","buffer","buffer","buffer","buffer","buffer","buffer","buffer","buffer","buffer",76779510
"buffer","buffer","buffer","buffer","buffer","buffer","buffer","buffer","buffer","buffer",76791450
"buffer","buffer","buffer","buffer","buffer","buffer","buffer","buffer","buffer","buffer",76803613
"buffer","buffer","buffer","buffer","buffer","buffer","buffer","buffer","buffer","buffer",76815553
"buffer","buffer","buffer","buffer","buffer","buffer","buffer","buffer","buffer","buffer",76827517
"buffer","buffer","buffer","buffer","buffer","buffer","buffer","buffer","buffer","buffer",76839646
"buffer","buffer","buffer","buffer","buffer","buffer","buffer","buffer","buffer","buffer",76851603
"buffer","buffer","buffer","buffer","buffer","buffer","buffer","buffer","buffer","buffer",76863716
"buffer","buffer","buffer","buffer","buffer","buffer","buffer","buffer","buffer","buffer",76875919
"buffer","buffer","buffer","buffer","buffer","buffer","buffer","buffer","buffer","buffer",76887746
"buffer","buffer","buffer","buffer","buffer","buffer","buffer","buffer","buffer","buffer",76899857
"buffer","buffer","buffer","buffer","buffer","buffer","buffer","buffer","buffer","buffer",76911979
"buffer","buffer","buffer","buffer","buffer","buffer","buffer","buffer","buffer","buffer",76924050
"buffer","buffer","buffer","buffer","buffer","buffer","buffer","buffer","buffer","buffer",76935943
"buffer","buffer","buffer","buffer","buffer","buffer","buffer","buffer","buffer","buffer",76948121
"buffer","buffer","buffer","buffer","buffer","buffer","buffer","buffer","buffer","buffer",76960234
"buffer","buffer","buffer","buffer","buffer","buffer","buffer","buffer","buffer","buffer",76972368
"buffer","buffer","buffer","buffer","buffer","buffer","buffer","buffer","buffer","buffer",76984199
"buffer","buffer","buffer","buffer","buffer","buffer","buffer","buffer","buffer","buffer",76996148
"buffer","buffer","buffer","buffer","buffer","buffer","buffer","buffer","buffer","buffer",77008257
"buffer","buffer","buffer","buffer","buffer","buffer","buffer","buffer","buffer","buffer",77020323
"buffer","buffer","buffer","buffer","buffer","buffer","buffer","buffer","buffer","buffer",77032482
"buffer","buffer","buffer","buffer","buffer","buffer","buffer","buffer","buffer","buffer",77044547
"buffer","buffer","buffer","buffer","buffer","buffer","buffer","buffer","buffer","buffer",77056432
"buffer","buffer","buffer","buffer","buffer","buffer","buffer","buffer","buffer","buffer",77068495
"buffer","buffer","buffer","buffer","buffer","buffer","buffer","buffer","buffer","buffer",77080538
"buffer","buffer","buffer","buffer","buffer","buffer","buffer","buffer","buffer","buffer",77092631
"buffer","buffer","buffer","buffer","buffer","buffer","buffer","buffer","buffer","buffer",77104730
"buffer","buffer","buffer","buffer","buffer","buffer","buffer","buffer","buffer","buffer",77116572
"buffer","buffer","buffer","buffer","buffer","buffer","buffer","buffer","buffer","buffer",77128849
"buffer","buffer","buffer","buffer","buffer","buffer","buffer","buffer","buffer","buffer",77140755
"buffer","buffer","buffer","buffer","buffer","buffer","buffer","buffer","buffer","buffer",77152714
"buffer","buffer","buffer","buffer","buffer","buffer","buffer","buffer","buffer","buffer",77164677
"buffer","buffer","buffer","buffer","buffer","buffer","buffer","buffer","buffer","buffer",77176891
"buffer","buffer","buffer","buffer","buffer","buffer","buffer","buffer","buffer","buffer",77188984
"buffer","buffer","buffer","buffer","buffer","buffer","buffer","buffer","buffer","buffer",77200996
"buffer","buffer","buffer","buffer","buffer","buffer","buffer","buffer","buffer","buffer",77213258
"buffer","buffer","buffer","buffer","buffer","buffer","buffer","buffer","buffer","buffer",77225126
"buffer","buffer","buffer","buffer","buffer","buffer","buffer","buffer","buffer","buffer",77237145
"buffer","buffer","buffer","buffer","buffer","buffer","buffer","buffer","buffer","buffer",77249132
"buffer","buffer","buffer","buffer","buffer","buffer","buffer","buffer","buffer","buffer",77261214
"buffer","buffer","buffer","buffer","buffer","buffer","buffer","buffer","buffer","buffer",77273277
"buffer","buffer","buffer","buffer","buffer","buffer","buffer","buffer","buffer","buffer",77285457
"buffer","buffer","buffer","buffer","buffer","buffer","buffer","buffer","buffer","buffer",77297479
"buffer","buffer","buffer","buffer","buffer","buffer","buffer","buffer","buffer","buffer",77309275
"buffer","buffer","buffer","buffer","buffer","buffer","buffer","buffer","buffer","buffer",77321439
"buffer","buffer","buffer","buffer","buffer","buffer","buffer","buffer","buffer","buffer",77333470
"buffer","buffer","buffer","buffer","buffer","buffer","buffer","buffer","buffer","buffer",77345529
"buffer","buffer","buffer","buffer","buffer","buffer","buffer","buffer","buffer","buffer",77357640
"buffer","buffer","buffer","buffer","buffer","buffer","buffer","buffer","buffer","buffer",77369693
"buffer","buffer","buffer","buffer","buffer","buffer","buffer","buffer","buffer","buffer",77381778
"buffer","buffer","buffer","buffer","buffer","buffer","buffer","buffer","buffer","buffer",77393978
"buffer","buffer","buffer","buffer","buffer","buffer","buffer","buffer","buffer","buffer",77405885
"buffer","buffer","buffer","buffer","buffer","buffer","buffer","buffer","buffer","buffer",77417825
"buffer","buffer","buffer","buffer","buffer","buffer","buffer","buffer","buffer","buffer",77429894
"buffer","buffer","buffer","buffer","buffer","buffer","buffer","buffer","buffer","buffer",77442009
"buffer","buffer","buffer","buffer","buffer","buffer","buffer","buffer","buffer","buffer",77453808
"buffer","buffer","buffer","buffer","buffer","buffer","buffer","buffer","buffer","buffer",77465966
"buffer","buffer","buffer","buffer","buffer","buffer","buffer","buffer","buffer","buffer",77478229
"buffer","buffer","buffer","buffer","buffer","buffer","buffer","buffer","buffer","buffer",77489926
"buffer","buffer","buffer","buffer","buffer","buffer","buffer","buffer","buffer","buffer",77502164
"buffer","buffer","buffer","buffer","buffer","buffer","buffer","buffer","buffer","buffer",77514222
"buffer","buffer","buffer","buffer","buffer","buffer","buffer","buffer","buffer","buffer",77526085
"buffer","buffer","buffer","buffer","buffer","buffer","buffer","buffer","buffer","buffer",77538679
"buffer","buffer","buffer","buffer","buffer","buffer","buffer","buffer","buffer","buffer",77550356
"buffer","buffer","buffer","buffer","buffer","buffer","buffer","buffer","buffer","buffer",77562380
"buffer","buffer","buffer","buffer","buffer","buffer","buffer","buffer","buffer","buffer",77574473
"buffer","buffer","buffer","buffer","buffer","buffer","buffer","buffer","buffer","buffer",77586501
"buffer","buffer","buffer","buffer","buffer","buffer","buffer","buffer","buffer","buffer",77598537
"buffer","buffer","buffer","buffer","buffer","buffer","buffer","buffer","buffer","buffer",77610457
"buffer","buffer","buffer","buffer","buffer","buffer","buffer","buffer","buffer","buffer",77622607
"buffer","buffer","buffer","buffer","buffer","buffer","buffer","buffer","buffer","buffer",77634789
"buffer","buffer","buffer","buffer","buffer","buffer","buffer","buffer","buffer","buffer",77646565
"buffer","buffer","buffer","buffer","buffer","buffer","buffer","buffer","buffer","buffer",77658831
"buffer","buffer","buffer","buffer","buffer","buffer","buffer","buffer","buffer","buffer",77670929
"buffer","buffer","buffer","buffer","buffer","buffer","buffer","buffer","buffer","buffer",77682999
"buffer","buffer","buffer","buffer","buffer","buffer","buffer","buffer","buffer","buffer",77695056
"buffer","buffer","buffer","buffer","buffer","buffer","buffer","buffer","buffer","buffer",77707095
"buffer","buffer","buffer","buffer","buffer","buffer","buffer","buffer","buffer","buffer",77719058
"buffer","buffer","buffer","buffer","buffer","buffer","buffer","buffer","buffer","buffer",77731173
"buffer","buffer","buffer","buffer","buffer","buffer","buffer","buffer","buffer","buffer",77743131
"buffer","buffer","buffer","buffer","buffer","buffer","buffer","buffer","buffer","buffer",77755049
"buffer","buffer","buffer","buffer","buffer","buffer","buffer","buffer","buffer","buffer",77767189
"buffer","buffer","buffer","buffer","buffer","buffer","buffer","buffer","buffer","buffer",77779171
"buffer","buffer","buffer","buffer","buffer","buffer","buffer","buffer","buffer","buffer",77791245
"buffer","buffer","buffer","buffer","buffer","buffer","buffer","buffer","buffer","buffer",77803386
"buffer","buffer","buffer","buffer","buffer","buffer","buffer","buffer","buffer","buffer",77815209
"buffer","buffer","buffer","buffer","buffer","buffer","buffer","buffer","buffer","buffer",77827281
"buffer","buffer","buffer","buffer","buffer","buffer","buffer","buffer","buffer","buffer",77839428
"buffer","buffer","buffer","buffer","buffer","buffer","buffer","buffer","buffer","buffer",77851575
"buffer","buffer","buffer","buffer","buffer","buffer","buffer","buffer","buffer","buffer",77863496
"buffer","buffer","buffer","buffer","buffer","buffer","buffer","buffer","buffer","buffer",77875592
"buffer","buffer","buffer","buffer","buffer","buffer","buffer","buffer","buffer","buffer",77887540
"buffer","buffer","buffer","buffer","buffer","buffer","buffer","buffer","buffer","buffer",77899683
"buffer","buffer","buffer","buffer","buffer","buffer","buffer","buffer","buffer","buffer",77911568
"buffer","buffer","buffer","buffer","buffer","buffer","buffer","buffer","buffer","buffer",77923795
"buffer","buffer","buffer","buffer","buffer","buffer","buffer","buffer","buffer","buffer",77935733
"buffer","buffer","buffer","buffer","buffer","buffer","buffer","buffer","buffer","buffer",77947786
"buffer","buffer","buffer","buffer","buffer","buffer","buffer","buffer","buffer","buffer",77959802
"buffer","buffer","buffer","buffer","buffer","buffer","buffer","buffer","buffer","buffer",77971840
"buffer","buffer","buffer","buffer","buffer","buffer","buffer","buffer","buffer","buffer",77983969
"buffer","buffer","buffer","buffer","buffer","buffer","buffer","buffer","buffer","buffer",77996270
"buffer","buffer","buffer","buffer","buffer","buffer","buffer","buffer","buffer","buffer",78007933
"buffer","buffer","buffer","buffer","buffer","buffer","buffer","buffer","buffer","buffer",78020239
"buffer","buffer","buffer","buffer","buffer","buffer","buffer","buffer","buffer","buffer",78032185
"buffer","buffer","buffer","buffer","buffer","buffer","buffer","buffer","buffer","buffer",78044125
"buffer","buffer","buffer","buffer","buffer","buffer","buffer","buffer","buffer","buffer",78056450
"buffer","buffer","buffer","buffer","buffer","buffer","buffer","buffer","buffer","buffer",78068459
"buffer","buffer","buffer","buffer","buffer","buffer","buffer","buffer","buffer","buffer",78080418
"buffer","buffer","buffer","buffer","buffer","buffer","buffer","buffer","buffer","buffer",78092513
"buffer","buffer","buffer","buffer","buffer","buffer","buffer","buffer","buffer","buffer",78104330
"buffer","buffer","buffer","buffer","buffer","buffer","buffer","buffer","buffer","buffer",78116478
"buffer","buffer","buffer","buffer","buffer","buffer","buffer","buffer","buffer","buffer",78128525
"buffer","buffer","buffer","buffer","buffer","buffer","buffer","buffer","buffer","buffer",78140734
"buffer","buffer","buffer","buffer","buffer","buffer","buffer","buffer","buffer","buffer",78152630
"buffer","buffer","buffer","buffer","buffer","buffer","buffer","buffer","buffer","buffer",78164628
"buffer","buffer","buffer","buffer","buffer","buffer","buffer","buffer","buffer","buffer",78176672
"buffer","buffer","buffer","buffer","buffer","buffer","buffer","buffer","buffer","buffer",78188674
"buffer","buffer","buffer","buffer","buffer","buffer","buffer","buffer","buffer","buffer",78200830
"buffer","buffer","buffer","buffer","buffer","buffer","buffer","buffer","buffer","buffer",78212957
"buffer","buffer","buffer","buffer","buffer","buffer","buffer","buffer","buffer","buffer",78224809
"buffer","buffer","buffer","buffer","buffer","buffer","buffer","buffer","buffer","buffer",78236885
"buffer","buffer","buffer","buffer","buffer","buffer","buffer","buffer","buffer","buffer",78248942
"buffer","buffer","buffer","buffer","buffer","buffer","buffer","buffer","buffer","buffer",78261032
"buffer","buffer","buffer","buffer","buffer","buffer","buffer","buffer","buffer","buffer",78273204
"buffer","buffer","buffer","buffer","buffer","buffer","buffer","buffer","buffer","buffer",78285183
"buffer","buffer","buffer","buffer","buffer","buffer","buffer","buffer","buffer","buffer",78297067
"buffer","buffer","buffer","buffer","buffer","buffer","buffer","buffer","buffer","buffer",78309050
"buffer","buffer","buffer","buffer","buffer","buffer","buffer","buffer","buffer","buffer",78321141
"buffer","buffer","buffer","buffer","buffer","buffer","buffer","buffer","buffer","buffer",78333269
"buffer","buffer","buffer","buffer","buffer","buffer","buffer","buffer","buffer","buffer",78345427
"buffer","buffer","buffer","buffer","buffer","buffer","buffer","buffer","buffer","buffer",78357488
"buffer","buffer","buffer","buffer","buffer","buffer","buffer","buffer","buffer","buffer",78369546
"buffer","buffer","buffer","buffer","buffer","buffer","buffer","buffer","buffer","buffer",78381485
"buffer","buffer","buffer","buffer","buffer","buffer","buffer","buffer","buffer","buffer",78393622
"buffer","buffer","buffer","buffer","buffer","buffer","buffer","buffer","buffer","buffer",78405535
"buffer","buffer","buffer","buffer","buffer","buffer","buffer","buffer","buffer","buffer",78417552
"buffer","buffer","buffer","buffer","buffer","buffer","buffer","buffer","buffer","buffer",78429738
"buffer","buffer","buffer","buffer","buffer","buffer","buffer","buffer","buffer","buffer",78441696
"buffer","buffer","buffer","buffer","buffer","buffer","buffer","buffer","buffer","buffer",78453736
"buffer","buffer","buffer","buffer","buffer","buffer","buffer","buffer","buffer","buffer",78465883
"buffer","buffer","buffer","buffer","buffer","buffer","buffer","buffer","buffer","buffer",78477809
"buffer","buffer","buffer","buffer","buffer","buffer","buffer","buffer","buffer","buffer",78489862
"buffer","buffer","buffer","buffer","buffer","buffer","buffer","buffer","buffer","buffer",78501953
"buffer","buffer","buffer","buffer","buffer","buffer","buffer","buffer","buffer","buffer",78514019
"buffer","buffer","buffer","buffer","buffer","buffer","buffer","buffer","buffer","buffer",78526102
"buffer","buffer","buffer","buffer","buffer","buffer","buffer","buffer","buffer","buffer",78538099
"buffer","buffer","buffer","buffer","buffer","buffer","buffer","buffer","buffer","buffer",78550056
"buffer","buffer","buffer","buffer","buffer","buffer","buffer","buffer","buffer","buffer",78562075
"buffer","buffer","buffer","buffer","buffer","buffer","buffer","buffer","buffer","buffer",78574398
"buffer","buffer","buffer","buffer","buffer","buffer","buffer","buffer","buffer","buffer",78586151
"buffer","buffer","buffer","buffer","buffer","buffer","buffer","buffer","buffer","buffer",78598382
"buffer","buffer","buffer","buffer","buffer","buffer","buffer","buffer","buffer","buffer",78610431
"buffer","buffer","buffer","buffer","buffer","buffer","buffer","buffer","buffer","buffer",78622435
"buffer","buffer","buffer","buffer","buffer","buffer","buffer","buffer","buffer","buffer",78634434
"buffer","buffer","buffer","buffer","buffer","buffer","buffer","buffer","buffer","buffer",78646403
"buffer","buffer","buffer","buffer","buffer","buffer","buffer","buffer","buffer","buffer",78658538
"buffer","buffer","buffer","buffer","buffer","buffer","buffer","buffer","buffer","buffer",78670721
"buffer","buffer","buffer","buffer","buffer","buffer","buffer","buffer","buffer","buffer",78682607
"buffer","buffer","buffer","buffer","buffer","buffer","buffer","buffer","buffer","buffer",78694669
"buffer","buffer","buffer","buffer","buffer","buffer","buffer","buffer","buffer","buffer",78706918
"buffer","buffer","buffer","buffer","buffer","buffer","buffer","buffer","buffer","buffer",78718792
"buffer","buffer","buffer","buffer","buffer","buffer","buffer","buffer","buffer","buffer",78730942
"buffer","buffer","buffer","buffer","buffer","buffer","buffer","buffer","buffer","buffer",78742823
"buffer","buffer","buffer","buffer","buffer","buffer","buffer","buffer","buffer","buffer",78754842
"buffer","buffer","buffer","buffer","buffer","buffer","buffer","buffer","buffer","buffer",78767095
"buffer","buffer","buffer","buffer","buffer","buffer","buffer","buffer","buffer","buffer",78778970
"buffer","buffer","buffer","buffer","buffer","buffer","buffer","buffer","buffer","buffer",78791257
"buffer","buffer","buffer","buffer","buffer","buffer","buffer","buffer","buffer","buffer",78803265
"buffer","buffer","buffer","buffer","buffer","buffer","buffer","buffer","buffer","buffer",78815135
"buffer","buffer","buffer","buffer","buffer","buffer","buffer","buffer","buffer","buffer",78827096
"buffer","buffer","buffer","buffer","buffer","buffer","buffer","buffer","buffer","buffer",78839256
"buffer","buffer","buffer","buffer","buffer","buffer","buffer","buffer","buffer","buffer",78851323
"buffer","buffer","buffer","buffer","buffer","buffer","buffer","buffer","buffer","buffer",78863469
"buffer","buffer","buffer","buffer","buffer","buffer","buffer","buffer","buffer","buffer",78875260
"buffer","buffer","buffer","buffer","buffer","buffer","buffer","buffer","buffer","buffer",78887510
"buffer","buffer","buffer","buffer","buffer","buffer","buffer","buffer","buffer","buffer",78899455
"buffer","buffer","buffer","buffer","buffer","buffer","buffer","buffer","buffer","buffer",78911742
"buffer","buffer","buffer","buffer","buffer","buffer","buffer","buffer","buffer","buffer",78923488
"buffer","buffer","buffer","buffer","buffer","buffer","buffer","buffer","buffer","buffer",78935637
"buffer","buffer","buffer","buffer","buffer","buffer","buffer","buffer","buffer","buffer",78947620
"buffer","buffer","buffer","buffer","buffer","buffer","buffer","buffer","buffer","buffer",78959655
"buffer","buffer","buffer","buffer","buffer","buffer","buffer","buffer","buffer","buffer",78971756
"buffer","buffer","buffer","buffer","buffer","buffer","buffer","buffer","buffer","buffer",78983784
"buffer","buffer","buffer","buffer","buffer","buffer","buffer","buffer","buffer","buffer",78995821
"buffer","buffer","buffer","buffer","buffer","buffer","buffer","buffer","buffer","buffer",79007893
"buffer","buffer","buffer","buffer","buffer","buffer","buffer","buffer","buffer","buffer",79020052
"buffer","buffer","buffer","buffer","buffer","buffer","buffer","buffer","buffer","buffer",79032120
"buffer","buffer","buffer","buffer","buffer","buffer","buffer","buffer","buffer","buffer",79043974
"buffer","buffer","buffer","buffer","buffer","buffer","buffer","buffer","buffer","buffer",79056170
"buffer","buffer","buffer","buffer","buffer","buffer","buffer","buffer","buffer","buffer",79068087
"buffer","buffer","buffer","buffer","buffer","buffer","buffer","buffer","buffer","buffer",79080277
"buffer","buffer","buffer","buffer","buffer","buffer","buffer","buffer","buffer","buffer",79092287
"buffer","buffer","buffer","buffer","buffer","buffer","buffer","buffer","buffer","buffer",79104267
"buffer","buffer","buffer","buffer","buffer","buffer","buffer","buffer","buffer","buffer",79116186
"buffer","buffer","buffer","buffer","buffer","buffer","buffer","buffer","buffer","buffer",79128275
"buffer","buffer","buffer","buffer","buffer","buffer","buffer","buffer","buffer","buffer",79140440
"buffer","buffer","buffer","buffer","buffer","buffer","buffer","buffer","buffer","buffer",79152367
"buffer","buffer","buffer","buffer","buffer","buffer","buffer","buffer","buffer","buffer",79164451
"buffer","buffer","buffer","buffer","buffer","buffer","buffer","buffer","buffer","buffer",79176670
"buffer","buffer","buffer","buffer","buffer","buffer","buffer","buffer","buffer","buffer",79188772
"buffer","buffer","buffer","buffer","buffer","buffer","buffer","buffer","buffer","buffer",79200553
"buffer","buffer","buffer","buffer","buffer","buffer","buffer","buffer","buffer","buffer",79212696
"buffer","buffer","buffer","buffer","buffer","buffer","buffer","buffer","buffer","buffer",79224854
"buffer","buffer","buffer","buffer","buffer","buffer","buffer","buffer","buffer","buffer",79236831
"buffer","buffer","buffer","buffer","buffer","buffer","buffer","buffer","buffer","buffer",79248901
"buffer","buffer","buffer","buffer","buffer","buffer","buffer","buffer","buffer","buffer",79260892
"buffer","buffer","buffer","buffer","buffer","buffer","buffer","buffer","buffer","buffer",79272734
"buffer","buffer","buffer","buffer","buffer","buffer","buffer","buffer","buffer","buffer",79284965
"buffer","buffer","buffer","buffer","buffer","buffer","buffer","buffer","buffer","buffer",79297032
"buffer","buffer","buffer","buffer","buffer","buffer","buffer","buffer","buffer","buffer",79309046
"buffer","buffer","buffer","buffer","buffer","buffer","buffer","buffer","buffer","buffer",79320907
"buffer","buffer","buffer","buffer","buffer","buffer","buffer","buffer","buffer","buffer",79333281
"buffer","buffer","buffer","buffer","buffer","buffer","buffer","buffer","buffer","buffer",79344954
"buffer","buffer","buffer","buffer","buffer","buffer","buffer","buffer","buffer","buffer",79357292
"buffer","buffer","buffer","buffer","buffer","buffer","buffer","buffer","buffer","buffer",79369403
"buffer","buffer","buffer","buffer","buffer","buffer","buffer","buffer","buffer","buffer",79381414
"buffer","buffer","buffer","buffer","buffer","buffer","buffer","buffer","buffer","buffer",79393430
"buffer","buffer","buffer","buffer","buffer","buffer","buffer","buffer","buffer","buffer",79405400
"buffer","buffer","buffer","buffer","buffer","buffer","buffer","buffer","buffer","buffer",79417510
"buffer","buffer","buffer","buffer","buffer","buffer","buffer","buffer","buffer","buffer",79429449
"buffer","buffer","buffer","buffer","buffer","buffer","buffer","buffer","buffer","buffer",79441577
"buffer","buffer","buffer","buffer","buffer","buffer","buffer","buffer","buffer","buffer",79453550
"buffer","buffer","buffer","buffer","buffer","buffer","buffer","buffer","buffer","buffer",79465678
"buffer","buffer","buffer","buffer","buffer","buffer","buffer","buffer","buffer","buffer",79477637
"buffer","buffer","buffer","buffer","buffer","buffer","buffer","buffer","buffer","buffer",79489753
"buffer","buffer","buffer","buffer","buffer","buffer","buffer","buffer","buffer","buffer",79501721
"buffer","buffer","buffer","buffer","buffer","buffer","buffer","buffer","buffer","buffer",79513784
"buffer","buffer","buffer","buffer","buffer","buffer","buffer","buffer","buffer","buffer",79526074
"buffer","buffer","buffer","buffer","buffer","buffer","buffer","buffer","buffer","buffer",79537976
"buffer","buffer","buffer","buffer","buffer","buffer","buffer","buffer","buffer","buffer",79549992
"buffer","buffer","buffer","buffer","buffer","buffer","buffer","buffer","buffer","buffer",79562101
"buffer","buffer","buffer","buffer","buffer","buffer","buffer","buffer","buffer","buffer",79574153
"buffer","buffer","buffer","buffer","buffer","buffer","buffer","buffer","buffer","buffer",79586045
"buffer","buffer","buffer","buffer","buffer","buffer","buffer","buffer","buffer","buffer",79598200
"buffer","buffer","buffer","buffer","buffer","buffer","buffer","buffer","buffer","buffer",79610279
"buffer","buffer","buffer","buffer","buffer","buffer","buffer","buffer","buffer","buffer",79622236
"buffer","buffer","buffer","buffer","buffer","buffer","buffer","buffer","buffer","buffer",79634199
"buffer","buffer","buffer","buffer","buffer","buffer","buffer","buffer","buffer","buffer",79646397
"buffer","buffer","buffer","buffer","buffer","buffer","buffer","buffer","buffer","buffer",79658475
"buffer","buffer","buffer","buffer","buffer","buffer","buffer","buffer","buffer","buffer",79670318
"buffer","buffer","buffer","buffer","buffer","buffer","buffer","buffer","buffer","buffer",79682493
"buffer","buffer","buffer","buffer","buffer","buffer","buffer","buffer","buffer","buffer",79694509
"buffer","buffer","buffer","buffer","buffer","buffer","buffer","buffer","buffer","buffer",79706498
"buffer","buffer","buffer","buffer","buffer","buffer","buffer","buffer","buffer","buffer",79718524
"buffer","buffer","buffer","buffer","buffer","buffer","buffer","buffer","buffer","buffer",79730688
"buffer","buffer","buffer","buffer","buffer","buffer","buffer","buffer","buffer","buffer",79742868
"buffer","buffer","buffer","buffer","buffer","buffer","buffer","buffer","buffer","buffer",79754576
"buffer","buffer","buffer","buffer","buffer","buffer","buffer","buffer","buffer","buffer",79766887
"buffer","buffer","buffer","buffer","buffer","buffer","buffer","buffer","buffer","buffer",79778847
"buffer","buffer","buffer","buffer","buffer","buffer","buffer","buffer","buffer","buffer",79790762
"buffer","buffer","buffer","buffer","buffer","buffer","buffer","buffer","buffer","buffer",79802937
"buffer","buffer","buffer","buffer","buffer","buffer","buffer","buffer","buffer","buffer",79814738
"buffer","buffer","buffer","buffer","buffer","buffer","buffer","buffer","buffer","buffer",79827097
"buffer","buffer","buffer","buffer","buffer","buffer","buffer","buffer","buffer","buffer",79839077
"buffer","buffer","buffer","buffer","buffer","buffer","buffer","buffer","buffer","buffer",79851151
"buffer","buffer","buffer","buffer","buffer","buffer","buffer","buffer","buffer","buffer",79863107
"buffer","buffer","buffer","buffer","buffer","buffer","buffer","buffer","buffer","buffer",79875244
"buffer","buffer","buffer","buffer","buffer","buffer","buffer","buffer","buffer","buffer",79887299
"buffer","buffer","buffer","buffer","buffer","buffer","buffer","buffer","buffer","buffer",79899336
"buffer","buffer","buffer","buffer","buffer","buffer","buffer","buffer","buffer","buffer",79911290
"buffer","buffer","buffer","buffer","buffer","buffer","buffer","buffer","buffer","buffer",79923593
"buffer","buffer","buffer","buffer","buffer","buffer","buffer","buffer","buffer","buffer",79935308
"buffer","buffer","buffer","buffer","buffer","buffer","buffer","buffer","buffer","buffer",79947406
"buffer","buffer","buffer","buffer","buffer","buffer","buffer","buffer","buffer","buffer",79959666
"buffer","buffer","buffer","buffer","buffer","buffer","buffer","buffer","buffer","buffer",79971654
"buffer","buffer","buffer","buffer","buffer","buffer","buffer","buffer","buffer","buffer",79983612
"buffer","buffer","buffer","buffer","buffer","buffer","buffer","buffer","buffer","buffer",79995661
"buffer","buffer","buffer","buffer","buffer","buffer","buffer","buffer","buffer","buffer",80007776
"buffer","buffer","buffer","buffer","buffer","buffer","buffer","buffer","buffer","buffer",80019868
"buffer","buffer","buffer","buffer","buffer","buffer","buffer","buffer","buffer","buffer",80031704
"buffer","buffer","buffer","buffer","buffer","buffer","buffer","buffer","buffer","buffer",80043792
"buffer","buffer","buffer","buffer","buffer","buffer","buffer","buffer","buffer","buffer",80055940
"buffer","buffer","buffer","buffer","buffer","buffer","buffer","buffer","buffer","buffer",80067781
"buffer","buffer","buffer","buffer","buffer","buffer","buffer","buffer","buffer","buffer",80080079
"buffer","buffer","buffer","buffer","buffer","buffer","buffer","buffer","buffer","buffer",80092171
"buffer","buffer","buffer","buffer","buffer","buffer","buffer","buffer","buffer","buffer",80104030
"buffer","buffer","buffer","buffer","buffer","buffer","buffer","buffer","buffer","buffer",80116187
"buffer","buffer","buffer","buffer","buffer","buffer","buffer","buffer","buffer","buffer",80128136
"buffer","buffer","buffer","buffer","buffer","buffer","buffer","buffer","buffer","buffer",80140112
"buffer","buffer","buffer","buffer","buffer","buffer","buffer","buffer","buffer","buffer",80152164
"buffer","buffer","buffer","buffer","buffer","buffer","buffer","buffer","buffer","buffer",80164428
"buffer","buffer","buffer","buffer","buffer","buffer","buffer","buffer","buffer","buffer",80176408
"buffer","buffer","buffer","buffer","buffer","buffer","buffer","buffer","buffer","buffer",80188207
"buffer","buffer","buffer","buffer","buffer","buffer","buffer","buffer","buffer","buffer",80200519
"buffer","buffer","buffer","buffer","buffer","buffer","buffer","buffer","buffer","buffer",80212619
"buffer","buffer","buffer","buffer","buffer","buffer","buffer","buffer","buffer","buffer",80224451
"buffer","buffer","buffer","buffer","buffer","buffer","buffer","buffer","buffer","buffer",80236462
"buffer","buffer","buffer","buffer","buffer","buffer","buffer","buffer","buffer","buffer",80248711
"buffer","buffer","buffer","buffer","buffer","buffer","buffer","buffer","buffer","buffer",80260508
"buffer","buffer","buffer","buffer","buffer","buffer","buffer","buffer","buffer","buffer",80272740
"buffer","buffer","buffer","buffer","buffer","buffer","buffer","buffer","buffer","buffer",80284682
"buffer","buffer","buffer","buffer","buffer","buffer","buffer","buffer","buffer","buffer",80296726
"buffer","buffer","buffer","buffer","buffer","buffer","buffer","buffer","buffer","buffer",80308790
"buffer","buffer","buffer","buffer","buffer","buffer","buffer","buffer","buffer","buffer",80321005
"buffer","buffer","buffer","buffer","buffer","buffer","buffer","buffer","buffer","buffer",80332964
"buffer","buffer","buffer","buffer","buffer","buffer","buffer","buffer","buffer","buffer",80345020
"buffer","buffer","buffer","buffer","buffer","buffer","buffer","buffer","buffer","buffer",80357113
"buffer","buffer","buffer","buffer","buffer","buffer","buffer","buffer","buffer","buffer",80369049
"buffer","buffer","buffer","buffer","buffer","buffer","buffer","buffer","buffer","buffer",80381078
"buffer","buffer","buffer","buffer","buffer","buffer","buffer","buffer","buffer","buffer",80392969
"buffer","buffer","buffer","buffer","buffer","buffer","buffer","buffer","buffer","buffer",80405390
"buffer","buffer","buffer","buffer","buffer","buffer","buffer","buffer","buffer","buffer",80417294
"buffer","buffer","buffer","buffer","buffer","buffer","buffer","buffer","buffer","buffer",80429323
"buffer","buffer","buffer","buffer","buffer","buffer","buffer","buffer","buffer","buffer",80441383
"buffer","buffer","buffer","buffer","buffer","buffer","buffer","buffer","buffer","buffer",80453402
"buffer","buffer","buffer","buffer","buffer","buffer","buffer","buffer","buffer","buffer",80465438
"buffer","buffer","buffer","buffer","buffer","buffer","buffer","buffer","buffer","buffer",80477614
"buffer","buffer","buffer","buffer","buffer","buffer","buffer","buffer","buffer","buffer",80489631
"buffer","buffer","buffer","buffer","buffer","buffer","buffer","buffer","buffer","buffer",80501514
"buffer","buffer","buffer","buffer","buffer","buffer","buffer","buffer","buffer","buffer",80513697
"buffer","buffer","buffer","buffer","buffer","buffer","buffer","buffer","buffer","buffer",80525599
"buffer","buffer","buffer","buffer","buffer","buffer","buffer","buffer","buffer","buffer",80537627
"buffer","buffer","buffer","buffer","buffer","buffer","buffer","buffer","buffer","buffer",80549848
"buffer","buffer","buffer","buffer","buffer","buffer","buffer","buffer","buffer","buffer",80561768
"buffer","buffer","buffer","buffer","buffer","buffer","buffer","buffer","buffer","buffer",80573862
"buffer","buffer","buffer","buffer","buffer","buffer","buffer","buffer","buffer","buffer",80585774
"buffer","buffer","buffer","buffer","buffer","buffer","buffer","buffer","buffer","buffer",80598062
"buffer","buffer","buffer","buffer","buffer","buffer","buffer","buffer","buffer","buffer",80610109
"buffer","buffer","buffer","buffer","buffer","buffer","buffer","buffer","buffer","buffer",80622156
"buffer","buffer","buffer","buffer","buffer","buffer","buffer","buffer","buffer","buffer",80634192
"buffer","buffer","buffer","buffer","buffer","buffer","buffer","buffer","buffer","buffer",80646109
"buffer","buffer","buffer","buffer","buffer","buffer","buffer","buffer","buffer","buffer",80658204
"buffer","buffer","buffer","buffer","buffer","buffer","buffer","buffer","buffer","buffer",80670206
"buffer","buffer","buffer","buffer","buffer","buffer","buffer","buffer","buffer","buffer",80682168
"buffer","buffer","buffer","buffer","buffer","buffer","buffer","buffer","buffer","buffer",80694302
"buffer","buffer","buffer","buffer","buffer","buffer","buffer","buffer","buffer","buffer",80706402
"buffer","buffer","buffer","buffer","buffer","buffer","buffer","buffer","buffer","buffer",80718467
"buffer","buffer","buffer","buffer","buffer","buffer","buffer","buffer","buffer","buffer",80730554
"buffer","buffer","buffer","buffer","buffer","buffer","buffer","buffer","buffer","buffer",80742363
"buffer","buffer","buffer","buffer","buffer","buffer","buffer","buffer","buffer","buffer",80754313
"buffer","buffer","buffer","buffer","buffer","buffer","buffer","buffer","buffer","buffer",80766639
"buffer","buffer","buffer","buffer","buffer","buffer","buffer","buffer","buffer","buffer",80778810
"buffer","buffer","buffer","buffer","buffer","buffer","buffer","buffer","buffer","buffer",80790609
"buffer","buffer","buffer","buffer","buffer","buffer","buffer","buffer","buffer","buffer",80802810
"buffer","buffer","buffer","buffer","buffer","buffer","buffer","buffer","buffer","buffer",80814777
"buffer","buffer","buffer","buffer","buffer","buffer","buffer","buffer","buffer","buffer",80826826
"buffer","buffer","buffer","buffer","buffer","buffer","buffer","buffer","buffer","buffer",80838674
"buffer","buffer","buffer","buffer","buffer","buffer","buffer","buffer","buffer","buffer",80850882
"buffer","buffer","buffer","buffer","buffer","buffer","buffer","buffer","buffer","buffer",80862992
"buffer","buffer","buffer","buffer","buffer","buffer","buffer","buffer","buffer","buffer",80874895
"buffer","buffer","buffer","buffer","buffer","buffer","buffer","buffer","buffer","buffer",80887124
"buffer","buffer","buffer","buffer","buffer","buffer","buffer","buffer","buffer","buffer",80899231
"buffer","buffer","buffer","buffer","buffer","buffer","buffer","buffer","buffer","buffer",80911070
"buffer","buffer","buffer","buffer","buffer","buffer","buffer","buffer","buffer","buffer",80923141
"buffer","buffer","buffer","buffer","buffer","buffer","buffer","buffer","buffer","buffer",80935223
"buffer","buffer","buffer","buffer","buffer","buffer","buffer","buffer","buffer","buffer",80947006
"buffer","buffer","buffer","buffer","buffer","buffer","buffer","buffer","buffer","buffer",80959171
"buffer","buffer","buffer","buffer","buffer","buffer","buffer","buffer","buffer","buffer",80971408
"buffer","buffer","buffer","buffer","buffer","buffer","buffer","buffer","buffer","buffer",80983317
"buffer","buffer","buffer","buffer","buffer","buffer","buffer","buffer","buffer","buffer",80995506
"buffer","buffer","buffer","buffer","buffer","buffer","buffer","buffer","buffer","buffer",81007309
"buffer","buffer","buffer","buffer","buffer","buffer","buffer","buffer","buffer","buffer",81019380
"buffer","buffer","buffer","buffer","buffer","buffer","buffer","buffer","buffer","buffer",81031457
"buffer","buffer","buffer","buffer","buffer","buffer","buffer","buffer","buffer","buffer",81043481
"buffer","buffer","buffer","buffer","buffer","buffer","buffer","buffer","buffer","buffer",81055728
"buffer","buffer","buffer","buffer","buffer","buffer","buffer","buffer","buffer","buffer",81067701
"buffer","buffer","buffer","buffer","buffer","buffer","buffer","buffer","buffer","buffer",81079775
"buffer","buffer","buffer","buffer","buffer","buffer","buffer","buffer","buffer","buffer",81091878
"buffer","buffer","buffer","buffer","buffer","buffer","buffer","buffer","buffer","buffer",81103736
"buffer","buffer","buffer","buffer","buffer","buffer","buffer","buffer","buffer","buffer",81115914
"buffer","buffer","buffer","buffer","buffer","buffer","buffer","buffer","buffer","buffer",81127934
"buffer","buffer","buffer","buffer","buffer","buffer","buffer","buffer","buffer","buffer",81140059
"buffer","buffer","buffer","buffer","buffer","buffer","buffer","buffer","buffer","buffer",81152108
"buffer","buffer","buffer","buffer","buffer","buffer","buffer","buffer","buffer","buffer",81164107
"buffer","buffer","buffer","buffer","buffer","buffer","buffer","buffer","buffer","buffer",81176164
"buffer","buffer","buffer","buffer","buffer","buffer","buffer","buffer","buffer","buffer",81188474
"buffer","buffer","buffer","buffer","buffer","buffer","buffer","buffer","buffer","buffer",81200152
"buffer","buffer","buffer","buffer","buffer","buffer","buffer","buffer","buffer","buffer",81212085
"buffer","buffer","buffer","buffer","buffer","buffer","buffer","buffer","buffer","buffer",81224273
"buffer","buffer","buffer","buffer","buffer","buffer","buffer","buffer","buffer","buffer",81236488
"buffer","buffer","buffer","buffer","buffer","buffer","buffer","buffer","buffer","buffer",81248472
"buffer","buffer","buffer","buffer","buffer","buffer","buffer","buffer","buffer","buffer",81260269
"buffer","buffer","buffer","buffer","buffer","buffer","buffer","buffer","buffer","buffer",81272477
"buffer","buffer","buffer","buffer","buffer","buffer","buffer","buffer","buffer","buffer",81284490
"buffer","buffer","buffer","buffer","buffer","buffer","buffer","buffer","buffer","buffer",81296421
"buffer","buffer","buffer","buffer","buffer","buffer","buffer","buffer","buffer","buffer",81308600
"buffer","buffer","buffer","buffer","buffer","buffer","buffer","buffer","buffer","buffer",81320840
"buffer","buffer","buffer","buffer","buffer","buffer","buffer","buffer","buffer","buffer",81332951
"buffer","buffer","buffer","buffer","buffer","buffer","buffer","buffer","buffer","buffer",81344821
"buffer","buffer","buffer","buffer","buffer","buffer","buffer","buffer","buffer","buffer",81356636
"buffer","buffer","buffer","buffer","buffer","buffer","buffer","buffer","buffer","buffer",81369028
"buffer","buffer","buffer","buffer","buffer","buffer","buffer","buffer","buffer","buffer",81380877
"buffer","buffer","buffer","buffer","buffer","buffer","buffer","buffer","buffer","buffer",81392725
"buffer","buffer","buffer","buffer","buffer","buffer","buffer","buffer","buffer","buffer",81405069
"buffer","buffer","buffer","buffer","buffer","buffer","buffer","buffer","buffer","buffer",81417195
"buffer","buffer","buffer","buffer","buffer","buffer","buffer","buffer","buffer","buffer",81429037
"buffer","buffer","buffer","buffer","buffer","buffer","buffer","buffer","buffer","buffer",81441134
"buffer","buffer","buffer","buffer","buffer","buffer","buffer","buffer","buffer","buffer",81453176
"buffer","buffer","buffer","buffer","buffer","buffer","buffer","buffer","buffer","buffer",81465141
"buffer","buffer","buffer","buffer","buffer","buffer","buffer","buffer","buffer","buffer",81477567
"buffer","buffer","buffer","buffer","buffer","buffer","buffer","buffer","buffer","buffer",81489344
"buffer","buffer","buffer","buffer","buffer","buffer","buffer","buffer","buffer","buffer",81501263
"buffer","buffer","buffer","buffer","buffer","buffer","buffer","buffer","buffer","buffer",81513399
"buffer","buffer","buffer","buffer","buffer","buffer","buffer","buffer","buffer","buffer",81525333
"buffer","buffer","buffer","buffer","buffer","buffer","buffer","buffer","buffer","buffer",81537295
"buffer","buffer","buffer","buffer","buffer","buffer","buffer","buffer","buffer","buffer",81549739
"buffer","buffer","buffer","buffer","buffer","buffer","buffer","buffer","buffer","buffer",81561752
"buffer","buffer","buffer","buffer","buffer","buffer","buffer","buffer","buffer","buffer",81573768
"buffer","buffer","buffer","buffer","buffer","buffer","buffer","buffer","buffer","buffer",81585569
"buffer","buffer","buffer","buffer","buffer","buffer","buffer","buffer","buffer","buffer",81597705
"buffer","buffer","buffer","buffer","buffer","buffer","buffer","buffer","buffer","buffer",81609810
"buffer","buffer","buffer","buffer","buffer","buffer","buffer","buffer","buffer","buffer",81621831
"buffer","buffer","buffer","buffer","buffer","buffer","buffer","buffer","buffer","buffer",81633896
"buffer","buffer","buffer","buffer","buffer","buffer","buffer","buffer","buffer","buffer",81645862
"buffer","buffer","buffer","buffer","buffer","buffer","buffer","buffer","buffer","buffer",81658037
"buffer","buffer","buffer","buffer","buffer","buffer","buffer","buffer","buffer","buffer",81669965
"buffer","buffer","buffer","buffer","buffer","buffer","buffer","buffer","buffer","buffer",81681995
"buffer","buffer","buffer","buffer","buffer","buffer","buffer","buffer","buffer","buffer",81693959
"buffer","buffer","buffer","buffer","buffer","buffer","buffer","buffer","buffer","buffer",81706110
"buffer","buffer","buffer","buffer","buffer","buffer","buffer","buffer","buffer","buffer",81718047
"buffer","buffer","buffer","buffer","buffer","buffer","buffer","buffer","buffer","buffer",81730016
"buffer","buffer","buffer","buffer","buffer","buffer","buffer","buffer","buffer","buffer",81742313
"buffer","buffer","buffer","buffer","buffer","buffer","buffer","buffer","buffer","buffer",81754431
"buffer","buffer","buffer","buffer","buffer","buffer","buffer","buffer","buffer","buffer",81766440
"buffer","buffer","buffer","buffer","buffer","buffer","buffer","buffer","buffer","buffer",81778515
"buffer","buffer","buffer","buffer","buffer","buffer","buffer","buffer","buffer","buffer",81790474
"buffer","buffer","buffer","buffer","buffer","buffer","buffer","buffer","buffer","buffer",81802445
"buffer","buffer","buffer","buffer","buffer","buffer","buffer","buffer","buffer","buffer",81814634
"buffer","buffer","buffer","buffer","buffer","buffer","buffer","buffer","buffer","buffer",81826821
"buffer","buffer","buffer","buffer","buffer","buffer","buffer","buffer","buffer","buffer",81838708
"buffer","buffer","buffer","buffer","buffer","buffer","buffer","buffer","buffer","buffer",81850727
"buffer","buffer","buffer","buffer","buffer","buffer","buffer","buffer","buffer","buffer",81862537
"buffer","buffer","buffer","buffer","buffer","buffer","buffer","buffer","buffer","buffer",81874669
"buffer","buffer","buffer","buffer","buffer","buffer","buffer","buffer","buffer","buffer",81886890
"buffer","buffer","buffer","buffer","buffer","buffer","buffer","buffer","buffer","buffer",81898900
"buffer","buffer","buffer","buffer","buffer","buffer","buffer","buffer","buffer","buffer",81910914
"buffer","buffer","buffer","buffer","buffer","buffer","buffer","buffer","buffer","buffer",81923077
"buffer","buffer","buffer","buffer","buffer","buffer","buffer","buffer","buffer","buffer",81934871
"buffer","buffer","buffer","buffer","buffer","buffer","buffer","buffer","buffer","buffer",81947078
"buffer","buffer","buffer","buffer","buffer","buffer","buffer","buffer","buffer","buffer",81959069
"buffer","buffer","buffer","buffer","buffer","buffer","buffer","buffer","buffer","buffer",81971318
"buffer","buffer","buffer","buffer","buffer","buffer","buffer","buffer","buffer","buffer",81983121
"buffer","buffer","buffer","buffer","buffer","buffer","buffer","buffer","buffer","buffer",81995049
"buffer","buffer","buffer","buffer","buffer","buffer","buffer","buffer","buffer","buffer",82007401
"buffer","buffer","buffer","buffer","buffer","buffer","buffer","buffer","buffer","buffer",82019476
"buffer","buffer","buffer","buffer","buffer","buffer","buffer","buffer","buffer","buffer",82031527
"buffer","buffer","buffer","buffer","buffer","buffer","buffer","buffer","buffer","buffer",82043497
"buffer","buffer","buffer","buffer","buffer","buffer","buffer","buffer","buffer","buffer",82055402
"buffer","buffer","buffer","buffer","buffer","buffer","buffer","buffer","buffer","buffer",82067478
"buffer","buffer","buffer","buffer","buffer","buffer","buffer","buffer","buffer","buffer",82079571
"buffer","buffer","buffer","buffer","buffer","buffer","buffer","buffer","buffer","buffer",82091419
"buffer","buffer","buffer","buffer","buffer","buffer","buffer","buffer","buffer","buffer",82103658
"buffer","buffer","buffer","buffer","buffer","buffer","buffer","buffer","buffer","buffer",82115734
"buffer","buffer","buffer","buffer","buffer","buffer","buffer","buffer","buffer","buffer",82127841
"buffer","buffer","buffer","buffer","buffer","buffer","buffer","buffer","buffer","buffer",82139795
"buffer","buffer","buffer","buffer","buffer","buffer","buffer","buffer","buffer","buffer",82151953
"buffer","buffer","buffer","buffer","buffer","buffer","buffer","buffer","buffer","buffer",82163787
"buffer","buffer","buffer","buffer","buffer","buffer","buffer","buffer","buffer","buffer",82175809
"buffer","buffer","buffer","buffer","buffer","buffer","buffer","buffer","buffer","buffer",82188048
"buffer","buffer","buffer","buffer","buffer","buffer","buffer","buffer","buffer","buffer",82199990
"buffer","buffer","buffer","buffer","buffer","buffer","buffer","buffer","buffer","buffer",82211997
"buffer","buffer","buffer","buffer","buffer","buffer","buffer","buffer","buffer","buffer",82224181
"buffer","buffer","buffer","buffer","buffer","buffer","buffer","buffer","buffer","buffer",82236357
"buffer","buffer","buffer","buffer","buffer","buffer","buffer","buffer","buffer","buffer",82248125
"buffer","buffer","buffer","buffer","buffer","buffer","buffer","buffer","buffer","buffer",82260456
"buffer","buffer","buffer","buffer","buffer","buffer","buffer","buffer","buffer","buffer",82272291
"buffer","buffer","buffer","buffer","buffer","buffer","buffer","buffer","buffer","buffer",82284579
"buffer","buffer","buffer","buffer","buffer","buffer","buffer","buffer","buffer","buffer",82296334
"buffer","buffer","buffer","buffer","buffer","buffer","buffer","buffer","buffer","buffer",82308659
"buffer","buffer","buffer","buffer","buffer","buffer","buffer","buffer","buffer","buffer",82320422
"buffer","buffer","buffer","buffer","buffer","buffer","buffer","buffer","buffer","buffer",82332514
"buffer","buffer","buffer","buffer","buffer","buffer","buffer","buffer","buffer","buffer",82344538
"buffer","buffer","buffer","buffer","buffer","buffer","buffer","buffer","buffer","buffer",82356610
"buffer","buffer","buffer","buffer","buffer","buffer","buffer","buffer","buffer","buffer",82368743
"buffer","buffer","buffer","buffer","buffer","buffer","buffer","buffer","buffer","buffer",82380714
"buffer","buffer","buffer","buffer","buffer","buffer","buffer","buffer","buffer","buffer",82392764
"buffer","buffer","buffer","buffer","buffer","buffer","buffer","buffer","buffer","buffer",82404771
"buffer","buffer","buffer","buffer","buffer","buffer","buffer","buffer","buffer","buffer",82416840
"buffer","buffer","buffer","buffer","buffer","buffer","buffer","buffer","buffer","buffer",82428921
"buffer","buffer","buffer","buffer","buffer","buffer","buffer","buffer","buffer","buffer",82440911
"buffer","buffer","buffer","buffer","buffer","buffer","buffer","buffer","buffer","buffer",82452802
"buffer","buffer","buffer","buffer","buffer","buffer","buffer","buffer","buffer","buffer",82465051
"buffer","buffer","buffer","buffer","buffer","buffer","buffer","buffer","buffer","buffer",82477130
"buffer","buffer","buffer","buffer","buffer","buffer","buffer","buffer","buffer","buffer",82488997
"buffer","buffer","buffer","buffer","buffer","buffer","buffer","buffer","buffer","buffer",82501048
"buffer","buffer","buffer","buffer","buffer","buffer","buffer","buffer","buffer","buffer",82513226
"buffer","buffer","buffer","buffer","buffer","buffer","buffer","buffer","buffer","buffer",82525271
"buffer","buffer","buffer","buffer","buffer","buffer","buffer","buffer","buffer","buffer",82537271
"buffer","buffer","buffer","buffer","buffer","buffer","buffer","buffer","buffer","buffer",82549192
"buffer","buffer","buffer","buffer","buffer","buffer","buffer","buffer","buffer","buffer",82561375
"buffer","buffer","buffer","buffer","buffer","buffer","buffer","buffer","buffer","buffer",82573276
"buffer","buffer","buffer","buffer","buffer","buffer","buffer","buffer","buffer","buffer",82585606
"buffer","buffer","buffer","buffer","buffer","buffer","buffer","buffer","buffer","buffer",82597566
"buffer","buffer","buffer","buffer","buffer","buffer","buffer","buffer","buffer","buffer",82609668
"buffer","buffer","buffer","buffer","buffer","buffer","buffer","buffer","buffer","buffer",82621687
"buffer","buffer","buffer","buffer","buffer","buffer","buffer","buffer","buffer","buffer",82633592
"buffer","buffer","buffer","buffer","buffer","buffer","buffer","buffer","buffer","buffer",82645739
"buffer","buffer","buffer","buffer","buffer","buffer","buffer","buffer","buffer","buffer",82657750
"buffer","buffer","buffer","buffer","buffer","buffer","buffer","buffer","buffer","buffer",82669676
"buffer","buffer","buffer","buffer","buffer","buffer","buffer","buffer","buffer","buffer",82681697
"buffer","buffer","buffer","buffer","buffer","buffer","buffer","buffer","buffer","buffer",82693977
"buffer","buffer","buffer","buffer","buffer","buffer","buffer","buffer","buffer","buffer",82706046
"buffer","buffer","buffer","buffer","buffer","buffer","buffer","buffer","buffer","buffer",82717961
"buffer","buffer","buffer","buffer","buffer","buffer","buffer","buffer","buffer","buffer",82729907
"buffer","buffer","buffer","buffer","buffer","buffer","buffer","buffer","buffer","buffer",82742075
"buffer","buffer","buffer","buffer","buffer","buffer","buffer","buffer","buffer","buffer",82754267
"buffer","buffer","buffer","buffer","buffer","buffer","buffer","buffer","buffer","buffer",82766246
"buffer","buffer","buffer","buffer","buffer","buffer","buffer","buffer","buffer","buffer",82778231
"buffer","buffer","buffer","buffer","buffer","buffer","buffer","buffer","buffer","buffer",82790250
"buffer","buffer","buffer","buffer","buffer","buffer","buffer","buffer","buffer","buffer",82802312
"buffer","buffer","buffer","buffer","buffer","buffer","buffer","buffer","buffer","buffer",82814367
"buffer","buffer","buffer","buffer","buffer","buffer","buffer","buffer","buffer","buffer",82826397
"buffer","buffer","buffer","buffer","buffer","buffer","buffer","buffer","buffer","buffer",82838255
"buffer","buffer","buffer","buffer","buffer","buffer","buffer","buffer","buffer","buffer",82850602
"buffer","buffer","buffer","buffer","buffer","buffer","buffer","buffer","buffer","buffer",82862367
"buffer","buffer","buffer","buffer","buffer","buffer","buffer","buffer","buffer","buffer",82874686
"buffer","buffer","buffer","buffer","buffer","buffer","buffer","buffer","buffer","buffer",82886642
"buffer","buffer","buffer","buffer","buffer","buffer","buffer","buffer","buffer","buffer",82898667
"buffer","buffer","buffer","buffer","buffer","buffer","buffer","buffer","buffer","buffer",82910646
"buffer","buffer","buffer","buffer","buffer","buffer","buffer","buffer","buffer","buffer",82922821
"buffer","buffer","buffer","buffer","buffer","buffer","buffer","buffer","buffer","buffer",82934902
"buffer","buffer","buffer","buffer","buffer","buffer","buffer","buffer","buffer","buffer",82946761
"buffer","buffer","buffer","buffer","buffer","buffer","buffer","buffer","buffer","buffer",82959114
"buffer","buffer","buffer","buffer","buffer","buffer","buffer","buffer","buffer","buffer",82970826
"buffer","buffer","buffer","buffer","buffer","buffer","buffer","buffer","buffer","buffer",82982862
"buffer","buffer","buffer","buffer","buffer","buffer","buffer","buffer","buffer","buffer",82995213
"buffer","buffer","buffer","buffer","buffer","buffer","buffer","buffer","buffer","buffer",83007097
"buffer","buffer","buffer","buffer","buffer","buffer","buffer","buffer","buffer","buffer",83019211
"buffer","buffer","buffer","buffer","buffer","buffer","buffer","buffer","buffer","buffer",83030991
"buffer","buffer","buffer","buffer","buffer","buffer","buffer","buffer","buffer","buffer",83043202
"buffer","buffer","buffer","buffer","buffer","buffer","buffer","buffer","buffer","buffer",83055255
"buffer","buffer","buffer","buffer","buffer","buffer","buffer","buffer","buffer","buffer",83067285
"buffer","buffer","buffer","buffer","buffer","buffer","buffer","buffer","buffer","buffer",83079398
"buffer","buffer","buffer","buffer","buffer","buffer","buffer","buffer","buffer","buffer",83091593
"buffer","buffer","buffer","buffer","buffer","buffer","buffer","buffer","buffer","buffer",83103258
"buffer","buffer","buffer","buffer","buffer","buffer","buffer","buffer","buffer","buffer",83115586
"buffer","buffer","buffer","buffer","buffer","buffer","buffer","buffer","buffer","buffer",83127449
"buffer","buffer","buffer","buffer","buffer","buffer","buffer","buffer","buffer","buffer",83139611
"buffer","buffer","buffer","buffer","buffer","buffer","buffer","buffer","buffer","buffer",83151506
"buffer","buffer","buffer","buffer","buffer","buffer","buffer","buffer","buffer","buffer",83163697
"buffer","buffer","buffer","buffer","buffer","buffer","buffer","buffer","buffer","buffer",83175585
"buffer","buffer","buffer","buffer","buffer","buffer","buffer","buffer","buffer","buffer",83187733
"buffer","buffer","buffer","buffer","buffer","buffer","buffer","buffer","buffer","buffer",83199725
"buffer","buffer","buffer","buffer","buffer","buffer","buffer","buffer","buffer","buffer",83211833
"buffer","buffer","buffer","buffer","buffer","buffer","buffer","buffer","buffer","buffer",83223995
"buffer","buffer","buffer","buffer","buffer","buffer","buffer","buffer","buffer","buffer",83236147
"buffer","buffer","buffer","buffer","buffer","buffer","buffer","buffer","buffer","buffer",83247845
"buffer","buffer","buffer","buffer","buffer","buffer","buffer","buffer","buffer","buffer",83260049
"buffer","buffer","buffer","buffer","buffer","buffer","buffer","buffer","buffer","buffer",83272024
"buffer","buffer","buffer","buffer","buffer","buffer","buffer","buffer","buffer","buffer",83284158
"buffer","buffer","buffer","buffer","buffer","buffer","buffer","buffer","buffer","buffer",83296417
"buffer","buffer","buffer","buffer","buffer","buffer","buffer","buffer","buffer","buffer",83308241
"buffer","buffer","buffer","buffer","buffer","buffer","buffer","buffer","buffer","buffer",83320288
"buffer","buffer","buffer","buffer","buffer","buffer","buffer","buffer","buffer","buffer",83332433
"buffer","buffer","buffer","buffer","buffer","buffer","buffer","buffer","buffer","buffer",83344376
"buffer","buffer","buffer","buffer","buffer","buffer","buffer","buffer","buffer","buffer",83356400
"buffer","buffer","buffer","buffer","buffer","buffer","buffer","buffer","buffer","buffer",83368510
"buffer","buffer","buffer","buffer","buffer","buffer","buffer","buffer","buffer","buffer",83380621
"buffer","buffer","buffer","buffer","buffer","buffer","buffer","buffer","buffer","buffer",83392661
"buffer","buffer","buffer","buffer","buffer","buffer","buffer","buffer","buffer","buffer",83404537
"buffer","buffer","buffer","buffer","buffer","buffer","buffer","buffer","buffer","buffer",83416551
"buffer","buffer","buffer","buffer","buffer","buffer","buffer","buffer","buffer","buffer",83428853
"buffer","buffer","buffer","buffer","buffer","buffer","buffer","buffer","buffer","buffer",83440632
"buffer","buffer","buffer","buffer","buffer","buffer","buffer","buffer","buffer","buffer",83452619
"buffer","buffer","buffer","buffer","buffer","buffer","buffer","buffer","buffer","buffer",83464814
"buffer","buffer","buffer","buffer","buffer","buffer","buffer","buffer","buffer","buffer",83476810
"buffer","buffer","buffer","buffer","buffer","buffer","buffer","buffer","buffer","buffer",83488732
"buffer","buffer","buffer","buffer","buffer","buffer","buffer","buffer","buffer","buffer",83501051
"buffer","buffer","buffer","buffer","buffer","buffer","buffer","buffer","buffer","buffer",83513110
"buffer","buffer","buffer","buffer","buffer","buffer","buffer","buffer","buffer","buffer",83524987
"buffer","buffer","buffer","buffer","buffer","buffer","buffer","buffer","buffer","buffer",83537050
"buffer","buffer","buffer","buffer","buffer","buffer","buffer","buffer","buffer","buffer",83548994
"buffer","buffer","buffer","buffer","buffer","buffer","buffer","buffer","buffer","buffer",83561113
"buffer","buffer","buffer","buffer","buffer","buffer","buffer","buffer","buffer","buffer",83573136
"buffer","buffer","buffer","buffer","buffer","buffer","buffer","buffer","buffer","buffer",83585307
"buffer","buffer","buffer","buffer","buffer","buffer","buffer","buffer","buffer","buffer",83597409
"buffer","buffer","buffer","buffer","buffer","buffer","buffer","buffer","buffer","buffer",83609358
"buffer","buffer","buffer","buffer","buffer","buffer","buffer","buffer","buffer","buffer",83621500
"buffer","buffer","buffer","buffer","buffer","buffer","buffer","buffer","buffer","buffer",83633418
"buffer","buffer","buffer","buffer","buffer","buffer","buffer","buffer","buffer","buffer",83645241
"buffer","buffer","buffer","buffer","buffer","buffer","buffer","buffer","buffer","buffer",83657408
"buffer","buffer","buffer","buffer","buffer","buffer","buffer","buffer","buffer","buffer",83669740
"buffer","buffer","buffer","buffer","buffer","buffer","buffer","buffer","buffer","buffer",83681533
"buffer","buffer","buffer","buffer","buffer","buffer","buffer","buffer","buffer","buffer",83693681
"buffer","buffer","buffer","buffer","buffer","buffer","buffer","buffer","buffer","buffer",83705781
"buffer","buffer","buffer","buffer","buffer","buffer","buffer","buffer","buffer","buffer",83717827
"buffer","buffer","buffer","buffer","buffer","buffer","buffer","buffer","buffer","buffer",83730045
"buffer","buffer","buffer","buffer","buffer","buffer","buffer","buffer","buffer","buffer",83741873
"buffer","buffer","buffer","buffer","buffer","buffer","buffer","buffer","buffer","buffer",83753837
"buffer","buffer","buffer","buffer","buffer","buffer","buffer","buffer","buffer","buffer",83765869
"buffer","buffer","buffer","buffer","buffer","buffer","buffer","buffer","buffer","buffer",83778174
"buffer","buffer","buffer","buffer","buffer","buffer","buffer","buffer","buffer","buffer",83790171
"buffer","buffer","buffer","buffer","buffer","buffer","buffer","buffer","buffer","buffer",83802124
"buffer","buffer","buffer","buffer","buffer","buffer","buffer","buffer","buffer","buffer",83814108
"buffer","buffer","buffer","buffer","buffer","buffer","buffer","buffer","buffer","buffer",83826181
"buffer","buffer","buffer","buffer","buffer","buffer","buffer","buffer","buffer","buffer",83838136
"buffer","buffer","buffer","buffer","buffer","buffer","buffer","buffer","buffer","buffer",83850148
"buffer","buffer","buffer","buffer","buffer","buffer","buffer","buffer","buffer","buffer",83862420
"buffer","buffer","buffer","buffer","buffer","buffer","buffer","buffer","buffer","buffer",83874335
"buffer","buffer","buffer","buffer","buffer","buffer","buffer","buffer","buffer","buffer",83886382
"buffer","buffer","buffer","buffer","buffer","buffer","buffer","buffer","buffer","buffer",83898414
"buffer","buffer","buffer","buffer","buffer","buffer","buffer","buffer","buffer","buffer",83910454
"buffer","buffer","buffer","buffer","buffer","buffer","buffer","buffer","buffer","buffer",83922443
"buffer","buffer","buffer","buffer","buffer","buffer","buffer","buffer","buffer","buffer",83934711
"buffer","buffer","buffer","buffer","buffer","buffer","buffer","buffer","buffer","buffer",83946657
"buffer","buffer","buffer","buffer","buffer","buffer","buffer","buffer","buffer","buffer",83958801
"buffer","buffer","buffer","buffer","buffer","buffer","buffer","buffer","buffer","buffer",83970635
"buffer","buffer","buffer","buffer","buffer","buffer","buffer","buffer","buffer","buffer",83982875
"buffer","buffer","buffer","buffer","buffer","buffer","buffer","buffer","buffer","buffer",83994905
"buffer","buffer","buffer","buffer","buffer","buffer","buffer","buffer","buffer","buffer",84006790
"buffer","buffer","buffer","buffer","buffer","buffer","buffer","buffer","buffer","buffer",84019034
"buffer","buffer","buffer","buffer","buffer","buffer","buffer","buffer","buffer","buffer",84030823
"buffer","buffer","buffer","buffer","buffer","buffer","buffer","buffer","buffer","buffer",84043031
"buffer","buffer","buffer","buffer","buffer","buffer","buffer","buffer","buffer","buffer",84055013
"buffer","buffer","buffer","buffer","buffer","buffer","buffer","buffer","buffer","buffer",84067207
"buffer","buffer","buffer","buffer","buffer","buffer","buffer","buffer","buffer","buffer",84079291
"buffer","buffer","buffer","buffer","buffer","buffer","buffer","buffer","buffer","buffer",84091247
"buffer","buffer","buffer","buffer","buffer","buffer","buffer","buffer","buffer","buffer",84103116
"buffer","buffer","buffer","buffer","buffer","buffer","buffer","buffer","buffer","buffer",84115205
"buffer","buffer","buffer","buffer","buffer","buffer","buffer","buffer","buffer","buffer",84127280
"buffer","buffer","buffer","buffer","buffer","buffer","buffer","buffer","buffer","buffer",84139297
"buffer","buffer","buffer","buffer","buffer","buffer","buffer","buffer","buffer","buffer",84151464
"buffer","buffer","buffer","buffer","buffer","buffer","buffer","buffer","buffer","buffer",84163390
"buffer","buffer","buffer","buffer","buffer","buffer","buffer","buffer","buffer","buffer",84175467
"buffer","buffer","buffer","buffer","buffer","buffer","buffer","buffer","buffer","buffer",84187660
"buffer","buffer","buffer","buffer","buffer","buffer","buffer","buffer","buffer","buffer",84199621
"buffer","buffer","buffer","buffer","buffer","buffer","buffer","buffer","buffer","buffer",84211679
"buffer","buffer","buffer","buffer","buffer","buffer","buffer","buffer","buffer","buffer",84223557
"buffer","buffer","buffer","buffer","buffer","buffer","buffer","buffer","buffer","buffer",84235735
"buffer","buffer","buffer","buffer","buffer","buffer","buffer","buffer","buffer","buffer",84247850
"buffer","buffer","buffer","buffer","buffer","buffer","buffer","buffer","buffer","buffer",84259858
"buffer","buffer","buffer","buffer","buffer","buffer","buffer","buffer","buffer","buffer",84272169
"buffer","buffer","buffer","buffer","buffer","buffer","buffer","buffer","buffer","buffer",84283989
"buffer","buffer","buffer","buffer","buffer","buffer","buffer","buffer","buffer","buffer",84295831
"buffer","buffer","buffer","buffer","buffer","buffer","buffer","buffer","buffer","buffer",84308068
"buffer","buffer","buffer","buffer","buffer","buffer","buffer","buffer","buffer","buffer",84319902
"buffer","buffer","buffer","buffer","buffer","buffer","buffer","buffer","buffer","buffer",84332085
"buffer","buffer","buffer","buffer","buffer","buffer","buffer","buffer","buffer","buffer",84344229
"buffer","buffer","buffer","buffer","buffer","buffer","buffer","buffer","buffer","buffer",84356116
"buffer","buffer","buffer","buffer","buffer","buffer","buffer","buffer","buffer","buffer",84368141
"buffer","buffer","buffer","buffer","buffer","buffer","buffer","buffer","buffer","buffer",84380177
"buffer","buffer","buffer","buffer","buffer","buffer","buffer","buffer","buffer","buffer",84392480
"buffer","buffer","buffer","buffer","buffer","buffer","buffer","buffer","buffer","buffer",84404262
"buffer","buffer","buffer","buffer","buffer","buffer","buffer","buffer","buffer","buffer",84416332
"buffer","buffer","buffer","buffer","buffer","buffer","buffer","buffer","buffer","buffer",84428417
"buffer","buffer","buffer","buffer","buffer","buffer","buffer","buffer","buffer","buffer",84440556
"buffer","buffer","buffer","buffer","buffer","buffer","buffer","buffer","buffer","buffer",84452448
"buffer","buffer","buffer","buffer","buffer","buffer","buffer","buffer","buffer","buffer",84464713
"buffer","buffer","buffer","buffer","buffer","buffer","buffer","buffer","buffer","buffer",84476794
"buffer","buffer","buffer","buffer","buffer","buffer","buffer","buffer","buffer","buffer",84488521
"buffer","buffer","buffer","buffer","buffer","buffer","buffer","buffer","buffer","buffer",84500817
"buffer","buffer","buffer","buffer","buffer","buffer","buffer","buffer","buffer","buffer",84512822
"buffer","buffer","buffer","buffer","buffer","buffer","buffer","buffer","buffer","buffer",84524733
"buffer","buffer","buffer","buffer","buffer","buffer","buffer","buffer","buffer","buffer",84537122
"buffer","buffer","buffer","buffer","buffer","buffer","buffer","buffer","buffer","buffer",84548883
"buffer","buffer","buffer","buffer","buffer","buffer","buffer","buffer","buffer","buffer",84560897
"buffer","buffer","buffer","buffer","buffer","buffer","buffer","buffer","buffer","buffer",84573095
"buffer","buffer","buffer","buffer","buffer","buffer","buffer","buffer","buffer","buffer",84585005
"buffer","buffer","buffer","buffer","buffer","buffer","buffer","buffer","buffer","buffer",84597232
"buffer","buffer","buffer","buffer","buffer","buffer","buffer","buffer","buffer","buffer",84609047
"buffer","buffer","buffer","buffer","buffer","buffer","buffer","buffer","buffer","buffer",84621100
"buffer","buffer","buffer","buffer","buffer","buffer","buffer","buffer","buffer","buffer",84633169
"buffer","buffer","buffer","buffer","buffer","buffer","buffer","buffer","buffer","buffer",84645424
"buffer","buffer","buffer","buffer","buffer","buffer","buffer","buffer","buffer","buffer",84657391
"buffer","buffer","buffer","buffer","buffer","buffer","buffer","buffer","buffer","buffer",84669505
"buffer","buffer","buffer","buffer","buffer","buffer","buffer","buffer","buffer","buffer",84681398
"buffer","buffer","buffer","buffer","buffer","buffer","buffer","buffer","buffer","buffer",84693452
"buffer","buffer","buffer","buffer","buffer","buffer","buffer","buffer","buffer","buffer",84705682
"buffer","buffer","buffer","buffer","buffer","buffer","buffer","buffer","buffer","buffer",84717542
"buffer","buffer","buffer","buffer","buffer","buffer","buffer","buffer","buffer","buffer",84729622
"buffer","buffer","buffer","buffer","buffer","buffer","buffer","buffer","buffer","buffer",84741804
"buffer","buffer","buffer","buffer","buffer","buffer","buffer","buffer","buffer","buffer",84753715
"buffer","buffer","buffer","buffer","buffer","buffer","buffer","buffer","buffer","buffer",84765820
"buffer","buffer","buffer","buffer","buffer","buffer","buffer","buffer","buffer","buffer",84777837
"buffer","buffer","buffer","buffer","buffer","buffer","buffer","buffer","buffer","buffer",84789871
"buffer","buffer","buffer","buffer","buffer","buffer","buffer","buffer","buffer","buffer",84801726
"buffer","buffer","buffer","buffer","buffer","buffer","buffer","buffer","buffer","buffer",84813946
"buffer","buffer","buffer","buffer","buffer","buffer","buffer","buffer","buffer","buffer",84825939
"buffer","buffer","buffer","buffer","buffer","buffer","buffer","buffer","buffer","buffer",84838122
"buffer","buffer","buffer","buffer","buffer","buffer","buffer","buffer","buffer","buffer",84849893
"buffer","buffer","buffer","buffer","buffer","buffer","buffer","buffer","buffer","buffer",84862145
"buffer","buffer","buffer","buffer","buffer","buffer","buffer","buffer","buffer","buffer",84874182
"buffer","buffer","buffer","buffer","buffer","buffer","buffer","buffer","buffer","buffer",84886209
"buffer","buffer","buffer","buffer","buffer","buffer","buffer","buffer","buffer","buffer",84898080
"buffer","buffer","buffer","buffer","buffer","buffer","buffer","buffer","buffer","buffer",84910274
"buffer","buffer","buffer","buffer","buffer","buffer","buffer","buffer","buffer","buffer",84922330
"buffer","buffer","buffer","buffer","buffer","buffer","buffer","buffer","buffer","buffer",84934360
"buffer","buffer","buffer","buffer","buffer","buffer","buffer","buffer","buffer","buffer",84946564
"buffer","buffer","buffer","buffer","buffer","buffer","buffer","buffer","buffer","buffer",84958487
"buffer","buffer","buffer","buffer","buffer","buffer","buffer","buffer","buffer","buffer",84970470
"buffer","buffer","buffer","buffer","buffer","buffer","buffer","buffer","buffer","buffer",84982427
"buffer","buffer","buffer","buffer","buffer","buffer","buffer","buffer","buffer","buffer",84994532
"buffer","buffer","buffer","buffer","buffer","buffer","buffer","buffer","buffer","buffer",85006756
"buffer","buffer","buffer","buffer","buffer","buffer","buffer","buffer","buffer","buffer",85018638
"buffer","buffer","buffer","buffer","buffer","buffer","buffer","buffer","buffer","buffer",85030690
"buffer","buffer","buffer","buffer","buffer","buffer","buffer","buffer","buffer","buffer",85042761
"buffer","buffer","buffer","buffer","buffer","buffer","buffer","buffer","buffer","buffer",85054632
"buffer","buffer","buffer","buffer","buffer","buffer","buffer","buffer","buffer","buffer",85067108
"buffer","buffer","buffer","buffer","buffer","buffer","buffer","buffer","buffer","buffer",85078867
"buffer","buffer","buffer","buffer","buffer","buffer","buffer","buffer","buffer","buffer",85090928
"buffer","buffer","buffer","buffer","buffer","buffer","buffer","buffer","buffer","buffer",85103096
"buffer","buffer","buffer","buffer","buffer","buffer","buffer","buffer","buffer","buffer",85114926
"buffer","buffer","buffer","buffer","buffer","buffer","buffer","buffer","buffer","buffer",85127166
"buffer","buffer","buffer","buffer","buffer","buffer","buffer","buffer","buffer","buffer",85139068
"buffer","buffer","buffer","buffer","buffer","buffer","buffer","buffer","buffer","buffer",85151164
"buffer","buffer","buffer","buffer","buffer","buffer","buffer","buffer","buffer","buffer",85163157
"buffer","buffer","buffer","buffer","buffer","buffer","buffer","buffer","buffer","buffer",85175339
"buffer","buffer","buffer","buffer","buffer","buffer","buffer","buffer","buffer","buffer",85187392
"buffer","buffer","buffer","buffer","buffer","buffer","buffer","buffer","buffer","buffer",85199148
"buffer","buffer","buffer","buffer","buffer","buffer","buffer","buffer","buffer","buffer",85211559
"buffer","buffer","buffer","buffer","buffer","buffer","buffer","buffer","buffer","buffer",85223488
"buffer","buffer","buffer","buffer","buffer","buffer","buffer","buffer","buffer","buffer",85235675
"buffer","buffer","buffer","buffer","buffer","buffer","buffer","buffer","buffer","buffer",85247467
"buffer","buffer","buffer","buffer","buffer","buffer","buffer","buffer","buffer","buffer",85259736
"buffer","buffer","buffer","buffer","buffer","buffer","buffer","buffer","buffer","buffer",85271841
"buffer","buffer","buffer","buffer","buffer","buffer","buffer","buffer","buffer","buffer",85283831
"buffer","buffer","buffer","buffer","buffer","buffer","buffer","buffer","buffer","buffer",85295621
"buffer","buffer","buffer","buffer","buffer","buffer","buffer","buffer","buffer","buffer",85307713
"buffer","buffer","buffer","buffer","buffer","buffer","buffer","buffer","buffer","buffer",85319862
"buffer","buffer","buffer","buffer","buffer","buffer","buffer","buffer","buffer","buffer",85331953
"buffer","buffer","buffer","buffer","buffer","buffer","buffer","buffer","buffer","buffer",85343889
"buffer","buffer","buffer","buffer","buffer","buffer","buffer","buffer","buffer","buffer",85356266
"buffer","buffer","buffer","buffer","buffer","buffer","buffer","buffer","buffer","buffer",85368143
"buffer","buffer","buffer","buffer","buffer","buffer","buffer","buffer","buffer","buffer",85379992
"buffer","buffer","buffer","buffer","buffer","buffer","buffer","buffer","buffer","buffer",85392147
"buffer","buffer","buffer","buffer","buffer","buffer","buffer","buffer","buffer","buffer",85404234
"buffer","buffer","buffer","buffer","buffer","buffer","buffer","buffer","buffer","buffer",85416331
"buffer","buffer","buffer","buffer","buffer","buffer","buffer","buffer","buffer","buffer",85428334
"buffer","buffer","buffer","buffer","buffer","buffer","buffer","buffer","buffer","buffer",85440234
"buffer","buffer","buffer","buffer","buffer","buffer","buffer","buffer","buffer","buffer",85452404
"buffer","buffer","buffer","buffer","buffer","buffer","buffer","buffer","buffer","buffer",85464400
"buffer","buffer","buffer","buffer","buffer","buffer","buffer","buffer","buffer","buffer",85476598
"buffer","buffer","buffer","buffer","buffer","buffer","buffer","buffer","buffer","buffer",85488455
"buffer","buffer","buffer","buffer","buffer","buffer","buffer","buffer","buffer","buffer",85500532
"buffer","buffer","buffer","buffer","buffer","buffer","buffer","buffer","buffer","buffer",85512559
"buffer","buffer","buffer","buffer","buffer","buffer","buffer","buffer","buffer","buffer",85524575
"buffer","buffer","buffer","buffer","buffer","buffer","buffer","buffer","buffer","buffer",85536726
"buffer","buffer","buffer","buffer","buffer","buffer","buffer","buffer","buffer","buffer",85548684
"buffer","buffer","buffer","buffer","buffer","buffer","buffer","buffer","buffer","buffer",85560822
"buffer","buffer","buffer","buffer","buffer","buffer","buffer","buffer","buffer","buffer",85572923
"buffer","buffer","buffer","buffer","buffer","buffer","buffer","buffer","buffer","buffer",85584813
"buffer","buffer","buffer","buffer","buffer","buffer","buffer","buffer","buffer","buffer",85596973
"buffer","buffer","buffer","buffer","buffer","buffer","buffer","buffer","buffer","buffer",85608926
"buffer","buffer","buffer","buffer","buffer","buffer","buffer","buffer","buffer","buffer",85620887
"buffer","buffer","buffer","buffer","buffer","buffer","buffer","buffer","buffer","buffer",85633067
"buffer","buffer","buffer","buffer","buffer","buffer","buffer","buffer","buffer","buffer",85645024
"buffer","buffer","buffer","buffer","buffer","buffer","buffer","buffer","buffer","buffer",85657139
"buffer","buffer","buffer","buffer","buffer","buffer","buffer","buffer","buffer","buffer",85669166
"buffer","buffer","buffer","buffer","buffer","buffer","buffer","buffer","buffer","buffer",85681134
"buffer","buffer","buffer","buffer","buffer","buffer","buffer","buffer","buffer","buffer",85693334
"buffer","buffer","buffer","buffer","buffer","buffer","buffer","buffer","buffer","buffer",85705199
"buffer","buffer","buffer","buffer","buffer","buffer","buffer","buffer","buffer","buffer",85717416
"buffer","buffer","buffer","buffer","buffer","buffer","buffer","buffer","buffer","buffer",85729673
"buffer","buffer","buffer","buffer","buffer","buffer","buffer","buffer","buffer","buffer",85741375
"buffer","buffer","buffer","buffer","buffer","buffer","buffer","buffer","buffer","buffer",85753542
"buffer","buffer","buffer","buffer","buffer","buffer","buffer","buffer","buffer","buffer",85765760
"buffer","buffer","buffer","buffer","buffer","buffer","buffer","buffer","buffer","buffer",85777699
"buffer","buffer","buffer","buffer","buffer","buffer","buffer","buffer","buffer","buffer",85789672
"buffer","buffer","buffer","buffer","buffer","buffer","buffer","buffer","buffer","buffer",85801838
"buffer","buffer","buffer","buffer","buffer","buffer","buffer","buffer","buffer","buffer",85813806
"buffer","buffer","buffer","buffer","buffer","buffer","buffer","buffer","buffer","buffer",85825709
"buffer","buffer","buffer","buffer","buffer","buffer","buffer","buffer","buffer","buffer",85837905
"buffer","buffer","buffer","buffer","buffer","buffer","buffer","buffer","buffer","buffer",85849761
"buffer","buffer","buffer","buffer","buffer","buffer","buffer","buffer","buffer","buffer",85861745
"buffer","buffer","buffer","buffer","buffer","buffer","buffer","buffer","buffer","buffer",85873950
"buffer","buffer","buffer","buffer","buffer","buffer","buffer","buffer","buffer","buffer",85885913
"buffer","buffer","buffer","buffer","buffer","buffer","buffer","buffer","buffer","buffer",85898150
"buffer","buffer","buffer","buffer","buffer","buffer","buffer","buffer","buffer","buffer",85910150
"buffer","buffer","buffer","buffer","buffer","buffer","buffer","buffer","buffer","buffer",85921981
"buffer","buffer","buffer","buffer","buffer","buffer","buffer","buffer","buffer","buffer",85934211
"buffer","buffer","buffer","buffer","buffer","buffer","buffer","buffer","buffer","buffer",85946105
"buffer","buffer","buffer","buffer","buffer","buffer","buffer","buffer","buffer","buffer",85958133
"buffer","buffer","buffer","buffer","buffer","buffer","buffer","buffer","buffer","buffer",85970367
"buffer","buffer","buffer","buffer","buffer","buffer","buffer","buffer","buffer","buffer",85982412
"buffer","buffer","buffer","buffer","buffer","buffer","buffer","buffer","buffer","buffer",85994481
"buffer","buffer","buffer","buffer","buffer","buffer","buffer","buffer","buffer","buffer",86006631
"buffer","buffer","buffer","buffer","buffer","buffer","buffer","buffer","buffer","buffer",86018426
"buffer","buffer","buffer","buffer","buffer","buffer","buffer","buffer","buffer","buffer",86030448
"buffer","buffer","buffer","buffer","buffer","buffer","buffer","buffer","buffer","buffer",86042352
"buffer","buffer","buffer","buffer","buffer","buffer","buffer","buffer","buffer","buffer",86054500
"buffer","buffer","buffer","buffer","buffer","buffer","buffer","buffer","buffer","buffer",86066470
"buffer","buffer","buffer","buffer","buffer","buffer","buffer","buffer","buffer","buffer",86078627
"buffer","buffer","buffer","buffer","buffer","buffer","buffer","buffer","buffer","buffer",86090671
"buffer","buffer","buffer","buffer","buffer","buffer","buffer","buffer","buffer","buffer",86102728
"buffer","buffer","buffer","buffer","buffer","buffer","buffer","buffer","buffer","buffer",86114924
"buffer","buffer","buffer","buffer","buffer","buffer","buffer","buffer","buffer","buffer",86126996
"buffer","buffer","buffer","buffer","buffer","buffer","buffer","buffer","buffer","buffer",86138766
"buffer","buffer","buffer","buffer","buffer","buffer","buffer","buffer","buffer","buffer",86150981
"buffer","buffer","buffer","buffer","buffer","buffer","buffer","buffer","buffer","buffer",86163117
"buffer","buffer","buffer","buffer","buffer","buffer","buffer","buffer","buffer","buffer",86175185
"buffer","buffer","buffer","buffer","buffer","buffer","buffer","buffer","buffer","buffer",86187145
"buffer","buffer","buffer","buffer","buffer","buffer","buffer","buffer","buffer","buffer",86199119
"buffer","buffer","buffer","buffer","buffer","buffer","buffer","buffer","buffer","buffer",86211234
"buffer","buffer","buffer","buffer","buffer","buffer","buffer","buffer","buffer","buffer",86223031
"buffer","buffer","buffer","buffer","buffer","buffer","buffer","buffer","buffer","buffer",86235330
"buffer","buffer","buffer","buffer","buffer","buffer","buffer","buffer","buffer","buffer",86247445
"buffer","buffer","buffer","buffer","buffer","buffer","buffer","buffer","buffer","buffer",86259357
"buffer","buffer","buffer","buffer","buffer","buffer","buffer","buffer","buffer","buffer",86271419
"buffer","buffer","buffer","buffer","buffer","buffer","buffer","buffer","buffer","buffer",86283362
"buffer","buffer","buffer","buffer","buffer","buffer","buffer","buffer","buffer","buffer",86295586
"buffer","buffer","buffer","buffer","buffer","buffer","buffer","buffer","buffer","buffer",86307704
"buffer","buffer","buffer","buffer","buffer","buffer","buffer","buffer","buffer","buffer",86319795
"buffer","buffer","buffer","buffer","buffer","buffer","buffer","buffer","buffer","buffer",86331609
"buffer","buffer","buffer","buffer","buffer","buffer","buffer","buffer","buffer","buffer",86343912
"buffer","buffer","buffer","buffer","buffer","buffer","buffer","buffer","buffer","buffer",86355938
"buffer","buffer","buffer","buffer","buffer","buffer","buffer","buffer","buffer","buffer",86367880
"buffer","buffer","buffer","buffer","buffer","buffer","buffer","buffer","buffer","buffer",86379736
"buffer","buffer","buffer","buffer","buffer","buffer","buffer","buffer","buffer","buffer",86391846
"buffer","buffer","buffer","buffer","buffer","buffer","buffer","buffer","buffer","buffer",86403979
"buffer","buffer","buffer","buffer","buffer","buffer","buffer","buffer","buffer","buffer",86416102
"buffer","buffer","buffer","buffer","buffer","buffer","buffer","buffer","buffer","buffer",86428063
"buffer","buffer","buffer","buffer","buffer","buffer","buffer","buffer","buffer","buffer",86440129
"buffer","buffer","buffer","buffer","buffer","buffer","buffer","buffer","buffer","buffer",86452245
"buffer","buffer","buffer","buffer","buffer","buffer","buffer","buffer","buffer","buffer",86464297
"buffer","buffer","buffer","buffer","buffer","buffer","buffer","buffer","buffer","buffer",86476285
"buffer","buffer","buffer","buffer","buffer","buffer","buffer","buffer","buffer","buffer",86488251
"buffer","buffer","buffer","buffer","buffer","buffer","buffer","buffer","buffer","buffer",86500283
"buffer","buffer","buffer","buffer","buffer","buffer","buffer","buffer","buffer","buffer",86512466
"buffer","buffer","buffer","buffer","buffer","buffer","buffer","buffer","buffer","buffer",86524484
"buffer","buffer","buffer","buffer","buffer","buffer","buffer","buffer","buffer","buffer",86536502
"buffer","buffer","buffer","buffer","buffer","buffer","buffer","buffer","buffer","buffer",86548551
"buffer","buffer","buffer","buffer","buffer","buffer","buffer","buffer","buffer","buffer",86560743
"buffer","buffer","buffer","buffer","buffer","buffer","buffer","buffer","buffer","buffer",86572757
"buffer","buffer","buffer","buffer","buffer","buffer","buffer","buffer","buffer","buffer",86584601
"buffer","buffer","buffer","buffer","buffer","buffer","buffer","buffer","buffer","buffer",86596681
"buffer","buffer","buffer","buffer","buffer","buffer","buffer","buffer","buffer","buffer",86608706
"buffer","buffer","buffer","buffer","buffer","buffer","buffer","buffer","buffer","buffer",86620926
"buffer","buffer","buffer","buffer","buffer","buffer","buffer","buffer","buffer","buffer",86632872
"buffer","buffer","buffer","buffer","buffer","buffer","buffer","buffer","buffer","buffer",86644749
"buffer","buffer","buffer","buffer","buffer","buffer","buffer","buffer","buffer","buffer",86656934
"buffer","buffer","buffer","buffer","buffer","buffer","buffer","buffer","buffer","buffer",86668782
"buffer","buffer","buffer","buffer","buffer","buffer","buffer","buffer","buffer","buffer",86681007
"buffer","buffer","buffer","buffer","buffer","buffer","buffer","buffer","buffer","buffer",86692982
"buffer","buffer","buffer","buffer","buffer","buffer","buffer","buffer","buffer","buffer",86704853
"buffer","buffer","buffer","buffer","buffer","buffer","buffer","buffer","buffer","buffer",86717334
"buffer","buffer","buffer","buffer","buffer","buffer","buffer","buffer","buffer","buffer",86729269
"buffer","buffer","buffer","buffer","buffer","buffer","buffer","buffer","buffer","buffer",86741460
"buffer","buffer","buffer","buffer","buffer","buffer","buffer","buffer","buffer","buffer",86753322
"buffer","buffer","buffer","buffer","buffer","buffer","buffer","buffer","buffer","buffer",86765422
"buffer","buffer","buffer","buffer","buffer","buffer","buffer","buffer","buffer","buffer",86777422
"buffer","buffer","buffer","buffer","buffer","buffer","buffer","buffer","buffer","buffer",86789405
"buffer","buffer","buffer","buffer","buffer","buffer","buffer","buffer","buffer","buffer",86801552
"buffer","buffer","buffer","buffer","buffer","buffer","buffer","buffer","buffer","buffer",86813700
"buffer","buffer","buffer","buffer","buffer","buffer","buffer","buffer","buffer","buffer",86825491
"buffer","buffer","buffer","buffer","buffer","buffer","buffer","buffer","buffer","buffer",86837655
"buffer","buffer","buffer","buffer","buffer","buffer","buffer","buffer","buffer","buffer",86849576
"buffer","buffer","buffer","buffer","buffer","buffer","buffer","buffer","buffer","buffer",86861646
"buffer","buffer","buffer","buffer","buffer","buffer","buffer","buffer","buffer","buffer",86873871
"buffer","buffer","buffer","buffer","buffer","buffer","buffer","buffer","buffer","buffer",86885763
"buffer","buffer","buffer","buffer","buffer","buffer","buffer","buffer","buffer","buffer",86897855
"buffer","buffer","buffer","buffer","buffer","buffer","buffer","buffer","buffer","buffer",86909974
"buffer","buffer","buffer","buffer","buffer","buffer","buffer","buffer","buffer","buffer",86922076
"buffer","buffer","buffer","buffer","buffer","buffer","buffer","buffer","buffer","buffer",86933977
"buffer","buffer","buffer","buffer","buffer","buffer","buffer","buffer","buffer","buffer",86945949
"buffer","buffer","buffer","buffer","buffer","buffer","buffer","buffer","buffer","buffer",86958234
"buffer","buffer","buffer","buffer","buffer","buffer","buffer","buffer","buffer","buffer",86970116
"buffer","buffer","buffer","buffer","buffer","buffer","buffer","buffer","buffer","buffer",86982161
"buffer","buffer","buffer","buffer","buffer","buffer","buffer","buffer","buffer","buffer",86994211
"buffer","buffer","buffer","buffer","buffer","buffer","buffer","buffer","buffer","buffer",87006148
"buffer","buffer","buffer","buffer","buffer","buffer","buffer","buffer","buffer","buffer",87018335
"buffer","buffer","buffer","buffer","buffer","buffer","buffer","buffer","buffer","buffer",87030284
"buffer","buffer","buffer","buffer","buffer","buffer","buffer","buffer","buffer","buffer",87042332
"buffer","buffer","buffer","buffer","buffer","buffer","buffer","buffer","buffer","buffer",87054360
"buffer","buffer","buffer","buffer","buffer","buffer","buffer","buffer","buffer","buffer",87066265
"buffer","buffer","buffer","buffer","buffer","buffer","buffer","buffer","buffer","buffer",87078583
"buffer","buffer","buffer","buffer","buffer","buffer","buffer","buffer","buffer","buffer",87090579
"buffer","buffer","buffer","buffer","buffer","buffer","buffer","buffer","buffer","buffer",87102619
"buffer","buffer","buffer","buffer","buffer","buffer","buffer","buffer","buffer","buffer",87114603
"buffer","buffer","buffer","buffer","buffer","buffer","buffer","buffer","buffer","buffer",87126712
"buffer","buffer","buffer","buffer","buffer","buffer","buffer","buffer","buffer","buffer",87138845
"buffer","buffer","buffer","buffer","buffer","buffer","buffer","buffer","buffer","buffer",87150849
"buffer","buffer","buffer","buffer","buffer","buffer","buffer","buffer","buffer","buffer",87162941
"buffer","buffer","buffer","buffer","buffer","buffer","buffer","buffer","buffer","buffer",87174896
"buffer","buffer","buffer","buffer","buffer","buffer","buffer","buffer","buffer","buffer",87186798
"buffer","buffer","buffer","buffer","buffer","buffer","buffer","buffer","buffer","buffer",87198907
"buffer","buffer","buffer","buffer","buffer","buffer","buffer","buffer","buffer","buffer",87210994
"buffer","buffer","buffer","buffer","buffer","buffer","buffer","buffer","buffer","buffer",87223240
"buffer","buffer","buffer","buffer","buffer","buffer","buffer","buffer","buffer","buffer",87235005
"buffer","buffer","buffer","buffer","buffer","buffer","buffer","buffer","buffer","buffer",87247189
"buffer","buffer","buffer","buffer","buffer","buffer","buffer","buffer","buffer","buffer",87259292
"buffer","buffer","buffer","buffer","buffer","buffer","buffer","buffer","buffer","buffer",87271200
"buffer","buffer","buffer","buffer","buffer","buffer","buffer","buffer","buffer","buffer",87283286
"buffer","buffer","buffer","buffer","buffer","buffer","buffer","buffer","buffer","buffer",87295442
"buffer","buffer","buffer","buffer","buffer","buffer","buffer","buffer","buffer","buffer",87307599
"buffer","buffer","buffer","buffer","buffer","buffer","buffer","buffer","buffer","buffer",87319317
"buffer","buffer","buffer","buffer","buffer","buffer","buffer","buffer","buffer","buffer",87331493
"buffer","buffer","buffer","buffer","buffer","buffer","buffer","buffer","buffer","buffer",87343562
"buffer","buffer","buffer","buffer","buffer","buffer","buffer","buffer","buffer","buffer",87355425
"buffer","buffer","buffer","buffer","buffer","buffer","buffer","buffer","buffer","buffer",87367650
"buffer","buffer","buffer","buffer","buffer","buffer","buffer","buffer","buffer","buffer",87379866
"buffer","buffer","buffer","buffer","buffer","buffer","buffer","buffer","buffer","buffer",87391787
"buffer","buffer","buffer","buffer","buffer","buffer","buffer","buffer","buffer","buffer",87403909
"buffer","buffer","buffer","buffer","buffer","buffer","buffer","buffer","buffer","buffer",87415824
"buffer","buffer","buffer","buffer","buffer","buffer","buffer","buffer","buffer","buffer",87427843
"buffer","buffer","buffer","buffer","buffer","buffer","buffer","buffer","buffer","buffer",87439684
"buffer","buffer","buffer","buffer","buffer","buffer","buffer","buffer","buffer","buffer",87451986
"buffer","buffer","buffer","buffer","buffer","buffer","buffer","buffer","buffer","buffer",87463910
"buffer","buffer","buffer","buffer","buffer","buffer","buffer","buffer","buffer","buffer",87475984
"buffer","buffer","buffer","buffer","buffer","buffer","buffer","buffer","buffer","buffer",87488242
"buffer","buffer","buffer","buffer","buffer","buffer","buffer","buffer","buffer","buffer",87500133
"buffer","buffer","buffer","buffer","buffer","buffer","buffer","buffer","buffer","buffer",87512195
"buffer","buffer","buffer","buffer","buffer","buffer","buffer","buffer","buffer","buffer",87524215
"buffer","buffer","buffer","buffer","buffer","buffer","buffer","buffer","buffer","buffer",87536351
"buffer","buffer","buffer","buffer","buffer","buffer","buffer","buffer","buffer","buffer",87548471
"buffer","buffer","buffer","buffer","buffer","buffer","buffer","buffer","buffer","buffer",87560164
"buffer","buffer","buffer","buffer","buffer","buffer","buffer","buffer","buffer","buffer",87572426
"buffer","buffer","buffer","buffer","buffer","buffer","buffer","buffer","buffer","buffer",87584490
"buffer","buffer","buffer","buffer","buffer","buffer","buffer","buffer","buffer","buffer",87596506
"buffer","buffer","buffer","buffer","buffer","buffer","buffer","buffer","buffer","buffer",87608692
"buffer","buffer","buffer","buffer","buffer","buffer","buffer","buffer","buffer","buffer",87620583
"buffer","buffer","buffer","buffer","buffer","buffer","buffer","buffer","buffer","buffer",87632434
"buffer","buffer","buffer","buffer","buffer","buffer","buffer","buffer","buffer","buffer",87644747
"buffer","buffer","buffer","buffer","buffer","buffer","buffer","buffer","buffer","buffer",87656624
"buffer","buffer","buffer","buffer","buffer","buffer","buffer","buffer","buffer","buffer",87668647
"buffer","buffer","buffer","buffer","buffer","buffer","buffer","buffer","buffer","buffer",87680779
"buffer","buffer","buffer","buffer","buffer","buffer","buffer","buffer","buffer","buffer",87692804
"buffer","buffer","buffer","buffer","buffer","buffer","buffer","buffer","buffer","buffer",87704908
"buffer","buffer","buffer","buffer","buffer","buffer","buffer","buffer","buffer","buffer",87716900
"buffer","buffer","buffer","buffer","buffer","buffer","buffer","buffer","buffer","buffer",87728898
"buffer","buffer","buffer","buffer","buffer","buffer","buffer","buffer","buffer","buffer",87740931
"buffer","buffer","buffer","buffer","buffer","buffer","buffer","buffer","buffer","buffer",87753021
"buffer","buffer","buffer","buffer","buffer","buffer","buffer","buffer","buffer","buffer",87765041
"buffer","buffer","buffer","buffer","buffer","buffer","buffer","buffer","buffer","buffer",87777218
"buffer","buffer","buffer","buffer","buffer","buffer","buffer","buffer","buffer","buffer",87789185
"buffer","buffer","buffer","buffer","buffer","buffer","buffer","buffer","buffer","buffer",87801312
"buffer","buffer","buffer","buffer","buffer","buffer","buffer","buffer","buffer","buffer",87813349
"buffer","buffer","buffer","buffer","buffer","buffer","buffer","buffer","buffer","buffer",87825522
"buffer","buffer","buffer","buffer","buffer","buffer","buffer","buffer","buffer","buffer",87837399
"buffer","buffer","buffer","buffer","buffer","buffer","buffer","buffer","buffer","buffer",87849386
"buffer","buffer","buffer","buffer","buffer","buffer","buffer","buffer","buffer","buffer",87861633
"buffer","buffer","buffer","buffer","buffer","buffer","buffer","buffer","buffer","buffer",87873404
"buffer","buffer","buffer","buffer","buffer","buffer","buffer","buffer","buffer","buffer",87885665
"buffer","buffer","buffer","buffer","buffer","buffer","buffer","buffer","buffer","buffer",87897835
"buffer","buffer","buffer","buffer","buffer","buffer","buffer","buffer","buffer","buffer",87909683
"buffer","buffer","buffer","buffer","buffer","buffer","buffer","buffer","buffer","buffer",87921750
"buffer","buffer","buffer","buffer","buffer","buffer","buffer","buffer","buffer","buffer",87933843
"buffer","buffer","buffer","buffer","buffer","buffer","buffer","buffer","buffer","buffer",87945767
"buffer","buffer","buffer","buffer","buffer","buffer","buffer","buffer","buffer","buffer",87957922
"buffer","buffer","buffer","buffer","buffer","buffer","buffer","buffer","buffer","buffer",87969952
"buffer","buffer","buffer","buffer","buffer","buffer","buffer","buffer","buffer","buffer",87981850
"buffer","buffer","buffer","buffer","buffer","buffer","buffer","buffer","buffer","buffer",87993820
"buffer","buffer","buffer","buffer","buffer","buffer","buffer","buffer","buffer","buffer",88006047
"buffer","buffer","buffer","buffer","buffer","buffer","buffer","buffer","buffer","buffer",88018181
"buffer","buffer","buffer","buffer","buffer","buffer","buffer","buffer","buffer","buffer",88030071
"buffer","buffer","buffer","buffer","buffer","buffer","buffer","buffer","buffer","buffer",88042074
"buffer","buffer","buffer","buffer","buffer","buffer","buffer","buffer","buffer","buffer",88054398
"buffer","buffer","buffer","buffer","buffer","buffer","buffer","buffer","buffer","buffer",88066383
"buffer","buffer","buffer","buffer","buffer","buffer","buffer","buffer","buffer","buffer",88078230
"buffer","buffer","buffer","buffer","buffer","buffer","buffer","buffer","buffer","buffer",88090349
"buffer","buffer","buffer","buffer","buffer","buffer","buffer","buffer","buffer","buffer",88102383
"buffer","buffer","buffer","buffer","buffer","buffer","buffer","buffer","buffer","buffer",88114579
"buffer","buffer","buffer","buffer","buffer","buffer","buffer","buffer","buffer","buffer",88126601
"buffer","buffer","buffer","buffer","buffer","buffer","buffer","buffer","buffer","buffer",88138539
"buffer","buffer","buffer","buffer","buffer","buffer","buffer","buffer","buffer","buffer",88150621
"buffer","buffer","buffer","buffer","buffer","buffer","buffer","buffer","buffer","buffer",88162799
"buffer","buffer","buffer","buffer","buffer","buffer","buffer","buffer","buffer","buffer",88174741
"buffer","buffer","buffer","buffer","buffer","buffer","buffer","buffer","buffer","buffer",88186924
"buffer","buffer","buffer","buffer","buffer","buffer","buffer","buffer","buffer","buffer",88198729
"buffer","buffer","buffer","buffer","buffer","buffer","buffer","buffer","buffer","buffer",88210972
"buffer","buffer","buffer","buffer","buffer","buffer","buffer","buffer","buffer","buffer",88222665
"buffer","buffer","buffer","buffer","buffer","buffer","buffer","buffer","buffer","buffer",88234909
"buffer","buffer","buffer","buffer","buffer","buffer","buffer","buffer","buffer","buffer",88247026
"buffer","buffer","buffer","buffer","buffer","buffer","buffer","buffer","buffer","buffer",88259058
"buffer","buffer","buffer","buffer","buffer","buffer","buffer","buffer","buffer","buffer",88271296
"buffer","buffer","buffer","buffer","buffer","buffer","buffer","buffer","buffer","buffer",88283037
"buffer","buffer","buffer","buffer","buffer","buffer","buffer","buffer","buffer","buffer",88295320
"buffer","buffer","buffer","buffer","buffer","buffer","buffer","buffer","buffer","buffer",88307285
"buffer","buffer","buffer","buffer","buffer","buffer","buffer","buffer","buffer","buffer",88319237
"buffer","buffer","buffer","buffer","buffer","buffer","buffer","buffer","buffer","buffer",88331283
"buffer","buffer","buffer","buffer","buffer","buffer","buffer","buffer","buffer","buffer",88343354
"buffer","buffer","buffer","buffer","buffer","buffer","buffer","buffer","buffer","buffer",88355237
"buffer","buffer","buffer","buffer","buffer","buffer","buffer","buffer","buffer","buffer",88367340
"buffer","buffer","buffer","buffer","buffer","buffer","buffer","buffer","buffer","buffer",88379487
"buffer","buffer","buffer","buffer","buffer","buffer","buffer","buffer","buffer","buffer",88391452
"buffer","buffer","buffer","buffer","buffer","buffer","buffer","buffer","buffer","buffer",88403485
"buffer","buffer","buffer","buffer","buffer","buffer","buffer","buffer","buffer","buffer",88415602
"buffer","buffer","buffer","buffer","buffer","buffer","buffer","buffer","buffer","buffer",88427768
"buffer","buffer","buffer","buffer","buffer","buffer","buffer","buffer","buffer","buffer",88439833
"buffer","buffer","buffer","buffer","buffer","buffer","buffer","buffer","buffer","buffer",88451892
"buffer","buffer","buffer","buffer","buffer","buffer","buffer","buffer","buffer","buffer",88463826
"buffer","buffer","buffer","buffer","buffer","buffer","buffer","buffer","buffer","buffer",88476009
"buffer","buffer","buffer","buffer","buffer","buffer","buffer","buffer","buffer","buffer",88487797
"buffer","buffer","buffer","buffer","buffer","buffer","buffer","buffer","buffer","buffer",88500056
"buffer","buffer","buffer","buffer","buffer","buffer","buffer","buffer","buffer","buffer",88511976
"buffer","buffer","buffer","buffer","buffer","buffer","buffer","buffer","buffer","buffer",88523990
"buffer","buffer","buffer","buffer","buffer","buffer","buffer","buffer","buffer","buffer",88536222
"buffer","buffer","buffer","buffer","buffer","buffer","buffer","buffer","buffer","buffer",88548211
"buffer","buffer","buffer","buffer","buffer","buffer","buffer","buffer","buffer","buffer",88560067
"buffer","buffer","buffer","buffer","buffer","buffer","buffer","buffer","buffer","buffer",88572152
"buffer","buffer","buffer","buffer","buffer","buffer","buffer","buffer","buffer","buffer",88584190
"buffer","buffer","buffer","buffer","buffer","buffer","buffer","buffer","buffer","buffer",88596212
"buffer","buffer","buffer","buffer","buffer","buffer","buffer","buffer","buffer","buffer",88608293
"buffer","buffer","buffer","buffer","buffer","buffer","buffer","buffer","buffer","buffer",88620384
"buffer","buffer","buffer","buffer","buffer","buffer","buffer","buffer","buffer","buffer",88632500
"buffer","buffer","buffer","buffer","buffer","buffer","buffer","buffer","buffer","buffer",88644329
"buffer","buffer","buffer","buffer","buffer","buffer","buffer","buffer","buffer","buffer",88656547
"buffer","buffer","buffer","buffer","buffer","buffer","buffer","buffer","buffer","buffer",88668580
"buffer","buffer","buffer","buffer","buffer","buffer","buffer","buffer","buffer","buffer",88680594
"buffer","buffer","buffer","buffer","buffer","buffer","buffer","buffer","buffer","buffer",88692646
"buffer","buffer","buffer","buffer","buffer","buffer","buffer","buffer","buffer","buffer",88704753
"buffer","buffer","buffer","buffer","buffer","buffer","buffer","buffer","buffer","buffer",88716771
"buffer","buffer","buffer","buffer","buffer","buffer","buffer","buffer","buffer","buffer",88728836
"buffer","buffer","buffer","buffer","buffer","buffer","buffer","buffer","buffer","buffer",88740756
"buffer","buffer","buffer","buffer","buffer","buffer","buffer","buffer","buffer","buffer",88752907
"buffer","buffer","buffer","buffer","buffer","buffer","buffer","buffer","buffer","buffer",88764972
"buffer","buffer","buffer","buffer","buffer","buffer","buffer","buffer","buffer","buffer",88777069
"buffer","buffer","buffer","buffer","buffer","buffer","buffer","buffer","buffer","buffer",88789080
"buffer","buffer","buffer","buffer","buffer","buffer","buffer","buffer","buffer","buffer",88801110
"buffer","buffer","buffer","buffer","buffer","buffer","buffer","buffer","buffer","buffer",88813109
"buffer","buffer","buffer","buffer","buffer","buffer","buffer","buffer","buffer","buffer",88825026
"buffer","buffer","buffer","buffer","buffer","buffer","buffer","buffer","buffer","buffer",88837141
"buffer","buffer","buffer","buffer","buffer","buffer","buffer","buffer","buffer","buffer",88849202
"buffer","buffer","buffer","buffer","buffer","buffer","buffer","buffer","buffer","buffer",88861273
"buffer","buffer","buffer","buffer","buffer","buffer","buffer","buffer","buffer","buffer",88873237
"buffer","buffer","buffer","buffer","buffer","buffer","buffer","buffer","buffer","buffer",88885421
"buffer","buffer","buffer","buffer","buffer","buffer","buffer","buffer","buffer","buffer",88897377
"buffer","buffer","buffer","buffer","buffer","buffer","buffer","buffer","buffer","buffer",88909730
"buffer","buffer","buffer","buffer","buffer","buffer","buffer","buffer","buffer","buffer",88921458
"buffer","buffer","buffer","buffer","buffer","buffer","buffer","buffer","buffer","buffer",88933722
"buffer","buffer","buffer","buffer","buffer","buffer","buffer","buffer","buffer","buffer",88945753
"buffer","buffer","buffer","buffer","buffer","buffer","buffer","buffer","buffer","buffer",88957606
"buffer","buffer","buffer","buffer","buffer","buffer","buffer","buffer","buffer","buffer",88969820
"buffer","buffer","buffer","buffer","buffer","buffer","buffer","buffer","buffer","buffer",88981856
"buffer","buffer","buffer","buffer","buffer","buffer","buffer","buffer","buffer","buffer",88993885
"buffer","buffer","buffer","buffer","buffer","buffer","buffer","buffer","buffer","buffer",89005896
"buffer","buffer","buffer","buffer","buffer","buffer","buffer","buffer","buffer","buffer",89017713
"buffer","buffer","buffer","buffer","buffer","buffer","buffer","buffer","buffer","buffer",89030108
"buffer","buffer","buffer","buffer","buffer","buffer","buffer","buffer","buffer","buffer",89041993
"buffer","buffer","buffer","buffer","buffer","buffer","buffer","buffer","buffer","buffer",89054053
"buffer","buffer","buffer","buffer","buffer","buffer","buffer","buffer","buffer","buffer",89066154
"buffer","buffer","buffer","buffer","buffer","buffer","buffer","buffer","buffer","buffer",89077990
"buffer","buffer","buffer","buffer","buffer","buffer","buffer","buffer","buffer","buffer",89090198
"buffer","buffer","buffer","buffer","buffer","buffer","buffer","buffer","buffer","buffer",89102216
"buffer","buffer","buffer","buffer","buffer","buffer","buffer","buffer","buffer","buffer",89114205
"buffer","buffer","buffer","buffer","buffer","buffer","buffer","buffer","buffer","buffer",89126292
"buffer","buffer","buffer","buffer","buffer","buffer","buffer","buffer","buffer","buffer",89138287
"buffer","buffer","buffer","buffer","buffer","buffer","buffer","buffer","buffer","buffer",89150386
"buffer","buffer","buffer","buffer","buffer","buffer","buffer","buffer","buffer","buffer",89162556
"buffer","buffer","buffer","buffer","buffer","buffer","buffer","buffer","buffer","buffer",89174263
"buffer","buffer","buffer","buffer","buffer","buffer","buffer","buffer","buffer","buffer",89186561
"buffer","buffer","buffer","buffer","buffer","buffer","buffer","buffer","buffer","buffer",89198396
"buffer","buffer","buffer","buffer","buffer","buffer","buffer","buffer","buffer","buffer",89210634
"buffer","buffer","buffer","buffer","buffer","buffer","buffer","buffer","buffer","buffer",89222789
"buffer","buffer","buffer","buffer","buffer","buffer","buffer","buffer","buffer","buffer",89234766
"buffer","buffer","buffer","buffer","buffer","buffer","buffer","buffer","buffer","buffer",89246767
"buffer","buffer","buffer","buffer","buffer","buffer","buffer","buffer","buffer","buffer",89258743
"buffer","buffer","buffer","buffer","buffer","buffer","buffer","buffer","buffer","buffer",89271011
"buffer","buffer","buffer","buffer","buffer","buffer","buffer","buffer","buffer","buffer",89283078
"buffer","buffer","buffer","buffer","buffer","buffer","buffer","buffer","buffer","buffer",89294888
"buffer","buffer","buffer","buffer","buffer","buffer","buffer","buffer","buffer","buffer",89307017
"buffer","buffer","buffer","buffer","buffer","buffer","buffer","buffer","buffer","buffer",89319182
"buffer","buffer","buffer","buffer","buffer","buffer","buffer","buffer","buffer","buffer",89331089
"buffer","buffer","buffer","buffer","buffer","buffer","buffer","buffer","buffer","buffer",89343052
"buffer","buffer","buffer","buffer","buffer","buffer","buffer","buffer","buffer","buffer",89355368
"buffer","buffer","buffer","buffer","buffer","buffer","buffer","buffer","buffer","buffer",89367141
"buffer","buffer","buffer","buffer","buffer","buffer","buffer","buffer","buffer","buffer",89379434
"buffer","buffer","buffer","buffer","buffer","buffer","buffer","buffer","buffer","buffer",89391424
"buffer","buffer","buffer","buffer","buffer","buffer","buffer","buffer","buffer","buffer",89403404
"buffer","buffer","buffer","buffer","buffer","buffer","buffer","buffer","buffer","buffer",89415472
"buffer","buffer","buffer","buffer","buffer","buffer","buffer","buffer","buffer","buffer",89427597
"buffer","buffer","buffer","buffer","buffer","buffer","buffer","buffer","buffer","buffer",89439521
"buffer","buffer","buffer","buffer","buffer","buffer","buffer","buffer","buffer","buffer",89451493
"buffer","buffer","buffer","buffer","buffer","buffer","buffer","buffer","buffer","buffer",89463533
"buffer","buffer","buffer","buffer","buffer","buffer","buffer","buffer","buffer","buffer",89475861
"buffer","buffer","buffer","buffer","buffer","buffer","buffer","buffer","buffer","buffer",89487700
"buffer","buffer","buffer","buffer","buffer","buffer","buffer","buffer","buffer","buffer",89499781
"buffer","buffer","buffer","buffer","buffer","buffer","buffer","buffer","buffer","buffer",89511709
"buffer","buffer","buffer","buffer","buffer","buffer","buffer","buffer","buffer","buffer",89523925
"buffer","buffer","buffer","buffer","buffer","buffer","buffer","buffer","buffer","buffer",89535845
"buffer","buffer","buffer","buffer","buffer","buffer","buffer","buffer","buffer","buffer",89547957
"buffer","buffer","buffer","buffer","buffer","buffer","buffer","buffer","buffer","buffer",89559873
"buffer","buffer","buffer","buffer","buffer","buffer","buffer","buffer","buffer","buffer",89572057
"buffer","buffer","buffer","buffer","buffer","buffer","buffer","buffer","buffer","buffer",89584058
"buffer","buffer","buffer","buffer","buffer","buffer","buffer","buffer","buffer","buffer",89596075
"buffer","buffer","buffer","buffer","buffer","buffer","buffer","buffer","buffer","buffer",89608111
"buffer","buffer","buffer","buffer","buffer","buffer","buffer","buffer","buffer","buffer",89620147
"buffer","buffer","buffer","buffer","buffer","buffer","buffer","buffer","buffer","buffer",89632203
"buffer","buffer","buffer","buffer","buffer","buffer","buffer","buffer","buffer","buffer",89644356
"buffer","buffer","buffer","buffer","buffer","buffer","buffer","buffer","buffer","buffer",89656319
"buffer","buffer","buffer","buffer","buffer","buffer","buffer","buffer","buffer","buffer",89668293
"buffer","buffer","buffer","buffer","buffer","buffer","buffer","buffer","buffer","buffer",89680452
"buffer","buffer","buffer","buffer","buffer","buffer","buffer","buffer","buffer","buffer",89692365
"buffer","buffer","buffer","buffer","buffer","buffer","buffer","buffer","buffer","buffer",89704535
"buffer","buffer","buffer","buffer","buffer","buffer","buffer","buffer","buffer","buffer",89716651
"buffer","buffer","buffer","buffer","buffer","buffer","buffer","buffer","buffer","buffer",89728781
"buffer","buffer","buffer","buffer","buffer","buffer","buffer","buffer","buffer","buffer",89740622
"buffer","buffer","buffer","buffer","buffer","buffer","buffer","buffer","buffer","buffer",89752685
"buffer","buffer","buffer","buffer","buffer","buffer","buffer","buffer","buffer","buffer",89764626
"buffer","buffer","buffer","buffer","buffer","buffer","buffer","buffer","buffer","buffer",89776902
"buffer","buffer","buffer","buffer","buffer","buffer","buffer","buffer","buffer","buffer",89788812
"buffer","buffer","buffer","buffer","buffer","buffer","buffer","buffer","buffer","buffer",89800917
"buffer","buffer","buffer","buffer","buffer","buffer","buffer","buffer","buffer","buffer",89812885
"buffer","buffer","buffer","buffer","buffer","buffer","buffer","buffer","buffer","buffer",89824972
"buffer","buffer","buffer","buffer","buffer","buffer","buffer","buffer","buffer","buffer",89837085
"buffer","buffer","buffer","buffer","buffer","buffer","buffer","buffer","buffer","buffer",89849064
"buffer","buffer","buffer","buffer","buffer","buffer","buffer","buffer","buffer","buffer",89861073
"buffer","buffer","buffer","buffer","buffer","buffer","buffer","buffer","buffer","buffer",89873032
"buffer","buffer","buffer","buffer","buffer","buffer","buffer","buffer","buffer","buffer",89885298
"buffer","buffer","buffer","buffer","buffer","buffer","buffer","buffer","buffer","buffer",89897181
"buffer","buffer","buffer","buffer","buffer","buffer","buffer","buffer","buffer","buffer",89909332
"buffer","buffer","buffer","buffer","buffer","buffer","buffer","buffer","buffer","buffer",89921407
"buffer","buffer","buffer","buffer","buffer","buffer","buffer","buffer","buffer","buffer",89933355
"buffer","buffer","buffer","buffer","buffer","buffer","buffer","buffer","buffer","buffer",89945417
"buffer","buffer","buffer","buffer","buffer","buffer","buffer","buffer","buffer","buffer",89957595
"buffer","buffer","buffer","buffer","buffer","buffer","buffer","buffer","buffer","buffer",89969481
"buffer","buffer","buffer","buffer","buffer","buffer","buffer","buffer","buffer","buffer",89981636
"buffer","buffer","buffer","buffer","buffer","buffer","buffer","buffer","buffer","buffer",89993599
"buffer","buffer","buffer","buffer","buffer","buffer","buffer","buffer","buffer","buffer",90005728
"buffer","buffer","buffer","buffer","buffer","buffer","buffer","buffer","buffer","buffer",90017647
"buffer","buffer","buffer","buffer","buffer","buffer","buffer","buffer","buffer","buffer",90029753
"buffer","buffer","buffer","buffer","buffer","buffer","buffer","buffer","buffer","buffer",90041757
"buffer","buffer","buffer","buffer","buffer","buffer","buffer","buffer","buffer","buffer",90053867
"buffer","buffer","buffer","buffer","buffer","buffer","buffer","buffer","buffer","buffer",90065805
"buffer","buffer","buffer","buffer","buffer","buffer","buffer","buffer","buffer","buffer",90077898
"buffer","buffer","buffer","buffer","buffer","buffer","buffer","buffer","buffer","buffer",90089809
"buffer","buffer","buffer","buffer","buffer","buffer","buffer","buffer","buffer","buffer",90101991
"buffer","buffer","buffer","buffer","buffer","buffer","buffer","buffer","buffer","buffer",90114065
"buffer","buffer","buffer","buffer","buffer","buffer","buffer","buffer","buffer","buffer",90126068
"buffer","buffer","buffer","buffer","buffer","buffer","buffer","buffer","buffer","buffer",90138139
"buffer","buffer","buffer","buffer","buffer","buffer","buffer","buffer","buffer","buffer",90150288
"buffer","buffer","buffer","buffer","buffer","buffer","buffer","buffer","buffer","buffer",90162190
"buffer","buffer","buffer","buffer","buffer","buffer","buffer","buffer","buffer","buffer",90174183
"buffer","buffer","buffer","buffer","buffer","buffer","buffer","buffer","buffer","buffer",90186223
"buffer","buffer","buffer","buffer","buffer","buffer","buffer","buffer","buffer","buffer",90198394
"buffer","buffer","buffer","buffer","buffer","buffer","buffer","buffer","buffer","buffer",90210509
"buffer","buffer","buffer","buffer","buffer","buffer","buffer","buffer","buffer","buffer",90222409
"buffer","buffer","buffer","buffer","buffer","buffer","buffer","buffer","buffer","buffer",90234729
"buffer","buffer","buffer","buffer","buffer","buffer","buffer","buffer","buffer","buffer",90246482
"buffer","buffer","buffer","buffer","buffer","buffer","buffer","buffer","buffer","buffer",90258641
"buffer","buffer","buffer","buffer","buffer","buffer","buffer","buffer","buffer","buffer",90270591
"buffer","buffer","buffer","buffer","buffer","buffer","buffer","buffer","buffer","buffer",90282847
"buffer","buffer","buffer","buffer","buffer","buffer","buffer","buffer","buffer","buffer",90294657
"buffer","buffer","buffer","buffer","buffer","buffer","buffer","buffer","buffer","buffer",90306851
"buffer","buffer","buffer","buffer","buffer","buffer","buffer","buffer","buffer","buffer",90318910
"buffer","buffer","buffer","buffer","buffer","buffer","buffer","buffer","buffer","buffer",90330935
"buffer","buffer","buffer","buffer","buffer","buffer","buffer","buffer","buffer","buffer",90342915
"buffer","buffer","buffer","buffer","buffer","buffer","buffer","buffer","buffer","buffer",90354838
"buffer","buffer","buffer","buffer","buffer","buffer","buffer","buffer","buffer","buffer",90366945
"buffer","buffer","buffer","buffer","buffer","buffer","buffer","buffer","buffer","buffer",90379055
"buffer","buffer","buffer","buffer","buffer","buffer","buffer","buffer","buffer","buffer",90391224
"buffer","buffer","buffer","buffer","buffer","buffer","buffer","buffer","buffer","buffer",90403258
"buffer","buffer","buffer","buffer","buffer","buffer","buffer","buffer","buffer","buffer",90415175
"buffer","buffer","buffer","buffer","buffer","buffer","buffer","buffer","buffer","buffer",90427154
"buffer","buffer","buffer","buffer","buffer","buffer","buffer","buffer","buffer","buffer",90439207
"buffer","buffer","buffer","buffer","buffer","buffer","buffer","buffer","buffer","buffer",90451402
"buffer","buffer","buffer","buffer","buffer","buffer","buffer","buffer","buffer","buffer",90463459
"buffer","buffer","buffer","buffer","buffer","buffer","buffer","buffer","buffer","buffer",90475293
"buffer","buffer","buffer","buffer","buffer","buffer","buffer","buffer","buffer","buffer",90487371
"buffer","buffer","buffer","buffer","buffer","buffer","buffer","buffer","buffer","buffer",90499492
"buffer","buffer","buffer","buffer","buffer","buffer","buffer","buffer","buffer","buffer",90511592
"buffer","buffer","buffer","buffer","buffer","buffer","buffer","buffer","buffer","buffer",90523545
"buffer","buffer","buffer","buffer","buffer","buffer","buffer","buffer","buffer","buffer",90535622
"buffer","buffer","buffer","buffer","buffer","buffer","buffer","buffer","buffer","buffer",90547723
"buffer","buffer","buffer","buffer","buffer","buffer","buffer","buffer","buffer","buffer",90559938
"buffer","buffer","buffer","buffer","buffer","buffer","buffer","buffer","buffer","buffer",90571966
"buffer","buffer","buffer","buffer","buffer","buffer","buffer","buffer","buffer","buffer",90583983
"buffer","buffer","buffer","buffer","buffer","buffer","buffer","buffer","buffer","buffer",90595745
"buffer","buffer","buffer","buffer","buffer","buffer","buffer","buffer","buffer","buffer",90608033
"buffer","buffer","buffer","buffer","buffer","buffer","buffer","buffer","buffer","buffer",90619954
"buffer","buffer","buffer","buffer","buffer","buffer","buffer","buffer","buffer","buffer",90632058
"buffer","buffer","buffer","buffer","buffer","buffer","buffer","buffer","buffer","buffer",90643908
"buffer","buffer","buffer","buffer","buffer","buffer","buffer","buffer","buffer","buffer",90656074
"buffer","buffer","buffer","buffer","buffer","buffer","buffer","buffer","buffer","buffer",90668073
"buffer","buffer","buffer","buffer","buffer","buffer","buffer","buffer","buffer","buffer",90680323
"buffer","buffer","buffer","buffer","buffer","buffer","buffer","buffer","buffer","buffer",90692389
"buffer","buffer","buffer","buffer","buffer","buffer","buffer","buffer","buffer","buffer",90704447
"buffer","buffer","buffer","buffer","buffer","buffer","buffer","buffer","buffer","buffer",90716295
"buffer","buffer","buffer","buffer","buffer","buffer","buffer","buffer","buffer","buffer",90728537
"buffer","buffer","buffer","buffer","buffer","buffer","buffer","buffer","buffer","buffer",90740444
"buffer","buffer","buffer","buffer","buffer","buffer","buffer","buffer","buffer","buffer",90752389
"buffer","buffer","buffer","buffer","buffer","buffer","buffer","buffer","buffer","buffer",90764490
"buffer","buffer","buffer","buffer","buffer","buffer","buffer","buffer","buffer","buffer",90776451
"buffer","buffer","buffer","buffer","buffer","buffer","buffer","buffer","buffer","buffer",90788501
"buffer","buffer","buffer","buffer","buffer","buffer","buffer","buffer","buffer","buffer",90800763
"buffer","buffer","buffer","buffer","buffer","buffer","buffer","buffer","buffer","buffer",90812870
"buffer","buffer","buffer","buffer","buffer","buffer","buffer","buffer","buffer","buffer",90824808
"buffer","buffer","buffer","buffer","buffer","buffer","buffer","buffer","buffer","buffer",90836866
"buffer","buffer","buffer","buffer","buffer","buffer","buffer","buffer","buffer","buffer",90848676
"buffer","buffer","buffer","buffer","buffer","buffer","buffer","buffer","buffer","buffer",90860822
"buffer","buffer","buffer","buffer","buffer","buffer","buffer","buffer","buffer","buffer",90873067
"buffer","buffer","buffer","buffer","buffer","buffer","buffer","buffer","buffer","buffer",90884973
"buffer","buffer","buffer","buffer","buffer","buffer","buffer","buffer","buffer","buffer",90897093
"buffer","buffer","buffer","buffer","buffer","buffer","buffer","buffer","buffer","buffer",90909111
"buffer","buffer","buffer","buffer","buffer","buffer","buffer","buffer","buffer","buffer",90921162
"buffer","buffer","buffer","buffer","buffer","buffer","buffer","buffer","buffer","buffer",90932984
"buffer","buffer","buffer","buffer","buffer","buffer","buffer","buffer","buffer","buffer",90945225
"buffer","buffer","buffer","buffer","buffer","buffer","buffer","buffer","buffer","buffer",90957211
"buffer","buffer","buffer","buffer","buffer","buffer","buffer","buffer","buffer","buffer",90969340
"buffer","buffer","buffer","buffer","buffer","buffer","buffer","buffer","buffer","buffer",90981519
"buffer","buffer","buffer","buffer","buffer","buffer","buffer","buffer","buffer","buffer",90993363
"buffer","buffer","buffer","buffer","buffer","buffer","buffer","buffer","buffer","buffer",91005506
"buffer","buffer","buffer","buffer","buffer","buffer","buffer","buffer","buffer","buffer",91017527
"buffer","buffer","buffer","buffer","buffer","buffer","buffer","buffer","buffer","buffer",91029411
"buffer","buffer","buffer","buffer","buffer","buffer","buffer","buffer","buffer","buffer",91041439
"buffer","buffer","buffer","buffer","buffer","buffer","buffer","buffer","buffer","buffer",91053608
"buffer","buffer","buffer","buffer","buffer","buffer","buffer","buffer","buffer","buffer",91065838
"buffer","buffer","buffer","buffer","buffer","buffer","buffer","buffer","buffer","buffer",91077832
"buffer","buffer","buffer","buffer","buffer","buffer","buffer","buffer","buffer","buffer",91089852
"buffer","buffer","buffer","buffer","buffer","buffer","buffer","buffer","buffer","buffer",91101900
"buffer","buffer","buffer","buffer","buffer","buffer","buffer","buffer","buffer","buffer",91113897
"buffer","buffer","buffer","buffer","buffer","buffer","buffer","buffer","buffer","buffer",91125830
"buffer","buffer","buffer","buffer","buffer","buffer","buffer","buffer","buffer","buffer",91137769
"buffer","buffer","buffer","buffer","buffer","buffer","buffer","buffer","buffer","buffer",91150065
"buffer","buffer","buffer","buffer","buffer","buffer","buffer","buffer","buffer","buffer",91161880
"buffer","buffer","buffer","buffer","buffer","buffer","buffer","buffer","buffer","buffer",91174047
"buffer","buffer","buffer","buffer","buffer","buffer","buffer","buffer","buffer","buffer",91186110
"buffer","buffer","buffer","buffer","buffer","buffer","buffer","buffer","buffer","buffer",91198228
"buffer","buffer","buffer","buffer","buffer","buffer","buffer","buffer","buffer","buffer",91210248
"buffer","buffer","buffer","buffer","buffer","buffer","buffer","buffer","buffer","buffer",91222082
"buffer","buffer","buffer","buffer","buffer","buffer","buffer","buffer","buffer","buffer",91234230
"buffer","buffer","buffer","buffer","buffer","buffer","buffer","buffer","buffer","buffer",91246426
"buffer","buffer","buffer","buffer","buffer","buffer","buffer","buffer","buffer","buffer",91258361
"buffer","buffer","buffer","buffer","buffer","buffer","buffer","buffer","buffer","buffer",91270344
"buffer","buffer","buffer","buffer","buffer","buffer","buffer","buffer","buffer","buffer",91282466
"buffer","buffer","buffer","buffer","buffer","buffer","buffer","buffer","buffer","buffer",91294607
"buffer","buffer","buffer","buffer","buffer","buffer","buffer","buffer","buffer","buffer",91306521
"buffer","buffer","buffer","buffer","buffer","buffer","buffer","buffer","buffer","buffer",91318506
"buffer","buffer","buffer","buffer","buffer","buffer","buffer","buffer","buffer","buffer",91330768
"buffer","buffer","buffer","buffer","buffer","buffer","buffer","buffer","buffer","buffer",91342590
"buffer","buffer","buffer","buffer","buffer","buffer","buffer","buffer","buffer","buffer",91354785
"buffer","buffer","buffer","buffer","buffer","buffer","buffer","buffer","buffer","buffer",91366700
"buffer","buffer","buffer","buffer","buffer","buffer","buffer","buffer","buffer","buffer",91378844
"buffer","buffer","buffer","buffer","buffer","buffer","buffer","buffer","buffer","buffer",91390932
"buffer","buffer","buffer","buffer","buffer","buffer","buffer","buffer","buffer","buffer",91402996
"buffer","buffer","buffer","buffer","buffer","buffer","buffer","buffer","buffer","buffer",91414898
"buffer","buffer","buffer","buffer","buffer","buffer","buffer","buffer","buffer","buffer",91427030
"buffer","buffer","buffer","buffer","buffer","buffer","buffer","buffer","buffer","buffer",91438944
"buffer","buffer","buffer","buffer","buffer","buffer","buffer","buffer","buffer","buffer",91451160
"buffer","buffer","buffer","buffer","buffer","buffer","buffer","buffer","buffer","buffer",91463207
"buffer","buffer","buffer","buffer","buffer","buffer","buffer","buffer","buffer","buffer",91475148
"buffer","buffer","buffer","buffer","buffer","buffer","buffer","buffer","buffer","buffer",91487331
"buffer","buffer","buffer","buffer","buffer","buffer","buffer","buffer","buffer","buffer",91499320
"buffer","buffer","buffer","buffer","buffer","buffer","buffer","buffer","buffer","buffer",91511267
"buffer","buffer","buffer","buffer","buffer","buffer","buffer","buffer","buffer","buffer",91523429
"buffer","buffer","buffer","buffer","buffer","buffer","buffer","buffer","buffer","buffer",91535480
"buffer","buffer","buffer","buffer","buffer","buffer","buffer","buffer","buffer","buffer",91547489
"buffer","buffer","buffer","buffer","buffer","buffer","buffer","buffer","buffer","buffer",91559499
"buffer","buffer","buffer","buffer","buffer","buffer","buffer","buffer","buffer","buffer",91571457
"buffer","buffer","buffer","buffer","buffer","buffer","buffer","buffer","buffer","buffer",91583659
"buffer","buffer","buffer","buffer","buffer","buffer","buffer","buffer","buffer","buffer",91595581
"buffer","buffer","buffer","buffer","buffer","buffer","buffer","buffer","buffer","buffer",91607890
"buffer","buffer","buffer","buffer","buffer","buffer","buffer","buffer","buffer","buffer",91619781
"buffer","buffer","buffer","buffer","buffer","buffer","buffer","buffer","buffer","buffer",91631680
"buffer","buffer","buffer","buffer","buffer","buffer","buffer","buffer","buffer","buffer",91643703
"buffer","buffer","buffer","buffer","buffer","buffer","buffer","buffer","buffer","buffer",91655962
"buffer","buffer","buffer","buffer","buffer","buffer","buffer","buffer","buffer","buffer",91667914
"buffer","buffer","buffer","buffer","buffer","buffer","buffer","buffer","buffer","buffer",91679990
"buffer","buffer","buffer","buffer","buffer","buffer","buffer","buffer","buffer","buffer",91692030
"buffer","buffer","buffer","buffer","buffer","buffer","buffer","buffer","buffer","buffer",91704005
"buffer","buffer","buffer","buffer","buffer","buffer","buffer","buffer","buffer","buffer",91716208
"buffer","buffer","buffer","buffer","buffer","buffer","buffer","buffer","buffer","buffer",91728219
"buffer","buffer","buffer","buffer","buffer","buffer","buffer","buffer","buffer","buffer",91740159
"buffer","buffer","buffer","buffer","buffer","buffer","buffer","buffer","buffer","buffer",91752321
"buffer","buffer","buffer","buffer","buffer","buffer","buffer","buffer","buffer","buffer",91764504
"buffer","buffer","buffer","buffer","buffer","buffer","buffer","buffer","buffer","buffer",91776205
"buffer","buffer","buffer","buffer","buffer","buffer","buffer","buffer","buffer","buffer",91788563
"buffer","buffer","buffer","buffer","buffer","buffer","buffer","buffer","buffer","buffer",91800559
"buffer","buffer","buffer","buffer","buffer","buffer","buffer","buffer","buffer","buffer",91812472
"buffer","buffer","buffer","buffer","buffer","buffer","buffer","buffer","buffer","buffer",91824561
"buffer","buffer","buffer","buffer","buffer","buffer","buffer","buffer","buffer","buffer",91836614
"buffer","buffer","buffer","buffer","buffer","buffer","buffer","buffer","buffer","buffer",91848582
"buffer","buffer","buffer","buffer","buffer","buffer","buffer","buffer","buffer","buffer",91860674
"buffer","buffer","buffer","buffer","buffer","buffer","buffer","buffer","buffer","buffer",91872793
"buffer","buffer","buffer","buffer","buffer","buffer","buffer","buffer","buffer","buffer",91884723
"buffer","buffer","buffer","buffer","buffer","buffer","buffer","buffer","buffer","buffer",91896831
"buffer","buffer","buffer","buffer","buffer","buffer","buffer","buffer","buffer","buffer",91908737
"buffer","buffer","buffer","buffer","buffer","buffer","buffer","buffer","buffer","buffer",91921108
"buffer","buffer","buffer","buffer","buffer","buffer","buffer","buffer","buffer","buffer",91933083
"buffer","buffer","buffer","buffer","buffer","buffer","buffer","buffer","buffer","buffer",91944920
"buffer","buffer","buffer","buffer","buffer","buffer","buffer","buffer","buffer","buffer",91956955
"buffer","buffer","buffer","buffer","buffer","buffer","buffer","buffer","buffer","buffer",91969067
"buffer","buffer","buffer","buffer","buffer","buffer","buffer","buffer","buffer","buffer",91981145
"buffer","buffer","buffer","buffer","buffer","buffer","buffer","buffer","buffer","buffer",91993174
"buffer","buffer","buffer","buffer","buffer","buffer","buffer","buffer","buffer","buffer",92005303
"buffer","buffer","buffer","buffer","buffer","buffer","buffer","buffer","buffer","buffer",92017291
"buffer","buffer","buffer","buffer","buffer","buffer","buffer","buffer","buffer","buffer",92029212
"buffer","buffer","buffer","buffer","buffer","buffer","buffer","buffer","buffer","buffer",92041355
"buffer","buffer","buffer","buffer","buffer","buffer","buffer","buffer","buffer","buffer",92053236
"buffer","buffer","buffer","buffer","buffer","buffer","buffer","buffer","buffer","buffer",92065487
"buffer","buffer","buffer","buffer","buffer","buffer","buffer","buffer","buffer","buffer",92077564
"buffer","buffer","buffer","buffer","buffer","buffer","buffer","buffer","buffer","buffer",92089589
"buffer","buffer","buffer","buffer","buffer","buffer","buffer","buffer","buffer","buffer",92101493
"buffer","buffer","buffer","buffer","buffer","buffer","buffer","buffer","buffer","buffer",92113563
"buffer","buffer","buffer","buffer","buffer","buffer","buffer","buffer","buffer","buffer",92125679
"buffer","buffer","buffer","buffer","buffer","buffer","buffer","buffer","buffer","buffer",92137690
"buffer","buffer","buffer","buffer","buffer","buffer","buffer","buffer","buffer","buffer",92149703
"buffer","buffer","buffer","buffer","buffer","buffer","buffer","buffer","buffer","buffer",92161946
"buffer","buffer","buffer","buffer","buffer","buffer","buffer","buffer","buffer","buffer",92173911
"buffer","buffer","buffer","buffer","buffer","buffer","buffer","buffer","buffer","buffer",92185963
"buffer","buffer","buffer","buffer","buffer","buffer","buffer","buffer","buffer","buffer",92198041
"buffer","buffer","buffer","buffer","buffer","buffer","buffer","buffer","buffer","buffer",92210066
"buffer","buffer","buffer","buffer","buffer","buffer","buffer","buffer","buffer","buffer",92222031
"buffer","buffer","buffer","buffer","buffer","buffer","buffer","buffer","buffer","buffer",92234161
"buffer","buffer","buffer","buffer","buffer","buffer","buffer","buffer","buffer","buffer",92246264
"buffer","buffer","buffer","buffer","buffer","buffer","buffer","buffer","buffer","buffer",92258312
"buffer","buffer","buffer","buffer","buffer","buffer","buffer","buffer","buffer","buffer",92270109
"buffer","buffer","buffer","buffer","buffer","buffer","buffer","buffer","buffer","buffer",92282272
"buffer","buffer","buffer","buffer","buffer","buffer","buffer","buffer","buffer","buffer",92294347
"buffer","buffer","buffer","buffer","buffer","buffer","buffer","buffer","buffer","buffer",92306205
"buffer","buffer","buffer","buffer","buffer","buffer","buffer","buffer","buffer","buffer",92318344
"buffer","buffer","buffer","buffer","buffer","buffer","buffer","buffer","buffer","buffer",92330518
"buffer","buffer","buffer","buffer","buffer","buffer","buffer","buffer","buffer","buffer",92342417
"buffer","buffer","buffer","buffer","buffer","buffer","buffer","buffer","buffer","buffer",92354476
"buffer","buffer","buffer","buffer","buffer","buffer","buffer","buffer","buffer","buffer",92366511
"buffer","buffer","buffer","buffer","buffer","buffer","buffer","buffer","buffer","buffer",92378705
"buffer","buffer","buffer","buffer","buffer","buffer","buffer","buffer","buffer","buffer",92390638
"buffer","buffer","buffer","buffer","buffer","buffer","buffer","buffer","buffer","buffer",92402673
"buffer","buffer","buffer","buffer","buffer","buffer","buffer","buffer","buffer","buffer",92414682
"buffer","buffer","buffer","buffer","buffer","buffer","buffer","buffer","buffer","buffer",92426745
"buffer","buffer","buffer","buffer","buffer","buffer","buffer","buffer","buffer","buffer",92438703
"buffer","buffer","buffer","buffer","buffer","buffer","buffer","buffer","buffer","buffer",92450998
"buffer","buffer","buffer","buffer","buffer","buffer","buffer","buffer","buffer","buffer",92462856
"buffer","buffer","buffer","buffer","buffer","buffer","buffer","buffer","buffer","buffer",92474908
"buffer","buffer","buffer","buffer","buffer","buffer","buffer","buffer","buffer","buffer",92486999
"buffer","buffer","buffer","buffer","buffer","buffer","buffer","buffer","buffer","buffer",92499171
"buffer","buffer","buffer","buffer","buffer","buffer","buffer","buffer","buffer","buffer",92511233
"buffer","buffer","buffer","buffer","buffer","buffer","buffer","buffer","buffer","buffer",92523347
"buffer","buffer","buffer","buffer","buffer","buffer","buffer","buffer","buffer","buffer",92535152
"buffer","buffer","buffer","buffer","buffer","buffer","buffer","buffer","buffer","buffer",92547252
"buffer","buffer","buffer","buffer","buffer","buffer","buffer","buffer","buffer","buffer",92559307
"buffer","buffer","buffer","buffer","buffer","buffer","buffer","buffer","buffer","buffer",92571468
"buffer","buffer","buffer","buffer","buffer","buffer","buffer","buffer","buffer","buffer",92583407
"buffer","buffer","buffer","buffer","buffer","buffer","buffer","buffer","buffer","buffer",92595357
"buffer","buffer","buffer","buffer","buffer","buffer","buffer","buffer","buffer","buffer",92607500
"buffer","buffer","buffer","buffer","buffer","buffer","buffer","buffer","buffer","buffer",92619769
"buffer","buffer","buffer","buffer","buffer","buffer","buffer","buffer","buffer","buffer",92631564
"buffer","buffer","buffer","buffer","buffer","buffer","buffer","buffer","buffer","buffer",92643595
"buffer","buffer","buffer","buffer","buffer","buffer","buffer","buffer","buffer","buffer",92655737
"buffer","buffer","buffer","buffer","buffer","buffer","buffer","buffer","buffer","buffer",92667700
"buffer","buffer","buffer","buffer","buffer","buffer","buffer","buffer","buffer","buffer",92679865
"buffer","buffer","buffer","buffer","buffer","buffer","buffer","buffer","buffer","buffer",92691711
"buffer","buffer","buffer","buffer","buffer","buffer","buffer","buffer","buffer","buffer",92703990
"buffer","buffer","buffer","buffer","buffer","buffer","buffer","buffer","buffer","buffer",92715917
"buffer","buffer","buffer","buffer","buffer","buffer","buffer","buffer","buffer","buffer",92727941
"buffer","buffer","buffer","buffer","buffer","buffer","buffer","buffer","buffer","buffer",92740170
"buffer","buffer","buffer","buffer","buffer","buffer","buffer","buffer","buffer","buffer",92752196
"buffer","buffer","buffer","buffer","buffer","buffer","buffer","buffer","buffer","buffer",92764057
"buffer","buffer","buffer","buffer","buffer","buffer","buffer","buffer","buffer","buffer",92776048
"buffer","buffer","buffer","buffer","buffer","buffer","buffer","buffer","buffer","buffer",92788219
"buffer","buffer","buffer","buffer","buffer","buffer","buffer","buffer","buffer","buffer",92800312
"buffer","buffer","buffer","buffer","buffer","buffer","buffer","buffer","buffer","buffer",92812475
"buffer","buffer","buffer","buffer","buffer","buffer","buffer","buffer","buffer","buffer",92824327
"buffer","buffer","buffer","buffer","buffer","buffer","buffer","buffer","buffer","buffer",92836338
"buffer","buffer","buffer","buffer","buffer","buffer","buffer","buffer","buffer","buffer",92848453
"buffer","buffer","buffer","buffer","buffer","buffer","buffer","buffer","buffer","buffer",92860471
"buffer","buffer","buffer","buffer","buffer","buffer","buffer","buffer","buffer","buffer",92872564
"buffer","buffer","buffer","buffer","buffer","buffer","buffer","buffer","buffer","buffer",92884609
"buffer","buffer","buffer","buffer","buffer","buffer","buffer","buffer","buffer","buffer",92896801
"buffer","buffer","buffer","buffer","buffer","buffer","buffer","buffer","buffer","buffer",92908683
"buffer","buffer","buffer","buffer","buffer","buffer","buffer","buffer","buffer","buffer",92920644
"buffer","buffer","buffer","buffer","buffer","buffer","buffer","buffer","buffer","buffer",92932722
"buffer","buffer","buffer","buffer","buffer","buffer","buffer","buffer","buffer","buffer",92944960
"buffer","buffer","buffer","buffer","buffer","buffer","buffer","buffer","buffer","buffer",92956877
"buffer","buffer","buffer","buffer","buffer","buffer","buffer","buffer","buffer","buffer",92968988
"buffer","buffer","buffer","buffer","buffer","buffer","buffer","buffer","buffer","buffer",92980911
"buffer","buffer","buffer","buffer","buffer","buffer","buffer","buffer","buffer","buffer",92992993
"buffer","buffer","buffer","buffer","buffer","buffer","buffer","buffer","buffer","buffer",93005181
"buffer","buffer","buffer","buffer","buffer","buffer","buffer","buffer","buffer","buffer",93017179
"buffer","buffer","buffer","buffer","buffer","buffer","buffer","buffer","buffer","buffer",93029109
"buffer","buffer","buffer","buffer","buffer","buffer","buffer","buffer","buffer","buffer",93041143
"buffer","buffer","buffer","buffer","buffer","buffer","buffer","buffer","buffer","buffer",93053296
"buffer","buffer","buffer","buffer","buffer","buffer","buffer","buffer","buffer","buffer",93065150
"buffer","buffer","buffer","buffer","buffer","buffer","buffer","buffer","buffer","buffer",93077256
"buffer","buffer","buffer","buffer","buffer","buffer","buffer","buffer","buffer","buffer",93089499
"buffer","buffer","buffer","buffer","buffer","buffer","buffer","buffer","buffer","buffer",93101508
"buffer","buffer","buffer","buffer","buffer","buffer","buffer","buffer","buffer","buffer",93113441
"buffer","buffer","buffer","buffer","buffer","buffer","buffer","buffer","buffer","buffer",93125551
"buffer","buffer","buffer","buffer","buffer","buffer","buffer","buffer","buffer","buffer",93137389
"buffer","buffer","buffer","buffer","buffer","buffer","buffer","buffer","buffer","buffer",93149622
"buffer","buffer","buffer","buffer","buffer","buffer","buffer","buffer","buffer","buffer",93161585
"buffer","buffer","buffer","buffer","buffer","buffer","buffer","buffer","buffer","buffer",93173666
"buffer","buffer","buffer","buffer","buffer","buffer","buffer","buffer","buffer","buffer",93185699
"buffer","buffer","buffer","buffer","buffer","buffer","buffer","buffer","buffer","buffer",93197831
"buffer","buffer","buffer","buffer","buffer","buffer","buffer","buffer","buffer","buffer",93209752
"buffer","buffer","buffer","buffer","buffer","buffer","buffer","buffer","buffer","buffer",93221827
"buffer","buffer","buffer","buffer","buffer","buffer","buffer","buffer","buffer","buffer",93233819
"buffer","buffer","buffer","buffer","buffer","buffer","buffer","buffer","buffer","buffer",93246003
"buffer","buffer","buffer","buffer","buffer","buffer","buffer","buffer","buffer","buffer",93257958
"buffer","buffer","buffer","buffer","buffer","buffer","buffer","buffer","buffer","buffer",93269983
"buffer","buffer","buffer","buffer","buffer","buffer","buffer","buffer","buffer","buffer",93282102
"buffer","buffer","buffer","buffer","buffer","buffer","buffer","buffer","buffer","buffer",93294036
"buffer","buffer","buffer","buffer","buffer","buffer","buffer","buffer","buffer","buffer",93306366
"buffer","buffer","buffer","buffer","buffer","buffer","buffer","buffer","buffer","buffer",93318164
"buffer","buffer","buffer","buffer","buffer","buffer","buffer","buffer","buffer","buffer",93330234
"buffer","buffer","buffer","buffer","buffer","buffer","buffer","buffer","buffer","buffer",93342082
"buffer","buffer","buffer","buffer","buffer","buffer","buffer","buffer","buffer","buffer",93354430
"buffer","buffer","buffer","buffer","buffer","buffer","buffer","buffer","buffer","buffer",93366540
"buffer","buffer","buffer","buffer","buffer","buffer","buffer","buffer","buffer","buffer",93378300
"buffer","buffer","buffer","buffer","buffer","buffer","buffer","buffer","buffer","buffer",93390527
"buffer","buffer","buffer","buffer","buffer","buffer","buffer","buffer","buffer","buffer",93402583
"buffer","buffer","buffer","buffer","buffer","buffer","buffer","buffer","buffer","buffer",93414659
"buffer","buffer","buffer","buffer","buffer","buffer","buffer","buffer","buffer","buffer",93426651
"buffer","buffer","buffer","buffer","buffer","buffer","buffer","buffer","buffer","buffer",93438643
"buffer","buffer","buffer","buffer","buffer","buffer","buffer","buffer","buffer","buffer",93450852
"buffer","buffer","buffer","buffer","buffer","buffer","buffer","buffer","buffer","buffer",93462777
"buffer","buffer","buffer","buffer","buffer","buffer","buffer","buffer","buffer","buffer",93474861
"buffer","buffer","buffer","buffer","buffer","buffer","buffer","buffer","buffer","buffer",93486779
"buffer","buffer","buffer","buffer","buffer","buffer","buffer","buffer","buffer","buffer",93498745
"buffer","buffer","buffer","buffer","buffer","buffer","buffer","buffer","buffer","buffer",93511023
"buffer","buffer","buffer","buffer","buffer","buffer","buffer","buffer","buffer","buffer",93523101
"buffer","buffer","buffer","buffer","buffer","buffer","buffer","buffer","buffer","buffer",93534910
"buffer","buffer","buffer","buffer","buffer","buffer","buffer","buffer","buffer","buffer",93547040
"buffer","buffer","buffer","buffer","buffer","buffer","buffer","buffer","buffer","buffer",93559272
"buffer","buffer","buffer","buffer","buffer","buffer","buffer","buffer","buffer","buffer",93571385
"buffer","buffer","buffer","buffer","buffer","buffer","buffer","buffer","buffer","buffer",93583182
"buffer","buffer","buffer","buffer","buffer","buffer","buffer","buffer","buffer","buffer",93595021
"buffer","buffer","buffer","buffer","buffer","buffer","buffer","buffer","buffer","buffer",93607285
"buffer","buffer","buffer","buffer","buffer","buffer","buffer","buffer","buffer","buffer",93619466
"buffer","buffer","buffer","buffer","buffer","buffer","buffer","buffer","buffer","buffer",93631418
"buffer","buffer","buffer","buffer","buffer","buffer","buffer","buffer","buffer","buffer",93643470
"buffer","buffer","buffer","buffer","buffer","buffer","buffer","buffer","buffer","buffer",93655597
"buffer","buffer","buffer","buffer","buffer","buffer","buffer","buffer","buffer","buffer",93667434
"buffer","buffer","buffer","buffer","buffer","buffer","buffer","buffer","buffer","buffer",93679555
"buffer","buffer","buffer","buffer","buffer","buffer","buffer","buffer","buffer","buffer",93691518
"buffer","buffer","buffer","buffer","buffer","buffer","buffer","buffer","buffer","buffer",93703715
"buffer","buffer","buffer","buffer","buffer","buffer","buffer","buffer","buffer","buffer",93715780
"buffer","buffer","buffer","buffer","buffer","buffer","buffer","buffer","buffer","buffer",93727698
"buffer","buffer","buffer","buffer","buffer","buffer","buffer","buffer","buffer","buffer",93739859
"buffer","buffer","buffer","buffer","buffer","buffer","buffer","buffer","buffer","buffer",93751947
"buffer","buffer","buffer","buffer","buffer","buffer","buffer","buffer","buffer","buffer",93763968
"buffer","buffer","buffer","buffer","buffer","buffer","buffer","buffer","buffer","buffer",93776014
"buffer","buffer","buffer","buffer","buffer","buffer","buffer","buffer","buffer","buffer",93787701
"buffer","buffer","buffer","buffer","buffer","buffer","buffer","buffer","buffer","buffer",93800101
"buffer","buffer","buffer","buffer","buffer","buffer","buffer","buffer","buffer","buffer",93812031
"buffer","buffer","buffer","buffer","buffer","buffer","buffer","buffer","buffer","buffer",93824242
"buffer","buffer","buffer","buffer","buffer","buffer","buffer","buffer","buffer","buffer",93836227
"buffer","buffer","buffer","buffer","buffer","buffer","buffer","buffer","buffer","buffer",93848106
"buffer","buffer","buffer","buffer","buffer","buffer","buffer","buffer","buffer","buffer",93860216
"buffer","buffer","buffer","buffer","buffer","buffer","buffer","buffer","buffer","buffer",93872296
"buffer","buffer","buffer","buffer","buffer","buffer","buffer","buffer","buffer","buffer",93884351
"buffer","buffer","buffer","buffer","buffer","buffer","buffer","buffer","buffer","buffer",93896389
"buffer","buffer","buffer","buffer","buffer","buffer","buffer","buffer","buffer","buffer",93908524
"buffer","buffer","buffer","buffer","buffer","buffer","buffer","buffer","buffer","buffer",93920563
"buffer","buffer","buffer","buffer","buffer","buffer","buffer","buffer","buffer","buffer",93932667
"buffer","buffer","buffer","buffer","buffer","buffer","buffer","buffer","buffer","buffer",93944622
"buffer","buffer","buffer","buffer","buffer","buffer","buffer","buffer","buffer","buffer",93956475
"buffer","buffer","buffer","buffer","buffer","buffer","buffer","buffer","buffer","buffer",93968653
"buffer","buffer","buffer","buffer","buffer","buffer","buffer","buffer","buffer","buffer",93980846
"buffer","buffer","buffer","buffer","buffer","buffer","buffer","buffer","buffer","buffer",93992815
"buffer","buffer","buffer","buffer","buffer","buffer","buffer","buffer","buffer","buffer",94004712
"buffer","buffer","buffer","buffer","buffer","buffer","buffer","buffer","buffer","buffer",94016938
"buffer","buffer","buffer","buffer","buffer","buffer","buffer","buffer","buffer","buffer",94028886
"buffer","buffer","buffer","buffer","buffer","buffer","buffer","buffer","buffer","buffer",94040995
"buffer","buffer","buffer","buffer","buffer","buffer","buffer","buffer","buffer","buffer",94052986
"buffer","buffer","buffer","buffer","buffer","buffer","buffer","buffer","buffer","buffer",94065296
"buffer","buffer","buffer","buffer","buffer","buffer","buffer","buffer","buffer","buffer",94076970
"buffer","buffer","buffer","buffer","buffer","buffer","buffer","buffer","buffer","buffer",94089185
"buffer","buffer","buffer","buffer","buffer","buffer","buffer","buffer","buffer","buffer",94101026
"buffer","buffer","buffer","buffer","buffer","buffer","buffer","buffer","buffer","buffer",94113344
"buffer","buffer","buffer","buffer","buffer","buffer","buffer","buffer","buffer","buffer",94125120
"buffer","buffer","buffer","buffer","buffer","buffer","buffer","buffer","buffer","buffer",94137297
"buffer","buffer","buffer","buffer","buffer","buffer","buffer","buffer","buffer","buffer",94149341
"buffer","buffer","buffer","buffer","buffer","buffer","buffer","buffer","buffer","buffer",94161332
"buffer","buffer","buffer","buffer","buffer","buffer","buffer","buffer","buffer","buffer",94173532
"buffer","buffer","buffer","buffer","buffer","buffer","buffer","buffer","buffer","buffer",94185613
"buffer","buffer","buffer","buffer","buffer","buffer","buffer","buffer","buffer","buffer",94197249
"buffer","buffer","buffer","buffer","buffer","buffer","buffer","buffer","buffer","buffer",94209513
"buffer","buffer","buffer","buffer","buffer","buffer","buffer","buffer","buffer","buffer",94221673
"buffer","buffer","buffer","buffer","buffer","buffer","buffer","buffer","buffer","buffer",94233658
"buffer","buffer","buffer","buffer","buffer","buffer","buffer","buffer","buffer","buffer",94245735
"buffer","buffer","buffer","buffer","buffer","buffer","buffer","buffer","buffer","buffer",94257790
"buffer","buffer","buffer","buffer","buffer","buffer","buffer","buffer","buffer","buffer",94269881
"buffer","buffer","buffer","buffer","buffer","buffer","buffer","buffer","buffer","buffer",94281945
"buffer","buffer","buffer","buffer","buffer","buffer","buffer","buffer","buffer","buffer",94293844
"buffer","buffer","buffer","buffer","buffer","buffer","buffer","buffer","buffer","buffer",94306004
"buffer","buffer","buffer","buffer","buffer","buffer","buffer","buffer","buffer","buffer",94317962
"buffer","buffer","buffer","buffer","buffer","buffer","buffer","buffer","buffer","buffer",94330153
"buffer","buffer","buffer","buffer","buffer","buffer","buffer","buffer","buffer","buffer",94341863
"buffer","buffer","buffer","buffer","buffer","buffer","buffer","buffer","buffer","buffer",94353951
"buffer","buffer","buffer","buffer","buffer","buffer","buffer","buffer","buffer","buffer",94366105
"buffer","buffer","buffer","buffer","buffer","buffer","buffer","buffer","buffer","buffer",94378386
"buffer","buffer","buffer","buffer","buffer","buffer","buffer","buffer","buffer","buffer",94390264
"buffer","buffer","buffer","buffer","buffer","buffer","buffer","buffer","buffer","buffer",94402382
"buffer","buffer","buffer","buffer","buffer","buffer","buffer","buffer","buffer","buffer",94414294
"buffer","buffer","buffer","buffer","buffer","buffer","buffer","buffer","buffer","buffer",94426439
"buffer","buffer","buffer","buffer","buffer","buffer","buffer","buffer","buffer","buffer",94438574
"buffer","buffer","buffer","buffer","buffer","buffer","buffer","buffer","buffer","buffer",94450592
"buffer","buffer","buffer","buffer","buffer","buffer","buffer","buffer","buffer","buffer",94462592
"buffer","buffer","buffer","buffer","buffer","buffer","buffer","buffer","buffer","buffer",94474620
"buffer","buffer","buffer","buffer","buffer","buffer","buffer","buffer","buffer","buffer",94486630
"buffer","buffer","buffer","buffer","buffer","buffer","buffer","buffer","buffer","buffer",94498519
"buffer","buffer","buffer","buffer","buffer","buffer","buffer","buffer","buffer","buffer",94510792
"buffer","buffer","buffer","buffer","buffer","buffer","buffer","buffer","buffer","buffer",94522709
"buffer","buffer","buffer","buffer","buffer","buffer","buffer","buffer","buffer","buffer",94534938
"buffer","buffer","buffer","buffer","buffer","buffer","buffer","buffer","buffer","buffer",94546974
"buffer","buffer","buffer","buffer","buffer","buffer","buffer","buffer","buffer","buffer",94558921
"buffer","buffer","buffer","buffer","buffer","buffer","buffer","buffer","buffer","buffer",94570889
"buffer","buffer","buffer","buffer","buffer","buffer","buffer","buffer","buffer","buffer",94583058
"buffer","buffer","buffer","buffer","buffer","buffer","buffer","buffer","buffer","buffer",94595034
"buffer","buffer","buffer","buffer","buffer","buffer","buffer","buffer","buffer","buffer",94607181
"buffer","buffer","buffer","buffer","buffer","buffer","buffer","buffer","buffer","buffer",94619300
"buffer","buffer","buffer","buffer","buffer","buffer","buffer","buffer","buffer","buffer",94631107
"buffer","buffer","buffer","buffer","buffer","buffer","buffer","buffer","buffer","buffer",94643393
"buffer","buffer","buffer","buffer","buffer","buffer","buffer","buffer","buffer","buffer",94655297
"buffer","buffer","buffer","buffer","buffer","buffer","buffer","buffer","buffer","buffer",94667234
"buffer","buffer","buffer","buffer","buffer","buffer","buffer","buffer","buffer","buffer",94679430
"buffer","buffer","buffer","buffer","buffer","buffer","buffer","buffer","buffer","buffer",94691469
"buffer","buffer","buffer","buffer","buffer","buffer","buffer","buffer","buffer","buffer",94703351
"buffer","buffer","buffer","buffer","buffer","buffer","buffer","buffer","buffer","buffer",94715493
"buffer","buffer","buffer","buffer","buffer","buffer","buffer","buffer","buffer","buffer",94727574
"buffer","buffer","buffer","buffer","buffer","buffer","buffer","buffer","buffer","buffer",94739610
"buffer","buffer","buffer","buffer","buffer","buffer","buffer","buffer","buffer","buffer",94751669
"buffer","buffer","buffer","buffer","buffer","buffer","buffer","buffer","buffer","buffer",94763775
"buffer","buffer","buffer","buffer","buffer","buffer","buffer","buffer","buffer","buffer",94775795
"buffer","buffer","buffer","buffer","buffer","buffer","buffer","buffer","buffer","buffer",94787676
"buffer","buffer","buffer","buffer","buffer","buffer","buffer","buffer","buffer","buffer",94799860
"buffer","buffer","buffer","buffer","buffer","buffer","buffer","buffer","buffer","buffer",94811747
"buffer","buffer","buffer","buffer","buffer","buffer","buffer","buffer","buffer","buffer",94823777
"buffer","buffer","buffer","buffer","buffer","buffer","buffer","buffer","buffer","buffer",94836289
"buffer","buffer","buffer","buffer","buffer","buffer","buffer","buffer","buffer","buffer",94847859
"buffer","buffer","buffer","buffer","buffer","buffer","buffer","buffer","buffer","buffer",94860072
"buffer","buffer","buffer","buffer","buffer","buffer","buffer","buffer","buffer","buffer",94872000
"buffer","buffer","buffer","buffer","buffer","buffer","buffer","buffer","buffer","buffer",94884228
"buffer","buffer","buffer","buffer","buffer","buffer","buffer","buffer","buffer","buffer",94896097
"buffer","buffer","buffer","buffer","buffer","buffer","buffer","buffer","buffer","buffer",94908160
"buffer","buffer","buffer","buffer","buffer","buffer","buffer","buffer","buffer","buffer",94920378
"buffer","buffer","buffer","buffer","buffer","buffer","buffer","buffer","buffer","buffer",94932396
"buffer","buffer","buffer","buffer","buffer","buffer","buffer","buffer","buffer","buffer",94944239
"buffer","buffer","buffer","buffer","buffer","buffer","buffer","buffer","buffer","buffer",94956486
"buffer","buffer","buffer","buffer","buffer","buffer","buffer","buffer","buffer","buffer",94968527
"buffer","buffer","buffer","buffer","buffer","buffer","buffer","buffer","buffer","buffer",94980712
"buffer","buffer","buffer","buffer","buffer","buffer","buffer","buffer","buffer","buffer",94992561
"buffer","buffer","buffer","buffer","buffer","buffer","buffer","buffer","buffer","buffer",95004635
"buffer","buffer","buffer","buffer","buffer","buffer","buffer","buffer","buffer","buffer",95016568
"buffer","buffer","buffer","buffer","buffer","buffer","buffer","buffer","buffer","buffer",95028811
"buffer","buffer","buffer","buffer","buffer","buffer","buffer","buffer","buffer","buffer",95040633
"buffer","buffer","buffer","buffer","buffer","buffer","buffer","buffer","buffer","buffer",95052636
"buffer","buffer","buffer","buffer","buffer","buffer","buffer","buffer","buffer","buffer",95064898
"buffer","buffer","buffer","buffer","buffer","buffer","buffer","buffer","buffer","buffer",95076751
"buffer","buffer","buffer","buffer","buffer","buffer","buffer","buffer","buffer","buffer",95088790
"buffer","buffer","buffer","buffer","buffer","buffer","buffer","buffer","buffer","buffer",95100882
"buffer","buffer","buffer","buffer","buffer","buffer","buffer","buffer","buffer","buffer",95113071
"buffer","buffer","buffer","buffer","buffer","buffer","buffer","buffer","buffer","buffer",95125025
"buffer","buffer","buffer","buffer","buffer","buffer","buffer","buffer","buffer","buffer",95137133
"buffer","buffer","buffer","buffer","buffer","buffer","buffer","buffer","buffer","buffer",95149131
"buffer","buffer","buffer","buffer","buffer","buffer","buffer","buffer","buffer","buffer",95161281
"buffer","buffer","buffer","buffer","buffer","buffer","buffer","buffer","buffer","buffer",95173342
"buffer","buffer","buffer","buffer","buffer","buffer","buffer","buffer","buffer","buffer",95185342
"buffer","buffer","buffer","buffer","buffer","buffer","buffer","buffer","buffer","buffer",95197272
"buffer","buffer","buffer","buffer","buffer","buffer","buffer","buffer","buffer","buffer",95209365
"buffer","buffer","buffer","buffer","buffer","buffer","buffer","buffer","buffer","buffer",95221280
"buffer","buffer","buffer","buffer","buffer","buffer","buffer","buffer","buffer","buffer",95233398
"buffer","buffer","buffer","buffer","buffer","buffer","buffer","buffer","buffer","buffer",95245705
"buffer","buffer","buffer","buffer","buffer","buffer","buffer","buffer","buffer","buffer",95257505
"buffer","buffer","buffer","buffer","buffer","buffer","buffer","buffer","buffer","buffer",95269634
"buffer","buffer","buffer","buffer","buffer","buffer","buffer","buffer","buffer","buffer",95281574
"buffer","buffer","buffer","buffer","buffer","buffer","buffer","buffer","buffer","buffer",95293830
"buffer","buffer","buffer","buffer","buffer","buffer","buffer","buffer","buffer","buffer",95305679
"buffer","buffer","buffer","buffer","buffer","buffer","buffer","buffer","buffer","buffer",95317952
"buffer","buffer","buffer","buffer","buffer","buffer","buffer","buffer","buffer","buffer",95329956
"buffer","buffer","buffer","buffer","buffer","buffer","buffer","buffer","buffer","buffer",95341906
"buffer","buffer","buffer","buffer","buffer","buffer","buffer","buffer","buffer","buffer",95353895
"buffer","buffer","buffer","buffer","buffer","buffer","buffer","buffer","buffer","buffer",95365839
"buffer","buffer","buffer","buffer","buffer","buffer","buffer","buffer","buffer","buffer",95378074
"buffer","buffer","buffer","buffer","buffer","buffer","buffer","buffer","buffer","buffer",95389947
"buffer","buffer","buffer","buffer","buffer","buffer","buffer","buffer","buffer","buffer",95402213
"buffer","buffer","buffer","buffer","buffer","buffer","buffer","buffer","buffer","buffer",95414088
"buffer","buffer","buffer","buffer","buffer","buffer","buffer","buffer","buffer","buffer",95426160
"buffer","buffer","buffer","buffer","buffer","buffer","buffer","buffer","buffer","buffer",95438131
"buffer","buffer","buffer","buffer","buffer","buffer","buffer","buffer","buffer","buffer",95450353
"buffer","buffer","buffer","buffer","buffer","buffer","buffer","buffer","buffer","buffer",95462329
"buffer","buffer","buffer","buffer","buffer","buffer","buffer","buffer","buffer","buffer",95474337
"buffer","buffer","buffer","buffer","buffer","buffer","buffer","buffer","buffer","buffer",95486446
"buffer","buffer","buffer","buffer","buffer","buffer","buffer","buffer","buffer","buffer",95498341
"buffer","buffer","buffer","buffer","buffer","buffer","buffer","buffer","buffer","buffer",95510770
"buffer","buffer","buffer","buffer","buffer","buffer","buffer","buffer","buffer","buffer",95522641
"buffer","buffer","buffer","buffer","buffer","buffer","buffer","buffer","buffer","buffer",95534604
"buffer","buffer","buffer","buffer","buffer","buffer","buffer","buffer","buffer","buffer",95546648
"buffer","buffer","buffer","buffer","buffer","buffer","buffer","buffer","buffer","buffer",95558681
"buffer","buffer","buffer","buffer","buffer","buffer","buffer","buffer","buffer","buffer",95570754
"buffer","buffer","buffer","buffer","buffer","buffer","buffer","buffer","buffer","buffer",95582858
"buffer","buffer","buffer","buffer","buffer","buffer","buffer","buffer","buffer","buffer",95594822
"buffer","buffer","buffer","buffer","buffer","buffer","buffer","buffer","buffer","buffer",95606857
"buffer","buffer","buffer","buffer","buffer","buffer","buffer","buffer","buffer","buffer",95619023
"buffer","buffer","buffer","buffer","buffer","buffer","buffer","buffer","buffer","buffer",95631001
"buffer","buffer","buffer","buffer","buffer","buffer","buffer","buffer","buffer","buffer",95643293
"buffer","buffer","buffer","buffer","buffer","buffer","buffer","buffer","buffer","buffer",95655073
"buffer","buffer","buffer","buffer","buffer","buffer","buffer","buffer","buffer","buffer",95667067
"buffer","buffer","buffer","buffer","buffer","buffer","buffer","buffer","buffer","buffer",95679203
"buffer","buffer","buffer","buffer","buffer","buffer","buffer","buffer","buffer","buffer",95691019
"buffer","buffer","buffer","buffer","buffer","buffer","buffer","buffer","buffer","buffer",95703420
"buffer","buffer","buffer","buffer","buffer","buffer","buffer","buffer","buffer","buffer",95715306
"buffer","buffer","buffer","buffer","buffer","buffer","buffer","buffer","buffer","buffer",95727315
"buffer","buffer","buffer","buffer","buffer","buffer","buffer","buffer","buffer","buffer",95739277
"buffer","buffer","buffer","buffer","buffer","buffer","buffer","buffer","buffer","buffer",95751622
"buffer","buffer","buffer","buffer","buffer","buffer","buffer","buffer","buffer","buffer",95763459
"buffer","buffer","buffer","buffer","buffer","buffer","buffer","buffer","buffer","buffer",95775341
"buffer","buffer","buffer","buffer","buffer","buffer","buffer","buffer","buffer","buffer",95787663
"buffer","buffer","buffer","buffer","buffer","buffer","buffer","buffer","buffer","buffer",95799660
"buffer","buffer","buffer","buffer","buffer","buffer","buffer","buffer","buffer","buffer",95811806
"buffer","buffer","buffer","buffer","buffer","buffer","buffer","buffer","buffer","buffer",95823979
"buffer","buffer","buffer","buffer","buffer","buffer","buffer","buffer","buffer","buffer",95835773
"buffer","buffer","buffer","buffer","buffer","buffer","buffer","buffer","buffer","buffer",95847710
"buffer","buffer","buffer","buffer","buffer","buffer","buffer","buffer","buffer","buffer",95860006
"buffer","buffer","buffer","buffer","buffer","buffer","buffer","buffer","buffer","buffer",95871770
"buffer","buffer","buffer","buffer","buffer","buffer","buffer","buffer","buffer","buffer",95884036
"buffer","buffer","buffer","buffer","buffer","buffer","buffer","buffer","buffer","buffer",95895940
"buffer","buffer","buffer","buffer","buffer","buffer","buffer","buffer","buffer","buffer",95908104
"buffer","buffer","buffer","buffer","buffer","buffer","buffer","buffer","buffer","buffer",95920065
"buffer","buffer","buffer","buffer","buffer","buffer","buffer","buffer","buffer","buffer",95932018
"buffer","buffer","buffer","buffer","buffer","buffer","buffer","buffer","buffer","buffer",95944193
"buffer","buffer","buffer","buffer","buffer","buffer","buffer","buffer","buffer","buffer",95956240
"buffer","buffer","buffer","buffer","buffer","buffer","buffer","buffer","buffer","buffer",95968284
"buffer","buffer","buffer","buffer","buffer","buffer","buffer","buffer","buffer","buffer",95980311
"buffer","buffer","buffer","buffer","buffer","buffer","buffer","buffer","buffer","buffer",95992408
"buffer","buffer","buffer","buffer","buffer","buffer","buffer","buffer","buffer","buffer",96004485
"buffer","buffer","buffer","buffer","buffer","buffer","buffer","buffer","buffer","buffer",96016305
"buffer","buffer","buffer","buffer","buffer","buffer","buffer","buffer","buffer","buffer",96028554
"buffer","buffer","buffer","buffer","buffer","buffer","buffer","buffer","buffer","buffer",96040640
"buffer","buffer","buffer","buffer","buffer","buffer","buffer","buffer","buffer","buffer",96052730
"buffer","buffer","buffer","buffer","buffer","buffer","buffer","buffer","buffer","buffer",96064845
"buffer","buffer","buffer","buffer","buffer","buffer","buffer","buffer","buffer","buffer",96076612
"buffer","buffer","buffer","buffer","buffer","buffer","buffer","buffer","buffer","buffer",96088762
"buffer","buffer","buffer","buffer","buffer","buffer","buffer","buffer","buffer","buffer",96100776
"buffer","buffer","buffer","buffer","buffer","buffer","buffer","buffer","buffer","buffer",96112769
"buffer","buffer","buffer","buffer","buffer","buffer","buffer","buffer","buffer","buffer",96124849
"buffer","buffer","buffer","buffer","buffer","buffer","buffer","buffer","buffer","buffer",96136805
"buffer","buffer","buffer","buffer","buffer","buffer","buffer","buffer","buffer","buffer",96149048
"buffer","buffer","buffer","buffer","buffer","buffer","buffer","buffer","buffer","buffer",96160916
"buffer","buffer","buffer","buffer","buffer","buffer","buffer","buffer","buffer","buffer",96173144
"buffer","buffer","buffer","buffer","buffer","buffer","buffer","buffer","buffer","buffer",96185083
"buffer","buffer","buffer","buffer","buffer","buffer","buffer","buffer","buffer","buffer",96197203
"buffer","buffer","buffer","buffer","buffer","buffer","buffer","buffer","buffer","buffer",96209362
"buffer","buffer","buffer","buffer","buffer","buffer","buffer","buffer","buffer","buffer",96221169
"buffer","buffer","buffer","buffer","buffer","buffer","buffer","buffer","buffer","buffer",96233409
"buffer","buffer","buffer","buffer","buffer","buffer","buffer","buffer","buffer","buffer",96245339
"buffer","buffer","buffer","buffer","buffer","buffer","buffer","buffer","buffer","buffer",96257506
"buffer","buffer","buffer","buffer","buffer","buffer","buffer","buffer","buffer","buffer",96269424
"buffer","buffer","buffer","buffer","buffer","buffer","buffer","buffer","buffer","buffer",96281697
"buffer","buffer","buffer","buffer","buffer","buffer","buffer","buffer","buffer","buffer",96293433
"buffer","buffer","buffer","buffer","buffer","buffer","buffer","buffer","buffer","buffer",96305396
"buffer","buffer","buffer","buffer","buffer","buffer","buffer","buffer","buffer","buffer",96317615
"buffer","buffer","buffer","buffer","buffer","buffer","buffer","buffer","buffer","buffer",96329649
"buffer","buffer","buffer","buffer","buffer","buffer","buffer","buffer","buffer","buffer",96341696
"buffer","buffer","buffer","buffer","buffer","buffer","buffer","buffer","buffer","buffer",96353643
"buffer","buffer","buffer","buffer","buffer","buffer","buffer","buffer","buffer","buffer",96365873
"buffer","buffer","buffer","buffer","buffer","buffer","buffer","buffer","buffer","buffer",96377869
"buffer","buffer","buffer","buffer","buffer","buffer","buffer","buffer","buffer","buffer",96389853
"buffer","buffer","buffer","buffer","buffer","buffer","buffer","buffer","buffer","buffer",96401903
"buffer","buffer","buffer","buffer","buffer","buffer","buffer","buffer","buffer","buffer",96414025
"buffer","buffer","buffer","buffer","buffer","buffer","buffer","buffer","buffer","buffer",96426120
"buffer","buffer","buffer","buffer","buffer","buffer","buffer","buffer","buffer","buffer",96438296
"buffer","buffer","buffer","buffer","buffer","buffer","buffer","buffer","buffer","buffer",96450166
"buffer","buffer","buffer","buffer","buffer","buffer","buffer","buffer","buffer","buffer",96462282
"buffer","buffer","buffer","buffer","buffer","buffer","buffer","buffer","buffer","buffer",96474262
"buffer","buffer","buffer","buffer","buffer","buffer","buffer","buffer","buffer","buffer",96486289
"buffer","buffer","buffer","buffer","buffer","buffer","buffer","buffer","buffer","buffer",96498165
"buffer","buffer","buffer","buffer","buffer","buffer","buffer","buffer","buffer","buffer",96510530
"buffer","buffer","buffer","buffer","buffer","buffer","buffer","buffer","buffer","buffer",96522313
"buffer","buffer","buffer","buffer","buffer","buffer","buffer","buffer","buffer","buffer",96534526
"buffer","buffer","buffer","buffer","buffer","buffer","buffer","buffer","buffer","buffer",96546318
"buffer","buffer","buffer","buffer","buffer","buffer","buffer","buffer","buffer","buffer",96558547
"buffer","buffer","buffer","buffer","buffer","buffer","buffer","buffer","buffer","buffer",96570469
"buffer","buffer","buffer","buffer","buffer","buffer","buffer","buffer","buffer","buffer",96582780
"buffer","buffer","buffer","buffer","buffer","buffer","buffer","buffer","buffer","buffer",96594574
"buffer","buffer","buffer","buffer","buffer","buffer","buffer","buffer","buffer","buffer",96606641
"buffer","buffer","buffer","buffer","buffer","buffer","buffer","buffer","buffer","buffer",96618800
"buffer","buffer","buffer","buffer","buffer","buffer","buffer","buffer","buffer","buffer",96630903
"buffer","buffer","buffer","buffer","buffer","buffer","buffer","buffer","buffer","buffer",96642843
"buffer","buffer","buffer","buffer","buffer","buffer","buffer","buffer","buffer","buffer",96654825
"buffer","buffer","buffer","buffer","buffer","buffer","buffer","buffer","buffer","buffer",96666845
"buffer","buffer","buffer","buffer","buffer","buffer","buffer","buffer","buffer","buffer",96679126
"buffer","buffer","buffer","buffer","buffer","buffer","buffer","buffer","buffer","buffer",96691195
"buffer","buffer","buffer","buffer","buffer","buffer","buffer","buffer","buffer","buffer",96702824
"buffer","buffer","buffer","buffer","buffer","buffer","buffer","buffer","buffer","buffer",96715242
"buffer","buffer","buffer","buffer","buffer","buffer","buffer","buffer","buffer","buffer",96727197
"buffer","buffer","buffer","buffer","buffer","buffer","buffer","buffer","buffer","buffer",96739072
"buffer","buffer","buffer","buffer","buffer","buffer","buffer","buffer","buffer","buffer",96751304
"buffer","buffer","buffer","buffer","buffer","buffer","buffer","buffer","buffer","buffer",96763232
"buffer","buffer","buffer","buffer","buffer","buffer","buffer","buffer","buffer","buffer",96775299
"buffer","buffer","buffer","buffer","buffer","buffer","buffer","buffer","buffer","buffer",96787416
"buffer","buffer","buffer","buffer","buffer","buffer","buffer","buffer","buffer","buffer",96799546
"buffer","buffer","buffer","buffer","buffer","buffer","buffer","buffer","buffer","buffer",96811408
"buffer","buffer","buffer","buffer","buffer","buffer","buffer","buffer","buffer","buffer",96823299
"buffer","buffer","buffer","buffer","buffer","buffer","buffer","buffer","buffer","buffer",96835523
"buffer","buffer","buffer","buffer","buffer","buffer","buffer","buffer","buffer","buffer",96847607
"buffer","buffer","buffer","buffer","buffer","buffer","buffer","buffer","buffer","buffer",96859785
"buffer","buffer","buffer","buffer","buffer","buffer","buffer","buffer","buffer","buffer",96871786
"buffer","buffer","buffer","buffer","buffer","buffer","buffer","buffer","buffer","buffer",96884014
"buffer","buffer","buffer","buffer","buffer","buffer","buffer","buffer","buffer","buffer",96895868
"buffer","buffer","buffer","buffer","buffer","buffer","buffer","buffer","buffer","buffer",96907948
"buffer","buffer","buffer","buffer","buffer","buffer","buffer","buffer","buffer","buffer",96919770
"buffer","buffer","buffer","buffer","buffer","buffer","buffer","buffer","buffer","buffer",96931865
"buffer","buffer","buffer","buffer","buffer","buffer","buffer","buffer","buffer","buffer",96943755
"buffer","buffer","buffer","buffer","buffer","buffer","buffer","buffer","buffer","buffer",96955747
"buffer","buffer","buffer","buffer","buffer","buffer","buffer","buffer","buffer","buffer",96968189
"buffer","buffer","buffer","buffer","buffer","buffer","buffer","buffer","buffer","buffer",96980106
"buffer","buffer","buffer","buffer","buffer","buffer","buffer","buffer","buffer","buffer",96992122
"buffer","buffer","buffer","buffer","buffer","buffer","buffer","buffer","buffer","buffer",97004093
"buffer","buffer","buffer","buffer","buffer","buffer","buffer","buffer","buffer","buffer",97016374
"buffer","buffer","buffer","buffer","buffer","buffer","buffer","buffer","buffer","buffer",97028293
"buffer","buffer","buffer","buffer","buffer","buffer","buffer","buffer","buffer","buffer",97040618
"buffer","buffer","buffer","buffer","buffer","buffer","buffer","buffer","buffer","buffer",97052450
"buffer","buffer","buffer","buffer","buffer","buffer","buffer","buffer","buffer","buffer",97064494
"buffer","buffer","buffer","buffer","buffer","buffer","buffer","buffer","buffer","buffer",97076508
"buffer","buffer","buffer","buffer","buffer","buffer","buffer","buffer","buffer","buffer",97088708
"buffer","buffer","buffer","buffer","buffer","buffer","buffer","buffer","buffer","buffer",97100642
"buffer","buffer","buffer","buffer","buffer","buffer","buffer","buffer","buffer","buffer",97112608
"buffer","buffer","buffer","buffer","buffer","buffer","buffer","buffer","buffer","buffer",97124528
"buffer","buffer","buffer","buffer","buffer","buffer","buffer","buffer","buffer","buffer",97136765
"buffer","buffer","buffer","buffer","buffer","buffer","buffer","buffer","buffer","buffer",97148810
"buffer","buffer","buffer","buffer","buffer","buffer","buffer","buffer","buffer","buffer",97160863
"buffer","buffer","buffer","buffer","buffer","buffer","buffer","buffer","buffer","buffer",97172769
"buffer","buffer","buffer","buffer","buffer","buffer","buffer","buffer","buffer","buffer",97184808
"buffer","buffer","buffer","buffer","buffer","buffer","buffer","buffer","buffer","buffer",97197032
"buffer","buffer","buffer","buffer","buffer","buffer","buffer","buffer","buffer","buffer",97208996
"buffer","buffer","buffer","buffer","buffer","buffer","buffer","buffer","buffer","buffer",97221019
"buffer","buffer","buffer","buffer","buffer","buffer","buffer","buffer","buffer","buffer",97233076
"buffer","buffer","buffer","buffer","buffer","buffer","buffer","buffer","buffer","buffer",97245094
"buffer","buffer","buffer","buffer","buffer","buffer","buffer","buffer","buffer","buffer",97257123
"buffer","buffer","buffer","buffer","buffer","buffer","buffer","buffer","buffer","buffer",97269393
"buffer","buffer","buffer","buffer","buffer","buffer","buffer","buffer","buffer","buffer",97281391
"buffer","buffer","buffer","buffer","buffer","buffer","buffer","buffer","buffer","buffer",97293337
"buffer","buffer","buffer","buffer","buffer","buffer","buffer","buffer","buffer","buffer",97305343
"buffer","buffer","buffer","buffer","buffer","buffer","buffer","buffer","buffer","buffer",97317429
"buffer","buffer","buffer","buffer","buffer","buffer","buffer","buffer","buffer","buffer",97329432
"buffer","buffer","buffer","buffer","buffer","buffer","buffer","buffer","buffer","buffer",97341480
"buffer","buffer","buffer","buffer","buffer","buffer","buffer","buffer","buffer","buffer",97353553
"buffer","buffer","buffer","buffer","buffer","buffer","buffer","buffer","buffer","buffer",97365694
"buffer","buffer","buffer","buffer","buffer","buffer","buffer","buffer","buffer","buffer",97377617
"buffer","buffer","buffer","buffer","buffer","buffer","buffer","buffer","buffer","buffer",97389675
"buffer","buffer","buffer","buffer","buffer","buffer","buffer","buffer","buffer","buffer",97401544
"buffer","buffer","buffer","buffer","buffer","buffer","buffer","buffer","buffer","buffer",97413777
"buffer","buffer","buffer","buffer","buffer","buffer","buffer","buffer","buffer","buffer",97425879
"buffer","buffer","buffer","buffer","buffer","buffer","buffer","buffer","buffer","buffer",97437706
"buffer","buffer","buffer","buffer","buffer","buffer","buffer","buffer","buffer","buffer",97449873
"buffer","buffer","buffer","buffer","buffer","buffer","buffer","buffer","buffer","buffer",97461967
"buffer","buffer","buffer","buffer","buffer","buffer","buffer","buffer","buffer","buffer",97473963
"buffer","buffer","buffer","buffer","buffer","buffer","buffer","buffer","buffer","buffer",97486014
"buffer","buffer","buffer","buffer","buffer","buffer","buffer","buffer","buffer","buffer",97498171
"buffer","buffer","buffer","buffer","buffer","buffer","buffer","buffer","buffer","buffer",97510059
"buffer","buffer","buffer","buffer","buffer","buffer","buffer","buffer","buffer","buffer",97522250
"buffer","buffer","buffer","buffer","buffer","buffer","buffer","buffer","buffer","buffer",97534256
"buffer","buffer","buffer","buffer","buffer","buffer","buffer","buffer","buffer","buffer",97546215
"buffer","buffer","buffer","buffer","buffer","buffer","buffer","buffer","buffer","buffer",97558193
"buffer","buffer","buffer","buffer","buffer","buffer","buffer","buffer","buffer","buffer",97570436
"buffer","buffer","buffer","buffer","buffer","buffer","buffer","buffer","buffer","buffer",97582438
"buffer","buffer","buffer","buffer","buffer","buffer","buffer","buffer","buffer","buffer",97594537
"buffer","buffer","buffer","buffer","buffer","buffer","buffer","buffer","buffer","buffer",97606572
"buffer","buffer","buffer","buffer","buffer","buffer","buffer","buffer","buffer","buffer",97618728
"buffer","buffer","buffer","buffer","buffer","buffer","buffer","buffer","buffer","buffer",97630450
"buffer","buffer","buffer","buffer","buffer","buffer","buffer","buffer","buffer","buffer",97642731
"buffer","buffer","buffer","buffer","buffer","buffer","buffer","buffer","buffer","buffer",97654696
"buffer","buffer","buffer","buffer","buffer","buffer","buffer","buffer","buffer","buffer",97666815
"buffer","buffer","buffer","buffer","buffer","buffer","buffer","buffer","buffer","buffer",97678906
"buffer","buffer","buffer","buffer","buffer","buffer","buffer","buffer","buffer","buffer",97690710
"buffer","buffer","buffer","buffer","buffer","buffer","buffer","buffer","buffer","buffer",97702772
"buffer","buffer","buffer","buffer","buffer","buffer","buffer","buffer","buffer","buffer",97714990
"buffer","buffer","buffer","buffer","buffer","buffer","buffer","buffer","buffer","buffer",97727062
"buffer","buffer","buffer","buffer","buffer","buffer","buffer","buffer","buffer","buffer",97739237
"buffer","buffer","buffer","buffer","buffer","buffer","buffer","buffer","buffer","buffer",97751166
"buffer","buffer","buffer","buffer","buffer","buffer","buffer","buffer","buffer","buffer",97763112
"buffer","buffer","buffer","buffer","buffer","buffer","buffer","buffer","buffer","buffer",97775203
"buffer","buffer","buffer","buffer","buffer","buffer","buffer","buffer","buffer","buffer",97787140
"buffer","buffer","buffer","buffer","buffer","buffer","buffer","buffer","buffer","buffer",97799208
"buffer","buffer","buffer","buffer","buffer","buffer","buffer","buffer","buffer","buffer",97811277
"buffer","buffer","buffer","buffer","buffer","buffer","buffer","buffer","buffer","buffer",97823389
"buffer","buffer","buffer","buffer","buffer","buffer","buffer","buffer","buffer","buffer",97835507
"buffer","buffer","buffer","buffer","buffer","buffer","buffer","buffer","buffer","buffer",97847458
"buffer","buffer","buffer","buffer","buffer","buffer","buffer","buffer","buffer","buffer",97859564
"buffer","buffer","buffer","buffer","buffer","buffer","buffer","buffer","buffer","buffer",97871395
"buffer","buffer","buffer","buffer","buffer","buffer","buffer","buffer","buffer","buffer",97883536
"buffer","buffer","buffer","buffer","buffer","buffer","buffer","buffer","buffer","buffer",97895550
"buffer","buffer","buffer","buffer","buffer","buffer","buffer","buffer","buffer","buffer",97907557
"buffer","buffer","buffer","buffer","buffer","buffer","buffer","buffer","buffer","buffer",97919665
"buffer","buffer","buffer","buffer","buffer","buffer","buffer","buffer","buffer","buffer",97931748
"buffer","buffer","buffer","buffer","buffer","buffer","buffer","buffer","buffer","buffer",97943902
"buffer","buffer","buffer","buffer","buffer","buffer","buffer","buffer","buffer","buffer",97955843
"buffer","buffer","buffer","buffer","buffer","buffer","buffer","buffer","buffer","buffer",97967650
"buffer","buffer","buffer","buffer","buffer","buffer","buffer","buffer","buffer","buffer",97980051
"buffer","buffer","buffer","buffer","buffer","buffer","buffer","buffer","buffer","buffer",97991828
"buffer","buffer","buffer","buffer","buffer","buffer","buffer","buffer","buffer","buffer",98003958
"buffer","buffer","buffer","buffer","buffer","buffer","buffer","buffer","buffer","buffer",98016204
"buffer","buffer","buffer","buffer","buffer","buffer","buffer","buffer","buffer","buffer",98028044
"buffer","buffer","buffer","buffer","buffer","buffer","buffer","buffer","buffer","buffer",98040176
"buffer","buffer","buffer","buffer","buffer","buffer","buffer","buffer","buffer","buffer",98052059
"buffer","buffer","buffer","buffer","buffer","buffer","buffer","buffer","buffer","buffer",98064304
"buffer","buffer","buffer","buffer","buffer","buffer","buffer","buffer","buffer","buffer",98076283
"buffer","buffer","buffer","buffer","buffer","buffer","buffer","buffer","buffer","buffer",98088298
"buffer","buffer","buffer","buffer","buffer","buffer","buffer","buffer","buffer","buffer",98100519
"buffer","buffer","buffer","buffer","buffer","buffer","buffer","buffer","buffer","buffer",98112368
"buffer","buffer","buffer","buffer","buffer","buffer","buffer","buffer","buffer","buffer",98124483
"buffer","buffer","buffer","buffer","buffer","buffer","buffer","buffer","buffer","buffer",98136466
"buffer","buffer","buffer","buffer","buffer","buffer","buffer","buffer","buffer","buffer",98148552
"buffer","buffer","buffer","buffer","buffer","buffer","buffer","buffer","buffer","buffer",98160534
"buffer","buffer","buffer","buffer","buffer","buffer","buffer","buffer","buffer","buffer",98172756
"buffer","buffer","buffer","buffer","buffer","buffer","buffer","buffer","buffer","buffer",98184650
"buffer","buffer","buffer","buffer","buffer","buffer","buffer","buffer","buffer","buffer",98196705
"buffer","buffer","buffer","buffer","buffer","buffer","buffer","buffer","buffer","buffer",98208787
"buffer","buffer","buffer","buffer","buffer","buffer","buffer","buffer","buffer","buffer",98220758
"buffer","buffer","buffer","buffer","buffer","buffer","buffer","buffer","buffer","buffer",98232946
"buffer","buffer","buffer","buffer","buffer","buffer","buffer","buffer","buffer","buffer",98244851
"buffer","buffer","buffer","buffer","buffer","buffer","buffer","buffer","buffer","buffer",98256960
"buffer","buffer","buffer","buffer","buffer","buffer","buffer","buffer","buffer","buffer",98268830
"buffer","buffer","buffer","buffer","buffer","buffer","buffer","buffer","buffer","buffer",98280939
"buffer","buffer","buffer","buffer","buffer","buffer","buffer","buffer","buffer","buffer",98293136
"buffer","buffer","buffer","buffer","buffer","buffer","buffer","buffer","buffer","buffer",98305184
"buffer","buffer","buffer","buffer","buffer","buffer","buffer","buffer","buffer","buffer",98317281
"buffer","buffer","buffer","buffer","buffer","buffer","buffer","buffer","buffer","buffer",98329211
"buffer","buffer","buffer","buffer","buffer","buffer","buffer","buffer","buffer","buffer",98341300
"buffer","buffer","buffer","buffer","buffer","buffer","buffer","buffer","buffer","buffer",98353211
"buffer","buffer","buffer","buffer","buffer","buffer","buffer","buffer","buffer","buffer",98365375
"buffer","buffer","buffer","buffer","buffer","buffer","buffer","buffer","buffer","buffer",98377546
"buffer","buffer","buffer","buffer","buffer","buffer","buffer","buffer","buffer","buffer",98389550
"buffer","buffer","buffer","buffer","buffer","buffer","buffer","buffer","buffer","buffer",98401366
"buffer","buffer","buffer","buffer","buffer","buffer","buffer","buffer","buffer","buffer",98413572
"buffer","buffer","buffer","buffer","buffer","buffer","buffer","buffer","buffer","buffer",98425545
"buffer","buffer","buffer","buffer","buffer","buffer","buffer","buffer","buffer","buffer",98437559
"buffer","buffer","buffer","buffer","buffer","buffer","buffer","buffer","buffer","buffer",98449615
"buffer","buffer","buffer","buffer","buffer","buffer","buffer","buffer","buffer","buffer",98461819
"buffer","buffer","buffer","buffer","buffer","buffer","buffer","buffer","buffer","buffer",98473800
"buffer","buffer","buffer","buffer","buffer","buffer","buffer","buffer","buffer","buffer",98485872
"buffer","buffer","buffer","buffer","buffer","buffer","buffer","buffer","buffer","buffer",98497956
"buffer","buffer","buffer","buffer","buffer","buffer","buffer","buffer","buffer","buffer",98509889
"buffer","buffer","buffer","buffer","buffer","buffer","buffer","buffer","buffer","buffer",98521808
"buffer","buffer","buffer","buffer","buffer","buffer","buffer","buffer","buffer","buffer",98534023
"buffer","buffer","buffer","buffer","buffer","buffer","buffer","buffer","buffer","buffer",98546033
"buffer","buffer","buffer","buffer","buffer","buffer","buffer","buffer","buffer","buffer",98558247
"buffer","buffer","buffer","buffer","buffer","buffer","buffer","buffer","buffer","buffer",98570133
"buffer","buffer","buffer","buffer","buffer","buffer","buffer","buffer","buffer","buffer",98582096
"buffer","buffer","buffer","buffer","buffer","buffer","buffer","buffer","buffer","buffer",98594284
"buffer","buffer","buffer","buffer","buffer","buffer","buffer","buffer","buffer","buffer",98606237
"buffer","buffer","buffer","buffer","buffer","buffer","buffer","buffer","buffer","buffer",98618415
"buffer","buffer","buffer","buffer","buffer","buffer","buffer","buffer","buffer","buffer",98630432
"buffer","buffer","buffer","buffer","buffer","buffer","buffer","buffer","buffer","buffer",98642442
"buffer","buffer","buffer","buffer","buffer","buffer","buffer","buffer","buffer","buffer",98654458
"buffer","buffer","buffer","buffer","buffer","buffer","buffer","buffer","buffer","buffer",98666296
"buffer","buffer","buffer","buffer","buffer","buffer","buffer","buffer","buffer","buffer",98678499
"buffer","buffer","buffer","buffer","buffer","buffer","buffer","buffer","buffer","buffer",98690421
"buffer","buffer","buffer","buffer","buffer","buffer","buffer","buffer","buffer","buffer",98702697
"buffer","buffer","buffer","buffer","buffer","buffer","buffer","buffer","buffer","buffer",98714741
"buffer","buffer","buffer","buffer","buffer","buffer","buffer","buffer","buffer","buffer",98726853
"buffer","buffer","buffer","buffer","buffer","buffer","buffer","buffer","buffer","buffer",98738732
"buffer","buffer","buffer","buffer","buffer","buffer","buffer","buffer","buffer","buffer",98750912
"buffer","buffer","buffer","buffer","buffer","buffer","buffer","buffer","buffer","buffer",98762850
"buffer","buffer","buffer","buffer","buffer","buffer","buffer","buffer","buffer","buffer",98775014
"buffer","buffer","buffer","buffer","buffer","buffer","buffer","buffer","buffer","buffer",98786934
"buffer","buffer","buffer","buffer","buffer","buffer","buffer","buffer","buffer","buffer",98798879
"buffer","buffer","buffer","buffer","buffer","buffer","buffer","buffer","buffer","buffer",98810999
"buffer","buffer","buffer","buffer","buffer","buffer","buffer","buffer","buffer","buffer",98823094
"buffer","buffer","buffer","buffer","buffer","buffer","buffer","buffer","buffer","buffer",98835313
"buffer","buffer","buffer","buffer","buffer","buffer","buffer","buffer","buffer","buffer",98847175
"buffer","buffer","buffer","buffer","buffer","buffer","buffer","buffer","buffer","buffer",98859232
"buffer","buffer","buffer","buffer","buffer","buffer","buffer","buffer","buffer","buffer",98871412
"buffer","buffer","buffer","buffer","buffer","buffer","buffer","buffer","buffer","buffer",98883346
"buffer","buffer","buffer","buffer","buffer","buffer","buffer","buffer","buffer","buffer",98895443
"buffer","buffer","buffer","buffer","buffer","buffer","buffer","buffer","buffer","buffer",98907535
"buffer","buffer","buffer","buffer","buffer","buffer","buffer","buffer","buffer","buffer",98919527
"buffer","buffer","buffer","buffer","buffer","buffer","buffer","buffer","buffer","buffer",98931493
"buffer","buffer","buffer","buffer","buffer","buffer","buffer","buffer","buffer","buffer",98943594
"buffer","buffer","buffer","buffer","buffer","buffer","buffer","buffer","buffer","buffer",98955582
"buffer","buffer","buffer","buffer","buffer","buffer","buffer","buffer","buffer","buffer",98967638
"buffer","buffer","buffer","buffer","buffer","buffer","buffer","buffer","buffer","buffer",98979599
"buffer","buffer","buffer","buffer","buffer","buffer","buffer","buffer","buffer","buffer",98991845
"buffer","buffer","buffer","buffer","buffer","buffer","buffer","buffer","buffer","buffer",99003823
"buffer","buffer","buffer","buffer","buffer","buffer","buffer","buffer","buffer","buffer",99015720
"buffer","buffer","buffer","buffer","buffer","buffer","buffer","buffer","buffer","buffer",99027821
"buffer","buffer","buffer","buffer","buffer","buffer","buffer","buffer","buffer","buffer",99040004
"buffer","buffer","buffer","buffer","buffer","buffer","buffer","buffer","buffer","buffer",99051819
"buffer","buffer","buffer","buffer","buffer","buffer","buffer","buffer","buffer","buffer",99064033
"buffer","buffer","buffer","buffer","buffer","buffer","buffer","buffer","buffer","buffer",99076258
"buffer","buffer","buffer","buffer","buffer","buffer","buffer","buffer","buffer","buffer",99088055
"buffer","buffer","buffer","buffer","buffer","buffer","buffer","buffer","buffer","buffer",99100247
"buffer","buffer","buffer","buffer","buffer","buffer","buffer","buffer","buffer","buffer",99112214
"buffer","buffer","buffer","buffer","buffer","buffer","buffer","buffer","buffer","buffer",99124366
"buffer","buffer","buffer","buffer","buffer","buffer","buffer","buffer","buffer","buffer",99136537
"buffer","buffer","buffer","buffer","buffer","buffer","buffer","buffer","buffer","buffer",99148381
"buffer","buffer","buffer","buffer","buffer","buffer","buffer","buffer","buffer","buffer",99160402
"buffer","buffer","buffer","buffer","buffer","buffer","buffer","buffer","buffer","buffer",99172425
"buffer","buffer","buffer","buffer","buffer","buffer","buffer","buffer","buffer","buffer",99184535
"buffer","buffer","buffer","buffer","buffer","buffer","buffer","buffer","buffer","buffer",99196595
"buffer","buffer","buffer","buffer","buffer","buffer","buffer","buffer","buffer","buffer",99208725
"buffer","buffer","buffer","buffer","buffer","buffer","buffer","buffer","buffer","buffer",99220557
"buffer","buffer","buffer","buffer","buffer","buffer","buffer","buffer","buffer","buffer",99232759
"buffer","buffer","buffer","buffer","buffer","buffer","buffer","buffer","buffer","buffer",99244716
"buffer","buffer","buffer","buffer","buffer","buffer","buffer","buffer","buffer","buffer",99256793
"buffer","buffer","buffer","buffer","buffer","buffer","buffer","buffer","buffer","buffer",99268672
"buffer","buffer","buffer","buffer","buffer","buffer","buffer","buffer","buffer","buffer",99280826
"buffer","buffer","buffer","buffer","buffer","buffer","buffer","buffer","buffer","buffer",99292764
"buffer","buffer","buffer","buffer","buffer","buffer","buffer","buffer","buffer","buffer",99304926
"buffer","buffer","buffer","buffer","buffer","buffer","buffer","buffer","buffer","buffer",99317014
"buffer","buffer","buffer","buffer","buffer","buffer","buffer","buffer","buffer","buffer",99329204
"buffer","buffer","buffer","buffer","buffer","buffer","buffer","buffer","buffer","buffer",99340910
"buffer","buffer","buffer","buffer","buffer","buffer","buffer","buffer","buffer","buffer",99353228
"buffer","buffer","buffer","buffer","buffer","buffer","buffer","buffer","buffer","buffer",99365048
"buffer","buffer","buffer","buffer","buffer","buffer","buffer","buffer","buffer","buffer",99377297
"buffer","buffer","buffer","buffer","buffer","buffer","buffer","buffer","buffer","buffer",99389139
"buffer","buffer","buffer","buffer","buffer","buffer","buffer","buffer","buffer","buffer",99401380
"buffer","buffer","buffer","buffer","buffer","buffer","buffer","buffer","buffer","buffer",99413377
"buffer","buffer","buffer","buffer","buffer","buffer","buffer","buffer","buffer","buffer",99425569
"buffer","buffer","buffer","buffer","buffer","buffer","buffer","buffer","buffer","buffer",99437493
"buffer","buffer","buffer","buffer","buffer","buffer","buffer","buffer","buffer","buffer",99449503
"buffer","buffer","buffer","buffer","buffer","buffer","buffer","buffer","buffer","buffer",99461470
"buffer","buffer","buffer","buffer","buffer","buffer","buffer","buffer","buffer","buffer",99473500
"buffer","buffer","buffer","buffer","buffer","buffer","buffer","buffer","buffer","buffer",99485727
"buffer","buffer","buffer","buffer","buffer","buffer","buffer","buffer","buffer","buffer",99497690
"buffer","buffer","buffer","buffer","buffer","buffer","buffer","buffer","buffer","buffer",99509736
"buffer","buffer","buffer","buffer","buffer","buffer","buffer","buffer","buffer","buffer",99521965
"buffer","buffer","buffer","buffer","buffer","buffer","buffer","buffer","buffer","buffer",99533797
"buffer","buffer","buffer","buffer","buffer","buffer","buffer","buffer","buffer","buffer",99545779
"buffer","buffer","buffer","buffer","buffer","buffer","buffer","buffer","buffer","buffer",99557929
"buffer","buffer","buffer","buffer","buffer","buffer","buffer","buffer","buffer","buffer",99569919
"buffer","buffer","buffer","buffer","buffer","buffer","buffer","buffer","buffer","buffer",99582005
"buffer","buffer","buffer","buffer","buffer","buffer","buffer","buffer","buffer","buffer",99594041
"buffer","buffer","buffer","buffer","buffer","buffer","buffer","buffer","buffer","buffer",99606136
"buffer","buffer","buffer","buffer","buffer","buffer","buffer","buffer","buffer","buffer",99618225
"buffer","buffer","buffer","buffer","buffer","buffer","buffer","buffer","buffer","buffer",99630055
"buffer","buffer","buffer","buffer","buffer","buffer","buffer","buffer","buffer","buffer",99642160
"buffer","buffer","buffer","buffer","buffer","buffer","buffer","buffer","buffer","buffer",99654237
"buffer","buffer","buffer","buffer","buffer","buffer","buffer","buffer","buffer","buffer",99666264
"buffer","buffer","buffer","buffer","buffer","buffer","buffer","buffer","buffer","buffer",99678443
"buffer","buffer","buffer","buffer","buffer","buffer","buffer","buffer","buffer","buffer",99690420
"buffer","buffer","buffer","buffer","buffer","buffer","buffer","buffer","buffer","buffer",99702353
"buffer","buffer","buffer","buffer","buffer","buffer","buffer","buffer","buffer","buffer",99714490
"buffer","buffer","buffer","buffer","buffer","buffer","buffer","buffer","buffer","buffer",99726506
"buffer","buffer","buffer","buffer","buffer","buffer","buffer","buffer","buffer","buffer",99738483
"buffer","buffer","buffer","buffer","buffer","buffer","buffer","buffer","buffer","buffer",99750845
"buffer","buffer","buffer","buffer","buffer","buffer","buffer","buffer","buffer","buffer",99762659
"buffer","buffer","buffer","buffer","buffer","buffer","buffer","buffer","buffer","buffer",99774588
"buffer","buffer","buffer","buffer","buffer","buffer","buffer","buffer","buffer","buffer",99787014
"buffer","buffer","buffer","buffer","buffer","buffer","buffer","buffer","buffer","buffer",99799038
"buffer","buffer","buffer","buffer","buffer","buffer","buffer","buffer","buffer","buffer",99810806
"buffer","buffer","buffer","buffer","buffer","buffer","buffer","buffer","buffer","buffer",99822912
"buffer","buffer","buffer","buffer","buffer","buffer","buffer","buffer","buffer","buffer",99834675
"buffer","buffer","buffer","buffer","buffer","buffer","buffer","buffer","buffer","buffer",99846908
"buffer","buffer","buffer","buffer","buffer","buffer","buffer","buffer","buffer","buffer",99859064
"buffer","buffer","buffer","buffer","buffer","buffer","buffer","buffer","buffer","buffer",99870927
"buffer","buffer","buffer","buffer","buffer","buffer","buffer","buffer","buffer","buffer",99883243
"buffer","buffer","buffer","buffer","buffer","buffer","buffer","buffer","buffer","buffer",99895223
"buffer","buffer","buffer","buffer","buffer","buffer","buffer","buffer","buffer","buffer",99907136
"buffer","buffer","buffer","buffer","buffer","buffer","buffer","buffer","buffer","buffer",99919265
"buffer","buffer","buffer","buffer","buffer","buffer","buffer","buffer","buffer","buffer",99931435
"buffer","buffer","buffer","buffer","buffer","buffer","buffer","buffer","buffer","buffer",99943306
"buffer","buffer","buffer","buffer","buffer","buffer","buffer","buffer","buffer","buffer",99955472
"buffer","buffer","buffer","buffer","buffer","buffer","buffer","buffer","buffer","buffer",99967583
"buffer","buffer","buffer","buffer","buffer","buffer","buffer","buffer","buffer","buffer",99979379
"buffer","buffer","buffer","buffer","buffer","buffer","buffer","buffer","buffer","buffer",99991450
"buffer","buffer","buffer","buffer","buffer","buffer","buffer","buffer","buffer","buffer",100003700
"buffer","buffer","buffer","buffer","buffer","buffer","buffer","buffer","buffer","buffer",100015381
"buffer","buffer","buffer","buffer","buffer","buffer","buffer","buffer","buffer","buffer",100027701
"buffer","buffer","buffer","buffer","buffer","buffer","buffer","buffer","buffer","buffer",100039636
"buffer","buffer","buffer","buffer","buffer","buffer","buffer","buffer","buffer","buffer",100051740
"buffer","buffer","buffer","buffer","buffer","buffer","buffer","buffer","buffer","buffer",100063592
"buffer","buffer","buffer","buffer","buffer","buffer","buffer","buffer","buffer","buffer",100075779
"buffer","buffer","buffer","buffer","buffer","buffer","buffer","buffer","buffer","buffer",100087955
"buffer","buffer","buffer","buffer","buffer","buffer","buffer","buffer","buffer","buffer",100099798
"buffer","buffer","buffer","buffer","buffer","buffer","buffer","buffer","buffer","buffer",100111849
"buffer","buffer","buffer","buffer","buffer","buffer","buffer","buffer","buffer","buffer",100124186
"buffer","buffer","buffer","buffer","buffer","buffer","buffer","buffer","buffer","buffer",100136015
"buffer","buffer","buffer","buffer","buffer","buffer","buffer","buffer","buffer","buffer",100148203
"buffer","buffer","buffer","buffer","buffer","buffer","buffer","buffer","buffer","buffer",100160285
"buffer","buffer","buffer","buffer","buffer","buffer","buffer","buffer","buffer","buffer",100172226
"buffer","buffer","buffer","buffer","buffer","buffer","buffer","buffer","buffer","buffer",100184293
"buffer","buffer","buffer","buffer","buffer","buffer","buffer","buffer","buffer","buffer",100196328
"buffer","buffer","buffer","buffer","buffer","buffer","buffer","buffer","buffer","buffer",100208216
"buffer","buffer","buffer","buffer","buffer","buffer","buffer","buffer","buffer","buffer",100220401
"buffer","buffer","buffer","buffer","buffer","buffer","buffer","buffer","buffer","buffer",100232584
"buffer","buffer","buffer","buffer","buffer","buffer","buffer","buffer","buffer","buffer",100244397
"buffer","buffer","buffer","buffer","buffer","buffer","buffer","buffer","buffer","buffer",100256610
"buffer","buffer","buffer","buffer","buffer","buffer","buffer","buffer","buffer","buffer",100268512
"buffer","buffer","buffer","buffer","buffer","buffer","buffer","buffer","buffer","buffer",100280518
"buffer","buffer","buffer","buffer","buffer","buffer","buffer","buffer","buffer","buffer",100292820
"buffer","buffer","buffer","buffer","buffer","buffer","buffer","buffer","buffer","buffer",100304601
"buffer","buffer","buffer","buffer","buffer","buffer","buffer","buffer","buffer","buffer",100316752
"buffer","buffer","buffer","buffer","buffer","buffer","buffer","buffer","buffer","buffer",100328644
"buffer","buffer","buffer","buffer","buffer","buffer","buffer","buffer","buffer","buffer",100340595
"buffer","buffer","buffer","buffer","buffer","buffer","buffer","buffer","buffer","buffer",100352929
"buffer","buffer","buffer","buffer","buffer","buffer","buffer","buffer","buffer","buffer",100364858
"buffer","buffer","buffer","buffer","buffer","buffer","buffer","buffer","buffer","buffer",100376863
"buffer","buffer","buffer","buffer","buffer","buffer","buffer","buffer","buffer","buffer",100389051
"buffer","buffer","buffer","buffer","buffer","buffer","buffer","buffer","buffer","buffer",100401036
"buffer","buffer","buffer","buffer","buffer","buffer","buffer","buffer","buffer","buffer",100413037
"buffer","buffer","buffer","buffer","buffer","buffer","buffer","buffer","buffer","buffer",100425189
"buffer","buffer","buffer","buffer","buffer","buffer","buffer","buffer","buffer","buffer",100437173
"buffer","buffer","buffer","buffer","buffer","buffer","buffer","buffer","buffer","buffer",100449263
"buffer","buffer","buffer","buffer","buffer","buffer","buffer","buffer","buffer","buffer",100461334
"buffer","buffer","buffer","buffer","buffer","buffer","buffer","buffer","buffer","buffer",100473448
"buffer","buffer","buffer","buffer","buffer","buffer","buffer","buffer","buffer","buffer",100485429
"buffer","buffer","buffer","buffer","buffer","buffer","buffer","buffer","buffer","buffer",100497816
"buffer","buffer","buffer","buffer","buffer","buffer","buffer","buffer","buffer","buffer",100509293
"buffer","buffer","buffer","buffer","buffer","buffer","buffer","buffer","buffer","buffer",100521554
"buffer","buffer","buffer","buffer","buffer","buffer","buffer","buffer","buffer","buffer",100533517
"buffer","buffer","buffer","buffer","buffer","buffer","buffer","buffer","buffer","buffer",100545929
"buffer","buffer","buffer","buffer","buffer","buffer","buffer","buffer","buffer","buffer",100557760
"buffer","buffer","buffer","buffer","buffer","buffer","buffer","buffer","buffer","buffer",100569808
"buffer","buffer","buffer","buffer","buffer","buffer","buffer","buffer","buffer","buffer",100581630
"buffer","buffer","buffer","buffer","buffer","buffer","buffer","buffer","buffer","buffer",100593960
"buffer","buffer","buffer","buffer","buffer","buffer","buffer","buffer","buffer","buffer",100606038
"buffer","buffer","buffer","buffer","buffer","buffer","buffer","buffer","buffer","buffer",100617871
"buffer","buffer","buffer","buffer","buffer","buffer","buffer","buffer","buffer","buffer",100629915
"buffer","buffer","buffer","buffer","buffer","buffer","buffer","buffer","buffer","buffer",100642047
"buffer","buffer","buffer","buffer","buffer","buffer","buffer","buffer","buffer","buffer",100654109
"buffer","buffer","buffer","buffer","buffer","buffer","buffer","buffer","buffer","buffer",100666308
"buffer","buffer","buffer","buffer","buffer","buffer","buffer","buffer","buffer","buffer",100678120
"buffer","buffer","buffer","buffer","buffer","buffer","buffer","buffer","buffer","buffer",100690210
"buffer","buffer","buffer","buffer","buffer","buffer","buffer","buffer","buffer","buffer",100702200
"buffer","buffer","buffer","buffer","buffer","buffer","buffer","buffer","buffer","buffer",100714268
"buffer","buffer","buffer","buffer","buffer","buffer","buffer","buffer","buffer","buffer",100726302
"buffer","buffer","buffer","buffer","buffer","buffer","buffer","buffer","buffer","buffer",100738220
"buffer","buffer","buffer","buffer","buffer","buffer","buffer","buffer","buffer","buffer",100750472
"buffer","buffer","buffer","buffer","buffer","buffer","buffer","buffer","buffer","buffer",100762425
"buffer","buffer","buffer","buffer","buffer","buffer","buffer","buffer","buffer","buffer",100774390
"buffer","buffer","buffer","buffer","buffer","buffer","buffer","buffer","buffer","buffer",100786573
"buffer","buffer","buffer","buffer","buffer","buffer","buffer","buffer","buffer","buffer",100798687
"buffer","buffer","buffer","buffer","buffer","buffer","buffer","buffer","buffer","buffer",100810717
"buffer","buffer","buffer","buffer","buffer","buffer","buffer","buffer","buffer","buffer",100822523
"buffer","buffer","buffer","buffer","buffer","buffer","buffer","buffer","buffer","buffer",100834544
"buffer","buffer","buffer","buffer","buffer","buffer","buffer","buffer","buffer","buffer",100846873
"buffer","buffer","buffer","buffer","buffer","buffer","buffer","buffer","buffer","buffer",100858877
"buffer","buffer","buffer","buffer","buffer","buffer","buffer","buffer","buffer","buffer",100871092
"buffer","buffer","buffer","buffer","buffer","buffer","buffer","buffer","buffer","buffer",100882901
"buffer","buffer","buffer","buffer","buffer","buffer","buffer","buffer","buffer","buffer",100894866
"buffer","buffer","buffer","buffer","buffer","buffer","buffer","buffer","buffer","buffer",100907168
"buffer","buffer","buffer","buffer","buffer","buffer","buffer","buffer","buffer","buffer",100918891
"buffer","buffer","buffer","buffer","buffer","buffer","buffer","buffer","buffer","buffer",100931022
"buffer","buffer","buffer","buffer","buffer","buffer","buffer","buffer","buffer","buffer",100943312
"buffer","buffer","buffer","buffer","buffer","buffer","buffer","buffer","buffer","buffer",100955211
"buffer","buffer","buffer","buffer","buffer","buffer","buffer","buffer","buffer","buffer",100967168
"buffer","buffer","buffer","buffer","buffer","buffer","buffer","buffer","buffer","buffer",100979264
"buffer","buffer","buffer","buffer","buffer","buffer","buffer","buffer","buffer","buffer",100991316
"buffer","buffer","buffer","buffer","buffer","buffer","buffer","buffer","buffer","buffer",101003461
"buffer","buffer","buffer","buffer","buffer","buffer","buffer","buffer","buffer","buffer",101015469
"buffer","buffer","buffer","buffer","buffer","buffer","buffer","buffer","buffer","buffer",101027608
"buffer","buffer","buffer","buffer","buffer","buffer","buffer","buffer","buffer","buffer",101039557
"buffer","buffer","buffer","buffer","buffer","buffer","buffer","buffer","buffer","buffer",101051607
"buffer","buffer","buffer","buffer","buffer","buffer","buffer","buffer","buffer","buffer",101063621
"buffer","buffer","buffer","buffer","buffer","buffer","buffer","buffer","buffer","buffer",101075866
"buffer","buffer","buffer","buffer","buffer","buffer","buffer","buffer","buffer","buffer",101087699
"buffer","buffer","buffer","buffer","buffer","buffer","buffer","buffer","buffer","buffer",101099864
"buffer","buffer","buffer","buffer","buffer","buffer","buffer","buffer","buffer","buffer",101111754
"buffer","buffer","buffer","buffer","buffer","buffer","buffer","buffer","buffer","buffer",101123783
"buffer","buffer","buffer","buffer","buffer","buffer","buffer","buffer","buffer","buffer",101136007
"buffer","buffer","buffer","buffer","buffer","buffer","buffer","buffer","buffer","buffer",101147776
"buffer","buffer","buffer","buffer","buffer","buffer","buffer","buffer","buffer","buffer",101159970
"buffer","buffer","buffer","buffer","buffer","buffer","buffer","buffer","buffer","buffer",101172075
"buffer","buffer","buffer","buffer","buffer","buffer","buffer","buffer","buffer","buffer",101184046
"buffer","buffer","buffer","buffer","buffer","buffer","buffer","buffer","buffer","buffer",101196057
"buffer","buffer","buffer","buffer","buffer","buffer","buffer","buffer","buffer","buffer",101208157
"buffer","buffer","buffer","buffer","buffer","buffer","buffer","buffer","buffer","buffer",101220050
"buffer","buffer","buffer","buffer","buffer","buffer","buffer","buffer","buffer","buffer",101232261
"buffer","buffer","buffer","buffer","buffer","buffer","buffer","buffer","buffer","buffer",101244383
"buffer","buffer","buffer","buffer","buffer","buffer","buffer","buffer","buffer","buffer",101256193
"buffer","buffer","buffer","buffer","buffer","buffer","buffer","buffer","buffer","buffer",101268439
"buffer","buffer","buffer","buffer","buffer","buffer","buffer","buffer","buffer","buffer",101280394
"buffer","buffer","buffer","buffer","buffer","buffer","buffer","buffer","buffer","buffer",101292429
"buffer","buffer","buffer","buffer","buffer","buffer","buffer","buffer","buffer","buffer",101304344
"buffer","buffer","buffer","buffer","buffer","buffer","buffer","buffer","buffer","buffer",101316492
"buffer","buffer","buffer","buffer","buffer","buffer","buffer","buffer","buffer","buffer",101328674
"buffer","buffer","buffer","buffer","buffer","buffer","buffer","buffer","buffer","buffer",101340555
"buffer","buffer","buffer","buffer","buffer","buffer","buffer","buffer","buffer","buffer",101352869
"buffer","buffer","buffer","buffer","buffer","buffer","buffer","buffer","buffer","buffer",101364583
"buffer","buffer","buffer","buffer","buffer","buffer","buffer","buffer","buffer","buffer",101376842
"buffer","buffer","buffer","buffer","buffer","buffer","buffer","buffer","buffer","buffer",101388871
"buffer","buffer","buffer","buffer","buffer","buffer","buffer","buffer","buffer","buffer",101400885
"buffer","buffer","buffer","buffer","buffer","buffer","buffer","buffer","buffer","buffer",101412970
"buffer","buffer","buffer","buffer","buffer","buffer","buffer","buffer","buffer","buffer",101425084
"buffer","buffer","buffer","buffer","buffer","buffer","buffer","buffer","buffer","buffer",101437111
"buffer","buffer","buffer","buffer","buffer","buffer","buffer","buffer","buffer","buffer",101449081
"buffer","buffer","buffer","buffer","buffer","buffer","buffer","buffer","buffer","buffer",101461153
"buffer","buffer","buffer","buffer","buffer","buffer","buffer","buffer","buffer","buffer",101473300
"buffer","buffer","buffer","buffer","buffer","buffer","buffer","buffer","buffer","buffer",101485198
"buffer","buffer","buffer","buffer","buffer","buffer","buffer","buffer","buffer","buffer",101497321
"buffer","buffer","buffer","buffer","buffer","buffer","buffer","buffer","buffer","buffer",101509476
"buffer","buffer","buffer","buffer","buffer","buffer","buffer","buffer","buffer","buffer",101521259
"buffer","buffer","buffer","buffer","buffer","buffer","buffer","buffer","buffer","buffer",101533585
"buffer","buffer","buffer","buffer","buffer","buffer","buffer","buffer","buffer","buffer",101545414
"buffer","buffer","buffer","buffer","buffer","buffer","buffer","buffer","buffer","buffer",101557569
"buffer","buffer","buffer","buffer","buffer","buffer","buffer","buffer","buffer","buffer",101569617
"buffer","buffer","buffer","buffer","buffer","buffer","buffer","buffer","buffer","buffer",101581537
"buffer","buffer","buffer","buffer","buffer","buffer","buffer","buffer","buffer","buffer",101593505
"buffer","buffer","buffer","buffer","buffer","buffer","buffer","buffer","buffer","buffer",101605787
"buffer","buffer","buffer","buffer","buffer","buffer","buffer","buffer","buffer","buffer",101617651
"buffer","buffer","buffer","buffer","buffer","buffer","buffer","buffer","buffer","buffer",101629811
"buffer","buffer","buffer","buffer","buffer","buffer","buffer","buffer","buffer","buffer",101641840
"buffer","buffer","buffer","buffer","buffer","buffer","buffer","buffer","buffer","buffer",101654056
"buffer","buffer","buffer","buffer","buffer","buffer","buffer","buffer","buffer","buffer",101666091
"buffer","buffer","buffer","buffer","buffer","buffer","buffer","buffer","buffer","buffer",101678041
"buffer","buffer","buffer","buffer","buffer","buffer","buffer","buffer","buffer","buffer",101689974
"buffer","buffer","buffer","buffer","buffer","buffer","buffer","buffer","buffer","buffer",101702040
"buffer","buffer","buffer","buffer","buffer","buffer","buffer","buffer","buffer","buffer",101714046
"buffer","buffer","buffer","buffer","buffer","buffer","buffer","buffer","buffer","buffer",101726047
"buffer","buffer","buffer","buffer","buffer","buffer","buffer","buffer","buffer","buffer",101738443
"buffer","buffer","buffer","buffer","buffer","buffer","buffer","buffer","buffer","buffer",101750050
"buffer","buffer","buffer","buffer","buffer","buffer","buffer","buffer","buffer","buffer",101762232
"buffer","buffer","buffer","buffer","buffer","buffer","buffer","buffer","buffer","buffer",101774316
"buffer","buffer","buffer","buffer","buffer","buffer","buffer","buffer","buffer","buffer",101786476
"buffer","buffer","buffer","buffer","buffer","buffer","buffer","buffer","buffer","buffer",101798367
"buffer","buffer","buffer","buffer","buffer","buffer","buffer","buffer","buffer","buffer",101810363
"buffer","buffer","buffer","buffer","buffer","buffer","buffer","buffer","buffer","buffer",101822568
"buffer","buffer","buffer","buffer","buffer","buffer","buffer","buffer","buffer","buffer",101834315
"buffer","buffer","buffer","buffer","buffer","buffer","buffer","buffer","buffer","buffer",101846470
"buffer","buffer","buffer","buffer","buffer","buffer","buffer","buffer","buffer","buffer",101858744
"buffer","buffer","buffer","buffer","buffer","buffer","buffer","buffer","buffer","buffer",101870737
"buffer","buffer","buffer","buffer","buffer","buffer","buffer","buffer","buffer","buffer",101882715
"buffer","buffer","buffer","buffer","buffer","buffer","buffer","buffer","buffer","buffer",101894526
"buffer","buffer","buffer","buffer","buffer","buffer","buffer","buffer","buffer","buffer",101906799
"buffer","buffer","buffer","buffer","buffer","buffer","buffer","buffer","buffer","buffer",101918791
"buffer","buffer","buffer","buffer","buffer","buffer","buffer","buffer","buffer","buffer",101931018
"buffer","buffer","buffer","buffer","buffer","buffer","buffer","buffer","buffer","buffer",101943109
"buffer","buffer","buffer","buffer","buffer","buffer","buffer","buffer","buffer","buffer",101955102
"buffer","buffer","buffer","buffer","buffer","buffer","buffer","buffer","buffer","buffer",101967084
"buffer","buffer","buffer","buffer","buffer","buffer","buffer","buffer","buffer","buffer",101979093
"buffer","buffer","buffer","buffer","buffer","buffer","buffer","buffer","buffer","buffer",101991252
"buffer","buffer","buffer","buffer","buffer","buffer","buffer","buffer","buffer","buffer",102003030
"buffer","buffer","buffer","buffer","buffer","buffer","buffer","buffer","buffer","buffer",102015336
"buffer","buffer","buffer","buffer","buffer","buffer","buffer","buffer","buffer","buffer",102027139
"buffer","buffer","buffer","buffer","buffer","buffer","buffer","buffer","buffer","buffer",102039302
"buffer","buffer","buffer","buffer","buffer","buffer","buffer","buffer","buffer","buffer",102051463
"buffer","buffer","buffer","buffer","buffer","buffer","buffer","buffer","buffer","buffer",102063485
"buffer","buffer","buffer","buffer","buffer","buffer","buffer","buffer","buffer","buffer",102075278
"buffer","buffer","buffer","buffer","buffer","buffer","buffer","buffer","buffer","buffer",102087505
"buffer","buffer","buffer","buffer","buffer","buffer","buffer","buffer","buffer","buffer",102099685
"buffer","buffer","buffer","buffer","buffer","buffer","buffer","buffer","buffer","buffer",102111554
"buffer","buffer","buffer","buffer","buffer","buffer","buffer","buffer","buffer","buffer",102123566
"buffer","buffer","buffer","buffer","buffer","buffer","buffer","buffer","buffer","buffer",102135683
"buffer","buffer","buffer","buffer","buffer","buffer","buffer","buffer","buffer","buffer",102147745
"buffer","buffer","buffer","buffer","buffer","buffer","buffer","buffer","buffer","buffer",102159670
"buffer","buffer","buffer","buffer","buffer","buffer","buffer","buffer","buffer","buffer",102171809
"buffer","buffer","buffer","buffer","buffer","buffer","buffer","buffer","buffer","buffer",102183817
"buffer","buffer","buffer","buffer","buffer","buffer","buffer","buffer","buffer","buffer",102195915
"buffer","buffer","buffer","buffer","buffer","buffer","buffer","buffer","buffer","buffer",102207926
"buffer","buffer","buffer","buffer","buffer","buffer","buffer","buffer","buffer","buffer",102220332
"buffer","buffer","buffer","buffer","buffer","buffer","buffer","buffer","buffer","buffer",102232101
"buffer","buffer","buffer","buffer","buffer","buffer","buffer","buffer","buffer","buffer",102244026
"buffer","buffer","buffer","buffer","buffer","buffer","buffer","buffer","buffer","buffer",102256059
"buffer","buffer","buffer","buffer","buffer","buffer","buffer","buffer","buffer","buffer",102268240
"buffer","buffer","buffer","buffer","buffer","buffer","buffer","buffer","buffer","buffer",102280282
"buffer","buffer","buffer","buffer","buffer","buffer","buffer","buffer","buffer","buffer",102292148
"buffer","buffer","buffer","buffer","buffer","buffer","buffer","buffer","buffer","buffer",102304227
"buffer","buffer","buffer","buffer","buffer","buffer","buffer","buffer","buffer","buffer",102316300
"buffer","buffer","buffer","buffer","buffer","buffer","buffer","buffer","buffer","buffer",102328378
"buffer","buffer","buffer","buffer","buffer","buffer","buffer","buffer","buffer","buffer",102340443
"buffer","buffer","buffer","buffer","buffer","buffer","buffer","buffer","buffer","buffer",102352432
"buffer","buffer","buffer","buffer","buffer","buffer","buffer","buffer","buffer","buffer",102364541
"buffer","buffer","buffer","buffer","buffer","buffer","buffer","buffer","buffer","buffer",102376586
"buffer","buffer","buffer","buffer","buffer","buffer","buffer","buffer","buffer","buffer",102388687
"buffer","buffer","buffer","buffer","buffer","buffer","buffer","buffer","buffer","buffer",102400509
"buffer","buffer","buffer","buffer","buffer","buffer","buffer","buffer","buffer","buffer",102412716
"buffer","buffer","buffer","buffer","buffer","buffer","buffer","buffer","buffer","buffer",102424856
"buffer","buffer","buffer","buffer","buffer","buffer","buffer","buffer","buffer","buffer",102436847
"buffer","buffer","buffer","buffer","buffer","buffer","buffer","buffer","buffer","buffer",102448866
"buffer","buffer","buffer","buffer","buffer","buffer","buffer","buffer","buffer","buffer",102460835
"buffer","buffer","buffer","buffer","buffer","buffer","buffer","buffer","buffer","buffer",102473009
"buffer","buffer","buffer","buffer","buffer","buffer","buffer","buffer","buffer","buffer",102485048
"buffer","buffer","buffer","buffer","buffer","buffer","buffer","buffer","buffer","buffer",102496867
"buffer","buffer","buffer","buffer","buffer","buffer","buffer","buffer","buffer","buffer",102509082
"buffer","buffer","buffer","buffer","buffer","buffer","buffer","buffer","buffer","buffer",102521132
"buffer","buffer","buffer","buffer","buffer","buffer","buffer","buffer","buffer","buffer",102533236
"buffer","buffer","buffer","buffer","buffer","buffer","buffer","buffer","buffer","buffer",102545310
"buffer","buffer","buffer","buffer","buffer","buffer","buffer","buffer","buffer","buffer",102557237
"buffer","buffer","buffer","buffer","buffer","buffer","buffer","buffer","buffer","buffer",102569329
"buffer","buffer","buffer","buffer","buffer","buffer","buffer","buffer","buffer","buffer",102581350
"buffer","buffer","buffer","buffer","buffer","buffer","buffer","buffer","buffer","buffer",102593265
"buffer","buffer","buffer","buffer","buffer","buffer","buffer","buffer","buffer","buffer",102605482
"buffer","buffer","buffer","buffer","buffer","buffer","buffer","buffer","buffer","buffer",102617609
"buffer","buffer","buffer","buffer","buffer","buffer","buffer","buffer","buffer","buffer",102629526
"buffer","buffer","buffer","buffer","buffer","buffer","buffer","buffer","buffer","buffer",102641537
"buffer","buffer","buffer","buffer","buffer","buffer","buffer","buffer","buffer","buffer",102653627
"buffer","buffer","buffer","buffer","buffer","buffer","buffer","buffer","buffer","buffer",102665495
"buffer","buffer","buffer","buffer","buffer","buffer","buffer","buffer","buffer","buffer",102677771
"buffer","buffer","buffer","buffer","buffer","buffer","buffer","buffer","buffer","buffer",102689865
"buffer","buffer","buffer","buffer","buffer","buffer","buffer","buffer","buffer","buffer",102701928
"buffer","buffer","buffer","buffer","buffer","buffer","buffer","buffer","buffer","buffer",102713849
"buffer","buffer","buffer","buffer","buffer","buffer","buffer","buffer","buffer","buffer",102725822
"buffer","buffer","buffer","buffer","buffer","buffer","buffer","buffer","buffer","buffer",102738060
"buffer","buffer","buffer","buffer","buffer","buffer","buffer","buffer","buffer","buffer",102750001
"buffer","buffer","buffer","buffer","buffer","buffer","buffer","buffer","buffer","buffer",102761887
"buffer","buffer","buffer","buffer","buffer","buffer","buffer","buffer","buffer","buffer",102773771
"buffer","buffer","buffer","buffer","buffer","buffer","buffer","buffer","buffer","buffer",102786367
"buffer","buffer","buffer","buffer","buffer","buffer","buffer","buffer","buffer","buffer",102798238
"buffer","buffer","buffer","buffer","buffer","buffer","buffer","buffer","buffer","buffer",102810231
"buffer","buffer","buffer","buffer","buffer","buffer","buffer","buffer","buffer","buffer",102822326
"buffer","buffer","buffer","buffer","buffer","buffer","buffer","buffer","buffer","buffer",102834264
"buffer","buffer","buffer","buffer","buffer","buffer","buffer","buffer","buffer","buffer",102846550
"buffer","buffer","buffer","buffer","buffer","buffer","buffer","buffer","buffer","buffer",102858432
"buffer","buffer","buffer","buffer","buffer","buffer","buffer","buffer","buffer","buffer",102870606
"buffer","buffer","buffer","buffer","buffer","buffer","buffer","buffer","buffer","buffer",102882674
"buffer","buffer","buffer","buffer","buffer","buffer","buffer","buffer","buffer","buffer",102894615
"buffer","buffer","buffer","buffer","buffer","buffer","buffer","buffer","buffer","buffer",102906528
"buffer","buffer","buffer","buffer","buffer","buffer","buffer","buffer","buffer","buffer",102918487
"buffer","buffer","buffer","buffer","buffer","buffer","buffer","buffer","buffer","buffer",102930774
"buffer","buffer","buffer","buffer","buffer","buffer","buffer","buffer","buffer","buffer",102942649
"buffer","buffer","buffer","buffer","buffer","buffer","buffer","buffer","buffer","buffer",102954763
"buffer","buffer","buffer","buffer","buffer","buffer","buffer","buffer","buffer","buffer",102966913
"buffer","buffer","buffer","buffer","buffer","buffer","buffer","buffer","buffer","buffer",102978935
"buffer","buffer","buffer","buffer","buffer","buffer","buffer","buffer","buffer","buffer",102991031
"buffer","buffer","buffer","buffer","buffer","buffer","buffer","buffer","buffer","buffer",103003058
"buffer","buffer","buffer","buffer","buffer","buffer","buffer","buffer","buffer","buffer",103014908
"buffer","buffer","buffer","buffer","buffer","buffer","buffer","buffer","buffer","buffer",103027097
"buffer","buffer","buffer","buffer","buffer","buffer","buffer","buffer","buffer","buffer",103038963
"buffer","buffer","buffer","buffer","buffer","buffer","buffer","buffer","buffer","buffer",103051081
"buffer","buffer","buffer","buffer","buffer","buffer","buffer","buffer","buffer","buffer",103063071
"buffer","buffer","buffer","buffer","buffer","buffer","buffer","buffer","buffer","buffer",103075268
"buffer","buffer","buffer","buffer","buffer","buffer","buffer","buffer","buffer","buffer",103087310
"buffer","buffer","buffer","buffer","buffer","buffer","buffer","buffer","buffer","buffer",103099328
"buffer","buffer","buffer","buffer","buffer","buffer","buffer","buffer","buffer","buffer",103111150
"buffer","buffer","buffer","buffer","buffer","buffer","buffer","buffer","buffer","buffer",103123556
"buffer","buffer","buffer","buffer","buffer","buffer","buffer","buffer","buffer","buffer",103135667
"buffer","buffer","buffer","buffer","buffer","buffer","buffer","buffer","buffer","buffer",103147675
"buffer","buffer","buffer","buffer","buffer","buffer","buffer","buffer","buffer","buffer",103159563
"buffer","buffer","buffer","buffer","buffer","buffer","buffer","buffer","buffer","buffer",103171842
"buffer","buffer","buffer","buffer","buffer","buffer","buffer","buffer","buffer","buffer",103183634
"buffer","buffer","buffer","buffer","buffer","buffer","buffer","buffer","buffer","buffer",103195711
"buffer","buffer","buffer","buffer","buffer","buffer","buffer","buffer","buffer","buffer",103207929
"buffer","buffer","buffer","buffer","buffer","buffer","buffer","buffer","buffer","buffer",103219681
"buffer","buffer","buffer","buffer","buffer","buffer","buffer","buffer","buffer","buffer",103231804
"buffer","buffer","buffer","buffer","buffer","buffer","buffer","buffer","buffer","buffer",103244076
"buffer","buffer","buffer","buffer","buffer","buffer","buffer","buffer","buffer","buffer",103255998
"buffer","buffer","buffer","buffer","buffer","buffer","buffer","buffer","buffer","buffer",103267753
"buffer","buffer","buffer","buffer","buffer","buffer","buffer","buffer","buffer","buffer",103280074
"buffer","buffer","buffer","buffer","buffer","buffer","buffer","buffer","buffer","buffer",103292008
"buffer","buffer","buffer","buffer","buffer","buffer","buffer","buffer","buffer","buffer",103304132
"buffer","buffer","buffer","buffer","buffer","buffer","buffer","buffer","buffer","buffer",103316173
"buffer","buffer","buffer","buffer","buffer","buffer","buffer","buffer","buffer","buffer",103328126
"buffer","buffer","buffer","buffer","buffer","buffer","buffer","buffer","buffer","buffer",103340331
"buffer","buffer","buffer","buffer","buffer","buffer","buffer","buffer","buffer","buffer",103352367
"buffer","buffer","buffer","buffer","buffer","buffer","buffer","buffer","buffer","buffer",103364277
"buffer","buffer","buffer","buffer","buffer","buffer","buffer","buffer","buffer","buffer",103376455
"buffer","buffer","buffer","buffer","buffer","buffer","buffer","buffer","buffer","buffer",103388407
"buffer","buffer","buffer","buffer","buffer","buffer","buffer","buffer","buffer","buffer",103400345
"buffer","buffer","buffer","buffer","buffer","buffer","buffer","buffer","buffer","buffer",103412539
"buffer","buffer","buffer","buffer","buffer","buffer","buffer","buffer","buffer","buffer",103424645
"buffer","buffer","buffer","buffer","buffer","buffer","buffer","buffer","buffer","buffer",103436739
"buffer","buffer","buffer","buffer","buffer","buffer","buffer","buffer","buffer","buffer",103448813
"buffer","buffer","buffer","buffer","buffer","buffer","buffer","buffer","buffer","buffer",103460709
"buffer","buffer","buffer","buffer","buffer","buffer","buffer","buffer","buffer","buffer",103472668
"buffer","buffer","buffer","buffer","buffer","buffer","buffer","buffer","buffer","buffer",103484680
"buffer","buffer","buffer","buffer","buffer","buffer","buffer","buffer","buffer","buffer",103496944
"buffer","buffer","buffer","buffer","buffer","buffer","buffer","buffer","buffer","buffer",103508948
"buffer","buffer","buffer","buffer","buffer","buffer","buffer","buffer","buffer","buffer",103520991
"buffer","buffer","buffer","buffer","buffer","buffer","buffer","buffer","buffer","buffer",103533087
"buffer","buffer","buffer","buffer","buffer","buffer","buffer","buffer","buffer","buffer",103545077
"buffer","buffer","buffer","buffer","buffer","buffer","buffer","buffer","buffer","buffer",103556987
"buffer","buffer","buffer","buffer","buffer","buffer","buffer","buffer","buffer","buffer",103569010
"buffer","buffer","buffer","buffer","buffer","buffer","buffer","buffer","buffer","buffer",103581120
"buffer","buffer","buffer","buffer","buffer","buffer","buffer","buffer","buffer","buffer",103593201
"buffer","buffer","buffer","buffer","buffer","buffer","buffer","buffer","buffer","buffer",103605157
"buffer","buffer","buffer","buffer","buffer","buffer","buffer","buffer","buffer","buffer",103617427
"buffer","buffer","buffer","buffer","buffer","buffer","buffer","buffer","buffer","buffer",103629506
"buffer","buffer","buffer","buffer","buffer","buffer","buffer","buffer","buffer","buffer",103641338
"buffer","buffer","buffer","buffer","buffer","buffer","buffer","buffer","buffer","buffer",103653289
"buffer","buffer","buffer","buffer","buffer","buffer","buffer","buffer","buffer","buffer",103665360
"buffer","buffer","buffer","buffer","buffer","buffer","buffer","buffer","buffer","buffer",103677623
"buffer","buffer","buffer","buffer","buffer","buffer","buffer","buffer","buffer","buffer",103689727
"buffer","buffer","buffer","buffer","buffer","buffer","buffer","buffer","buffer","buffer",103701733
"buffer","buffer","buffer","buffer","buffer","buffer","buffer","buffer","buffer","buffer",103713639
"buffer","buffer","buffer","buffer","buffer","buffer","buffer","buffer","buffer","buffer",103725696
"buffer","buffer","buffer","buffer","buffer","buffer","buffer","buffer","buffer","buffer",103737825
"buffer","buffer","buffer","buffer","buffer","buffer","buffer","buffer","buffer","buffer",103749904
"buffer","buffer","buffer","buffer","buffer","buffer","buffer","buffer","buffer","buffer",103761803
"buffer","buffer","buffer","buffer","buffer","buffer","buffer","buffer","buffer","buffer",103773842
"buffer","buffer","buffer","buffer","buffer","buffer","buffer","buffer","buffer","buffer",103785974
"buffer","buffer","buffer","buffer","buffer","buffer","buffer","buffer","buffer","buffer",103797931
"buffer","buffer","buffer","buffer","buffer","buffer","buffer","buffer","buffer","buffer",103810096
"buffer","buffer","buffer","buffer","buffer","buffer","buffer","buffer","buffer","buffer",103822154
"buffer","buffer","buffer","buffer","buffer","buffer","buffer","buffer","buffer","buffer",103834183
"buffer","buffer","buffer","buffer","buffer","buffer","buffer","buffer","buffer","buffer",103846366
"buffer","buffer","buffer","buffer","buffer","buffer","buffer","buffer","buffer","buffer",103858314
"buffer","buffer","buffer","buffer","buffer","buffer","buffer","buffer","buffer","buffer",103870305
"buffer","buffer","buffer","buffer","buffer","buffer","buffer","buffer","buffer","buffer",103882275
"buffer","buffer","buffer","buffer","buffer","buffer","buffer","buffer","buffer","buffer",103894150
"buffer","buffer","buffer","buffer","buffer","buffer","buffer","buffer","buffer","buffer",103906344
"buffer","buffer","buffer","buffer","buffer","buffer","buffer","buffer","buffer","buffer",103918518
"buffer","buffer","buffer","buffer","buffer","buffer","buffer","buffer","buffer","buffer",103930596
"buffer","buffer","buffer","buffer","buffer","buffer","buffer","buffer","buffer","buffer",103942491
"buffer","buffer","buffer","buffer","buffer","buffer","buffer","buffer","buffer","buffer",103954547
"buffer","buffer","buffer","buffer","buffer","buffer","buffer","buffer","buffer","buffer",103966746
"buffer","buffer","buffer","buffer","buffer","buffer","buffer","buffer","buffer","buffer",103978671
"buffer","buffer","buffer","buffer","buffer","buffer","buffer","buffer","buffer","buffer",103990661
"buffer","buffer","buffer","buffer","buffer","buffer","buffer","buffer","buffer","buffer",104002785
"buffer","buffer","buffer","buffer","buffer","buffer","buffer","buffer","buffer","buffer",104014805
"buffer","buffer","buffer","buffer","buffer","buffer","buffer","buffer","buffer","buffer",104026920
"buffer","buffer","buffer","buffer","buffer","buffer","buffer","buffer","buffer","buffer",104038815
"buffer","buffer","buffer","buffer","buffer","buffer","buffer","buffer","buffer","buffer",104051041
"buffer","buffer","buffer","buffer","buffer","buffer","buffer","buffer","buffer","buffer",104063052
"buffer","buffer","buffer","buffer","buffer","buffer","buffer","buffer","buffer","buffer",104075069
"buffer","buffer","buffer","buffer","buffer","buffer","buffer","buffer","buffer","buffer",104087193
"buffer","buffer","buffer","buffer","buffer","buffer","buffer","buffer","buffer","buffer",104099159
"buffer","buffer","buffer","buffer","buffer","buffer","buffer","buffer","buffer","buffer",104111293
"buffer","buffer","buffer","buffer","buffer","buffer","buffer","buffer","buffer","buffer",104123485
"buffer","buffer","buffer","buffer","buffer","buffer","buffer","buffer","buffer","buffer",104135313
"buffer","buffer","buffer","buffer","buffer","buffer","buffer","buffer","buffer","buffer",104147440
"buffer","buffer","buffer","buffer","buffer","buffer","buffer","buffer","buffer","buffer",104159628
"buffer","buffer","buffer","buffer","buffer","buffer","buffer","buffer","buffer","buffer",104171235
"buffer","buffer","buffer","buffer","buffer","buffer","buffer","buffer","buffer","buffer",104183369
"buffer","buffer","buffer","buffer","buffer","buffer","buffer","buffer","buffer","buffer",104195469
"buffer","buffer","buffer","buffer","buffer","buffer","buffer","buffer","buffer","buffer",104207476
"buffer","buffer","buffer","buffer","buffer","buffer","buffer","buffer","buffer","buffer",104219554
"buffer","buffer","buffer","buffer","buffer","buffer","buffer","buffer","buffer","buffer",104231605
"buffer","buffer","buffer","buffer","buffer","buffer","buffer","buffer","buffer","buffer",104243684
"buffer","buffer","buffer","buffer","buffer","buffer","buffer","buffer","buffer","buffer",104255882
"buffer","buffer","buffer","buffer","buffer","buffer","buffer","buffer","buffer","buffer",104267784
"buffer","buffer","buffer","buffer","buffer","buffer","buffer","buffer","buffer","buffer",104279864
"buffer","buffer","buffer","buffer","buffer","buffer","buffer","buffer","buffer","buffer",104291916
"buffer","buffer","buffer","buffer","buffer","buffer","buffer","buffer","buffer","buffer",104303908
"buffer","buffer","buffer","buffer","buffer","buffer","buffer","buffer","buffer","buffer",104316038
"buffer","buffer","buffer","buffer","buffer","buffer","buffer","buffer","buffer","buffer",104327947
"buffer","buffer","buffer","buffer","buffer","buffer","buffer","buffer","buffer","buffer",104340024
"buffer","buffer","buffer","buffer","buffer","buffer","buffer","buffer","buffer","buffer",104352052
"buffer","buffer","buffer","buffer","buffer","buffer","buffer","buffer","buffer","buffer",104364196
"buffer","buffer","buffer","buffer","buffer","buffer","buffer","buffer","buffer","buffer",104376043
"buffer","buffer","buffer","buffer","buffer","buffer","buffer","buffer","buffer","buffer",104388291
"buffer","buffer","buffer","buffer","buffer","buffer","buffer","buffer","buffer","buffer",104400293
"buffer","buffer","buffer","buffer","buffer","buffer","buffer","buffer","buffer","buffer",104412258
"buffer","buffer","buffer","buffer","buffer","buffer","buffer","buffer","buffer","buffer",104424383
"buffer","buffer","buffer","buffer","buffer","buffer","buffer","buffer","buffer","buffer",104436568
"buffer","buffer","buffer","buffer","buffer","buffer","buffer","buffer","buffer","buffer",104448382
"buffer","buffer","buffer","buffer","buffer","buffer","buffer","buffer","buffer","buffer",104460588
"buffer","buffer","buffer","buffer","buffer","buffer","buffer","buffer","buffer","buffer",104472624
"buffer","buffer","buffer","buffer","buffer","buffer","buffer","buffer","buffer","buffer",104484581
"buffer","buffer","buffer","buffer","buffer","buffer","buffer","buffer","buffer","buffer",104496536
"buffer","buffer","buffer","buffer","buffer","buffer","buffer","buffer","buffer","buffer",104508692
"buffer","buffer","buffer","buffer","buffer","buffer","buffer","buffer","buffer","buffer",104520675
"buffer","buffer","buffer","buffer","buffer","buffer","buffer","buffer","buffer","buffer",104532889
"buffer","buffer","buffer","buffer","buffer","buffer","buffer","buffer","buffer","buffer",104545031
"buffer","buffer","buffer","buffer","buffer","buffer","buffer","buffer","buffer","buffer",104556785
"buffer","buffer","buffer","buffer","buffer","buffer","buffer","buffer","buffer","buffer",104568904
"buffer","buffer","buffer","buffer","buffer","buffer","buffer","buffer","buffer","buffer",104580855
"buffer","buffer","buffer","buffer","buffer","buffer","buffer","buffer","buffer","buffer",104593012
"buffer","buffer","buffer","buffer","buffer","buffer","buffer","buffer","buffer","buffer",104605114
"buffer","buffer","buffer","buffer","buffer","buffer","buffer","buffer","buffer","buffer",104617242
"buffer","buffer","buffer","buffer","buffer","buffer","buffer","buffer","buffer","buffer",104629143
"buffer","buffer","buffer","buffer","buffer","buffer","buffer","buffer","buffer","buffer",104641351
"buffer","buffer","buffer","buffer","buffer","buffer","buffer","buffer","buffer","buffer",104653211
"buffer","buffer","buffer","buffer","buffer","buffer","buffer","buffer","buffer","buffer",104665130
"buffer","buffer","buffer","buffer","buffer","buffer","buffer","buffer","buffer","buffer",104677395
"buffer","buffer","buffer","buffer","buffer","buffer","buffer","buffer","buffer","buffer",104689332
"buffer","buffer","buffer","buffer","buffer","buffer","buffer","buffer","buffer","buffer",104701362
"buffer","buffer","buffer","buffer","buffer","buffer","buffer","buffer","buffer","buffer",104713575
"buffer","buffer","buffer","buffer","buffer","buffer","buffer","buffer","buffer","buffer",104725673
"buffer","buffer","buffer","buffer","buffer","buffer","buffer","buffer","buffer","buffer",104737416
"buffer","buffer","buffer","buffer","buffer","buffer","buffer","buffer","buffer","buffer",104749611
"buffer","buffer","buffer","buffer","buffer","buffer","buffer","buffer","buffer","buffer",104761809
"buffer","buffer","buffer","buffer","buffer","buffer","buffer","buffer","buffer","buffer",104773623
"buffer","buffer","buffer","buffer","buffer","buffer","buffer","buffer","buffer","buffer",104785698
"buffer","buffer","buffer","buffer","buffer","buffer","buffer","buffer","buffer","buffer",104797775
"buffer","buffer","buffer","buffer","buffer","buffer","buffer","buffer","buffer","buffer",104809821
"buffer","buffer","buffer","buffer","buffer","buffer","buffer","buffer","buffer","buffer",104821722
"buffer","buffer","buffer","buffer","buffer","buffer","buffer","buffer","buffer","buffer",104833960
"buffer","buffer","buffer","buffer","buffer","buffer","buffer","buffer","buffer","buffer",104846109
"buffer","buffer","buffer","buffer","buffer","buffer","buffer","buffer","buffer","buffer",104857872
"buffer","buffer","buffer","buffer","buffer","buffer","buffer","buffer","buffer","buffer",104870072
"buffer","buffer","buffer","buffer","buffer","buffer","buffer","buffer","buffer","buffer",104882232
"buffer","buffer","buffer","buffer","buffer","buffer","buffer","buffer","buffer","buffer",104894236
"buffer","buffer","buffer","buffer","buffer","buffer","buffer","buffer","buffer","buffer",104906021
"buffer","buffer","buffer","buffer","buffer","buffer","buffer","buffer","buffer","buffer",104918172
"buffer","buffer","buffer","buffer","buffer","buffer","buffer","buffer","buffer","buffer",104930304
"buffer","buffer","buffer","buffer","buffer","buffer","buffer","buffer","buffer","buffer",104942484
"buffer","buffer","buffer","buffer","buffer","buffer","buffer","buffer","buffer","buffer",104954465
"buffer","buffer","buffer","buffer","buffer","buffer","buffer","buffer","buffer","buffer",104966494
"buffer","buffer","buffer","buffer","buffer","buffer","buffer","buffer","buffer","buffer",104978501
"buffer","buffer","buffer","buffer","buffer","buffer","buffer","buffer","buffer","buffer",104990517
"buffer","buffer","buffer","buffer","buffer","buffer","buffer","buffer","buffer","buffer",105002527
"buffer","buffer","buffer","buffer","buffer","buffer","buffer","buffer","buffer","buffer",105014469
"buffer","buffer","buffer","buffer","buffer","buffer","buffer","buffer","buffer","buffer",105026823
"buffer","buffer","buffer","buffer","buffer","buffer","buffer","buffer","buffer","buffer",105038868
"buffer","buffer","buffer","buffer","buffer","buffer","buffer","buffer","buffer","buffer",105050864
"buffer","buffer","buffer","buffer","buffer","buffer","buffer","buffer","buffer","buffer",105062804
"buffer","buffer","buffer","buffer","buffer","buffer","buffer","buffer","buffer","buffer",105074673
"buffer","buffer","buffer","buffer","buffer","buffer","buffer","buffer","buffer","buffer",105086957
"buffer","buffer","buffer","buffer","buffer","buffer","buffer","buffer","buffer","buffer",105098929
"buffer","buffer","buffer","buffer","buffer","buffer","buffer","buffer","buffer","buffer",105111055
"buffer","buffer","buffer","buffer","buffer","buffer","buffer","buffer","buffer","buffer",105123123
"buffer","buffer","buffer","buffer","buffer","buffer","buffer","buffer","buffer","buffer",105135110
"buffer","buffer","buffer","buffer","buffer","buffer","buffer","buffer","buffer","buffer",105147060
"buffer","buffer","buffer","buffer","buffer","buffer","buffer","buffer","buffer","buffer",105159154
"buffer","buffer","buffer","buffer","buffer","buffer","buffer","buffer","buffer","buffer",105171071
"buffer","buffer","buffer","buffer","buffer","buffer","buffer","buffer","buffer","buffer",105183248
"buffer","buffer","buffer","buffer","buffer","buffer","buffer","buffer","buffer","buffer",105195159
"buffer","buffer","buffer","buffer","buffer","buffer","buffer","buffer","buffer","buffer",105207362
"buffer","buffer","buffer","buffer","buffer","buffer","buffer","buffer","buffer","buffer",105219294
"buffer","buffer","buffer","buffer","buffer","buffer","buffer","buffer","buffer","buffer",105231340
"buffer","buffer","buffer","buffer","buffer","buffer","buffer","buffer","buffer","buffer",105243622
"buffer","buffer","buffer","buffer","buffer","buffer","buffer","buffer","buffer","buffer",105255531
"buffer","buffer","buffer","buffer","buffer","buffer","buffer","buffer","buffer","buffer",105267514
"buffer","buffer","buffer","buffer","buffer","buffer","buffer","buffer","buffer","buffer",105279594
"buffer","buffer","buffer","buffer","buffer","buffer","buffer","buffer","buffer","buffer",105291794
"buffer","buffer","buffer","buffer","buffer","buffer","buffer","buffer","buffer","buffer",105303645
"buffer","buffer","buffer","buffer","buffer","buffer","buffer","buffer","buffer","buffer",105315842
"buffer","buffer","buffer","buffer","buffer","buffer","buffer","buffer","buffer","buffer",105327746
"buffer","buffer","buffer","buffer","buffer","buffer","buffer","buffer","buffer","buffer",105339831
"buffer","buffer","buffer","buffer","buffer","buffer","buffer","buffer","buffer","buffer",105352000
"buffer","buffer","buffer","buffer","buffer","buffer","buffer","buffer","buffer","buffer",105364124
"buffer","buffer","buffer","buffer","buffer","buffer","buffer","buffer","buffer","buffer",105376087
"buffer","buffer","buffer","buffer","buffer","buffer","buffer","buffer","buffer","buffer",105387957
"buffer","buffer","buffer","buffer","buffer","buffer","buffer","buffer","buffer","buffer",105399839
"buffer","buffer","buffer","buffer","buffer","buffer","buffer","buffer","buffer","buffer",105412173
"buffer","buffer","buffer","buffer","buffer","buffer","buffer","buffer","buffer","buffer",105424082
"buffer","buffer","buffer","buffer","buffer","buffer","buffer","buffer","buffer","buffer",105436394
"buffer","buffer","buffer","buffer","buffer","buffer","buffer","buffer","buffer","buffer",105448171
"buffer","buffer","buffer","buffer","buffer","buffer","buffer","buffer","buffer","buffer",105460338
"buffer","buffer","buffer","buffer","buffer","buffer","buffer","buffer","buffer","buffer",105472334
"buffer","buffer","buffer","buffer","buffer","buffer","buffer","buffer","buffer","buffer",105484428
"buffer","buffer","buffer","buffer","buffer","buffer","buffer","buffer","buffer","buffer",105496512
"buffer","buffer","buffer","buffer","buffer","buffer","buffer","buffer","buffer","buffer",105508521
"buffer","buffer","buffer","buffer","buffer","buffer","buffer","buffer","buffer","buffer",105520657
"buffer","buffer","buffer","buffer","buffer","buffer","buffer","buffer","buffer","buffer",105532610
"buffer","buffer","buffer","buffer","buffer","buffer","buffer","buffer","buffer","buffer",105544581
"buffer","buffer","buffer","buffer","buffer","buffer","buffer","buffer","buffer","buffer",105556634
"buffer","buffer","buffer","buffer","buffer","buffer","buffer","buffer","buffer","buffer",105568722
"buffer","buffer","buffer","buffer","buffer","buffer","buffer","buffer","buffer","buffer",105580895
"buffer","buffer","buffer","buffer","buffer","buffer","buffer","buffer","buffer","buffer",105592791
"buffer","buffer","buffer","buffer","buffer","buffer","buffer","buffer","buffer","buffer",105604815
"buffer","buffer","buffer","buffer","buffer","buffer","buffer","buffer","buffer","buffer",105616819
"buffer","buffer","buffer","buffer","buffer","buffer","buffer","buffer","buffer","buffer",105628968
"buffer","buffer","buffer","buffer","buffer","buffer","buffer","buffer","buffer","buffer",105641079
"buffer","buffer","buffer","buffer","buffer","buffer","buffer","buffer","buffer","buffer",105653126
"buffer","buffer","buffer","buffer","buffer","buffer","buffer","buffer","buffer","buffer",105665123
"buffer","buffer","buffer","buffer","buffer","buffer","buffer","buffer","buffer","buffer",105677237
"buffer","buffer","buffer","buffer","buffer","buffer","buffer","buffer","buffer","buffer",105688988
"buffer","buffer","buffer","buffer","buffer","buffer","buffer","buffer","buffer","buffer",105700981
"buffer","buffer","buffer","buffer","buffer","buffer","buffer","buffer","buffer","buffer",105713136
"buffer","buffer","buffer","buffer","buffer","buffer","buffer","buffer","buffer","buffer",105725338
"buffer","buffer","buffer","buffer","buffer","buffer","buffer","buffer","buffer","buffer",105737424
"buffer","buffer","buffer","buffer","buffer","buffer","buffer","buffer","buffer","buffer",105749354
"buffer","buffer","buffer","buffer","buffer","buffer","buffer","buffer","buffer","buffer",105761606
"buffer","buffer","buffer","buffer","buffer","buffer","buffer","buffer","buffer","buffer",105773509
"buffer","buffer","buffer","buffer","buffer","buffer","buffer","buffer","buffer","buffer",105785434
"buffer","buffer","buffer","buffer","buffer","buffer","buffer","buffer","buffer","buffer",105797620
"buffer","buffer","buffer","buffer","buffer","buffer","buffer","buffer","buffer","buffer",105809700
"buffer","buffer","buffer","buffer","buffer","buffer","buffer","buffer","buffer","buffer",105821815
"buffer","buffer","buffer","buffer","buffer","buffer","buffer","buffer","buffer","buffer",105833626
"buffer","buffer","buffer","buffer","buffer","buffer","buffer","buffer","buffer","buffer",105845927
"buffer","buffer","buffer","buffer","buffer","buffer","buffer","buffer","buffer","buffer",105857816
"buffer","buffer","buffer","buffer","buffer","buffer","buffer","buffer","buffer","buffer",105870010
"buffer","buffer","buffer","buffer","buffer","buffer","buffer","buffer","buffer","buffer",105882196
"buffer","buffer","buffer","buffer","buffer","buffer","buffer","buffer","buffer","buffer",105894002
"buffer","buffer","buffer","buffer","buffer","buffer","buffer","buffer","buffer","buffer",105906125
"buffer","buffer","buffer","buffer","buffer","buffer","buffer","buffer","buffer","buffer",105918212
"buffer","buffer","buffer","buffer","buffer","buffer","buffer","buffer","buffer","buffer",105930304
"buffer","buffer","buffer","buffer","buffer","buffer","buffer","buffer","buffer","buffer",105942184
"buffer","buffer","buffer","buffer","buffer","buffer","buffer","buffer","buffer","buffer",105954217
"buffer","buffer","buffer","buffer","buffer","buffer","buffer","buffer","buffer","buffer",105966250
"buffer","buffer","buffer","buffer","buffer","buffer","buffer","buffer","buffer","buffer",105978234
"buffer","buffer","buffer","buffer","buffer","buffer","buffer","buffer","buffer","buffer",105990214
"buffer","buffer","buffer","buffer","buffer","buffer","buffer","buffer","buffer","buffer",106002302
"buffer","buffer","buffer","buffer","buffer","buffer","buffer","buffer","buffer","buffer",106014397
"buffer","buffer","buffer","buffer","buffer","buffer","buffer","buffer","buffer","buffer",106026212
"buffer","buffer","buffer","buffer","buffer","buffer","buffer","buffer","buffer","buffer",106038381
"buffer","buffer","buffer","buffer","buffer","buffer","buffer","buffer","buffer","buffer",106050447
"buffer","buffer","buffer","buffer","buffer","buffer","buffer","buffer","buffer","buffer",106062669
"buffer","buffer","buffer","buffer","buffer","buffer","buffer","buffer","buffer","buffer",106074644
"buffer","buffer","buffer","buffer","buffer","buffer","buffer","buffer","buffer","buffer",106086607
"buffer","buffer","buffer","buffer","buffer","buffer","buffer","buffer","buffer","buffer",106098703
"buffer","buffer","buffer","buffer","buffer","buffer","buffer","buffer","buffer","buffer",106110656
"buffer","buffer","buffer","buffer","buffer","buffer","buffer","buffer","buffer","buffer",106122653
"buffer","buffer","buffer","buffer","buffer","buffer","buffer","buffer","buffer","buffer",106134760
"buffer","buffer","buffer","buffer","buffer","buffer","buffer","buffer","buffer","buffer",106146879
"buffer","buffer","buffer","buffer","buffer","buffer","buffer","buffer","buffer","buffer",106158907
"buffer","buffer","buffer","buffer","buffer","buffer","buffer","buffer","buffer","buffer",106170996
"buffer","buffer","buffer","buffer","buffer","buffer","buffer","buffer","buffer","buffer",106183115
"buffer","buffer","buffer","buffer","buffer","buffer","buffer","buffer","buffer","buffer",106195029
"buffer","buffer","buffer","buffer","buffer","buffer","buffer","buffer","buffer","buffer",106207188
"buffer","buffer","buffer","buffer","buffer","buffer","buffer","buffer","buffer","buffer",106219208
"buffer","buffer","buffer","buffer","buffer","buffer","buffer","buffer","buffer","buffer",106231112
"buffer","buffer","buffer","buffer","buffer","buffer","buffer","buffer","buffer","buffer",106243323
"buffer","buffer","buffer","buffer","buffer","buffer","buffer","buffer","buffer","buffer",106255237
"buffer","buffer","buffer","buffer","buffer","buffer","buffer","buffer","buffer","buffer",106267272
"buffer","buffer","buffer","buffer","buffer","buffer","buffer","buffer","buffer","buffer",106279273
"buffer","buffer","buffer","buffer","buffer","buffer","buffer","buffer","buffer","buffer",106291449
"buffer","buffer","buffer","buffer","buffer","buffer","buffer","buffer","buffer","buffer",106303303
"buffer","buffer","buffer","buffer","buffer","buffer","buffer","buffer","buffer","buffer",106315565
"buffer","buffer","buffer","buffer","buffer","buffer","buffer","buffer","buffer","buffer",106327592
"buffer","buffer","buffer","buffer","buffer","buffer","buffer","buffer","buffer","buffer",106339735
"buffer","buffer","buffer","buffer","buffer","buffer","buffer","buffer","buffer","buffer",106351805
"buffer","buffer","buffer","buffer","buffer","buffer","buffer","buffer","buffer","buffer",106363852
"buffer","buffer","buffer","buffer","buffer","buffer","buffer","buffer","buffer","buffer",106375926
"buffer","buffer","buffer","buffer","buffer","buffer","buffer","buffer","buffer","buffer",106387969
"buffer","buffer","buffer","buffer","buffer","buffer","buffer","buffer","buffer","buffer",106399907
"buffer","buffer","buffer","buffer","buffer","buffer","buffer","buffer","buffer","buffer",106411857
"buffer","buffer","buffer","buffer","buffer","buffer","buffer","buffer","buffer","buffer",106424028
"buffer","buffer","buffer","buffer","buffer","buffer","buffer","buffer","buffer","buffer",106436109
"buffer","buffer","buffer","buffer","buffer","buffer","buffer","buffer","buffer","buffer",106448077
"buffer","buffer","buffer","buffer","buffer","buffer","buffer","buffer","buffer","buffer",106460096
"buffer","buffer","buffer","buffer","buffer","buffer","buffer","buffer","buffer","buffer",106472313
"buffer","buffer","buffer","buffer","buffer","buffer","buffer","buffer","buffer","buffer",106484124
"buffer","buffer","buffer","buffer","buffer","buffer","buffer","buffer","buffer","buffer",106496209
"buffer","buffer","buffer","buffer","buffer","buffer","buffer","buffer","buffer","buffer",106508365
"buffer","buffer","buffer","buffer","buffer","buffer","buffer","buffer","buffer","buffer",106520344
"buffer","buffer","buffer","buffer","buffer","buffer","buffer","buffer","buffer","buffer",106532257
"buffer","buffer","buffer","buffer","buffer","buffer","buffer","buffer","buffer","buffer",106544319
"buffer","buffer","buffer","buffer","buffer","buffer","buffer","buffer","buffer","buffer",106556603
"buffer","buffer","buffer","buffer","buffer","buffer","buffer","buffer","buffer","buffer",106568640
"buffer","buffer","buffer","buffer","buffer","buffer","buffer","buffer","buffer","buffer",106580468
"buffer","buffer","buffer","buffer","buffer","buffer","buffer","buffer","buffer","buffer",106592708
"buffer","buffer","buffer","buffer","buffer","buffer","buffer","buffer","buffer","buffer",106604723
"buffer","buffer","buffer","buffer","buffer","buffer","buffer","buffer","buffer","buffer",106616684
"buffer","buffer","buffer","buffer","buffer","buffer","buffer","buffer","buffer","buffer",106628865
"buffer","buffer","buffer","buffer","buffer","buffer","buffer","buffer","buffer","buffer",106640749
"buffer","buffer","buffer","buffer","buffer","buffer","buffer","buffer","buffer","buffer",106652881
"buffer","buffer","buffer","buffer","buffer","buffer","buffer","buffer","buffer","buffer",106664886
"buffer","buffer","buffer","buffer","buffer","buffer","buffer","buffer","buffer","buffer",106676717
"buffer","buffer","buffer","buffer","buffer","buffer","buffer","buffer","buffer","buffer",106688940
"buffer","buffer","buffer","buffer","buffer","buffer","buffer","buffer","buffer","buffer",106701159
"buffer","buffer","buffer","buffer","buffer","buffer","buffer","buffer","buffer","buffer",106713052
"buffer","buffer","buffer","buffer","buffer","buffer","buffer","buffer","buffer","buffer",106725220
"buffer","buffer","buffer","buffer","buffer","buffer","buffer","buffer","buffer","buffer",106737291
"buffer","buffer","buffer","buffer","buffer","buffer","buffer","buffer","buffer","buffer",106749203
"buffer","buffer","buffer","buffer","buffer","buffer","buffer","buffer","buffer","buffer",106761198
"buffer","buffer","buffer","buffer","buffer","buffer","buffer","buffer","buffer","buffer",106773244
"buffer","buffer","buffer","buffer","buffer","buffer","buffer","buffer","buffer","buffer",106785413
"buffer","buffer","buffer","buffer","buffer","buffer","buffer","buffer","buffer","buffer",106797483
"buffer","buffer","buffer","buffer","buffer","buffer","buffer","buffer","buffer","buffer",106809364
"buffer","buffer","buffer","buffer","buffer","buffer","buffer","buffer","buffer","buffer",106821486
"buffer","buffer","buffer","buffer","buffer","buffer","buffer","buffer","buffer","buffer",106833491
"buffer","buffer","buffer","buffer","buffer","buffer","buffer","buffer","buffer","buffer",106845473
"buffer","buffer","buffer","buffer","buffer","buffer","buffer","buffer","buffer","buffer",106857526
"buffer","buffer","buffer","buffer","buffer","buffer","buffer","buffer","buffer","buffer",106869742
"buffer","buffer","buffer","buffer","buffer","buffer","buffer","buffer","buffer","buffer",106881735
"buffer","buffer","buffer","buffer","buffer","buffer","buffer","buffer","buffer","buffer",106893557
"buffer","buffer","buffer","buffer","buffer","buffer","buffer","buffer","buffer","buffer",106905680
"buffer","buffer","buffer","buffer","buffer","buffer","buffer","buffer","buffer","buffer",106917900
"buffer","buffer","buffer","buffer","buffer","buffer","buffer","buffer","buffer","buffer",106929986
"buffer","buffer","buffer","buffer","buffer","buffer","buffer","buffer","buffer","buffer",106941867
"buffer","buffer","buffer","buffer","buffer","buffer","buffer","buffer","buffer","buffer",106953939
"buffer","buffer","buffer","buffer","buffer","buffer","buffer","buffer","buffer","buffer",106965978
"buffer","buffer","buffer","buffer","buffer","buffer","buffer","buffer","buffer","buffer",106978015
"buffer","buffer","buffer","buffer","buffer","buffer","buffer","buffer","buffer","buffer",106990121
"buffer","buffer","buffer","buffer","buffer","buffer","buffer","buffer","buffer","buffer",107002156
"buffer","buffer","buffer","buffer","buffer","buffer","buffer","buffer","buffer","buffer",107014246
"buffer","buffer","buffer","buffer","buffer","buffer","buffer","buffer","buffer","buffer",107026293
"buffer","buffer","buffer","buffer","buffer","buffer","buffer","buffer","buffer","buffer",107038408
"buffer","buffer","buffer","buffer","buffer","buffer","buffer","buffer","buffer","buffer",107050406
"buffer","buffer","buffer","buffer","buffer","buffer","buffer","buffer","buffer","buffer",107062565
"buffer","buffer","buffer","buffer","buffer","buffer","buffer","buffer","buffer","buffer",107074515
"buffer","buffer","buffer","buffer","buffer","buffer","buffer","buffer","buffer","buffer",107086413
"buffer","buffer","buffer","buffer","buffer","buffer","buffer","buffer","buffer","buffer",107098528
"buffer","buffer","buffer","buffer","buffer","buffer","buffer","buffer","buffer","buffer",107110608
"buffer","buffer","buffer","buffer","buffer","buffer","buffer","buffer","buffer","buffer",107122541
"buffer","buffer","buffer","buffer","buffer","buffer","buffer","buffer","buffer","buffer",107134869
"buffer","buffer","buffer","buffer","buffer","buffer","buffer","buffer","buffer","buffer",107146731
"buffer","buffer","buffer","buffer","buffer","buffer","buffer","buffer","buffer","buffer",107158808
"buffer","buffer","buffer","buffer","buffer","buffer","buffer","buffer","buffer","buffer",107170765
"buffer","buffer","buffer","buffer","buffer","buffer","buffer","buffer","buffer","buffer",107182757
"buffer","buffer","buffer","buffer","buffer","buffer","buffer","buffer","buffer","buffer",107194954
"buffer","buffer","buffer","buffer","buffer","buffer","buffer","buffer","buffer","buffer",107207023
"buffer","buffer","buffer","buffer","buffer","buffer","buffer","buffer","buffer","buffer",107219045
"buffer","buffer","buffer","buffer","buffer","buffer","buffer","buffer","buffer","buffer",107230960
"buffer","buffer","buffer","buffer","buffer","buffer","buffer","buffer","buffer","buffer",107243039
"buffer","buffer","buffer","buffer","buffer","buffer","buffer","buffer","buffer","buffer",107255224
"buffer","buffer","buffer","buffer","buffer","buffer","buffer","buffer","buffer","buffer",107267159
"buffer","buffer","buffer","buffer","buffer","buffer","buffer","buffer","buffer","buffer",107279135
"buffer","buffer","buffer","buffer","buffer","buffer","buffer","buffer","buffer","buffer",107291041
"buffer","buffer","buffer","buffer","buffer","buffer","buffer","buffer","buffer","buffer",107303254
"buffer","buffer","buffer","buffer","buffer","buffer","buffer","buffer","buffer","buffer",107315223
"buffer","buffer","buffer","buffer","buffer","buffer","buffer","buffer","buffer","buffer",107327491
"buffer","buffer","buffer","buffer","buffer","buffer","buffer","buffer","buffer","buffer",107339318
"buffer","buffer","buffer","buffer","buffer","buffer","buffer","buffer","buffer","buffer",107351520
"buffer","buffer","buffer","buffer","buffer","buffer","buffer","buffer","buffer","buffer",107363639
"buffer","buffer","buffer","buffer","buffer","buffer","buffer","buffer","buffer","buffer",107375488
"buffer","buffer","buffer","buffer","buffer","buffer","buffer","buffer","buffer","buffer",107387496
"buffer","buffer","buffer","buffer","buffer","buffer","buffer","buffer","buffer","buffer",107399600
"buffer","buffer","buffer","buffer","buffer","buffer","buffer","buffer","buffer","buffer",107411595
"buffer","buffer","buffer","buffer","buffer","buffer","buffer","buffer","buffer","buffer",107423871
"buffer","buffer","buffer","buffer","buffer","buffer","buffer","buffer","buffer","buffer",107435801
"buffer","buffer","buffer","buffer","buffer","buffer","buffer","buffer","buffer","buffer",107447758
"buffer","buffer","buffer","buffer","buffer","buffer","buffer","buffer","buffer","buffer",107459900
"buffer","buffer","buffer","buffer","buffer","buffer","buffer","buffer","buffer","buffer",107471858
"buffer","buffer","buffer","buffer","buffer","buffer","buffer","buffer","buffer","buffer",107484051
"buffer","buffer","buffer","buffer","buffer","buffer","buffer","buffer","buffer","buffer",107496014
"buffer","buffer","buffer","buffer","buffer","buffer","buffer","buffer","buffer","buffer",107508097
"buffer","buffer","buffer","buffer","buffer","buffer","buffer","buffer","buffer","buffer",107520156
"buffer","buffer","buffer","buffer","buffer","buffer","buffer","buffer","buffer","buffer",107531913
"buffer","buffer","buffer","buffer","buffer","buffer","buffer","buffer","buffer","buffer",107544104
"buffer","buffer","buffer","buffer","buffer","buffer","buffer","buffer","buffer","buffer",107556306
"buffer","buffer","buffer","buffer","buffer","buffer","buffer","buffer","buffer","buffer",107568093
"buffer","buffer","buffer","buffer","buffer","buffer","buffer","buffer","buffer","buffer",107580336
"buffer","buffer","buffer","buffer","buffer","buffer","buffer","buffer","buffer","buffer",107592379
"buffer","buffer","buffer","buffer","buffer","buffer","buffer","buffer","buffer","buffer",107604393
"buffer","buffer","buffer","buffer","buffer","buffer","buffer","buffer","buffer","buffer",107616453
"buffer","buffer","buffer","buffer","buffer","buffer","buffer","buffer","buffer","buffer",107628514
"buffer","buffer","buffer","buffer","buffer","buffer","buffer","buffer","buffer","buffer",107640692
"buffer","buffer","buffer","buffer","buffer","buffer","buffer","buffer","buffer","buffer",107652464
"buffer","buffer","buffer","buffer","buffer","buffer","buffer","buffer","buffer","buffer",107664693
"buffer","buffer","buffer","buffer","buffer","buffer","buffer","buffer","buffer","buffer",107676624
"buffer","buffer","buffer","buffer","buffer","buffer","buffer","buffer","buffer","buffer",107688881
"buffer","buffer","buffer","buffer","buffer","buffer","buffer","buffer","buffer","buffer",107700829
"buffer","buffer","buffer","buffer","buffer","buffer","buffer","buffer","buffer","buffer",107712807
"buffer","buffer","buffer","buffer","buffer","buffer","buffer","buffer","buffer","buffer",107724786
"buffer","buffer","buffer","buffer","buffer","buffer","buffer","buffer","buffer","buffer",107736961
"buffer","buffer","buffer","buffer","buffer","buffer","buffer","buffer","buffer","buffer",107748840
"buffer","buffer","buffer","buffer","buffer","buffer","buffer","buffer","buffer","buffer",107761152
"buffer","buffer","buffer","buffer","buffer","buffer","buffer","buffer","buffer","buffer",107773179
"buffer","buffer","buffer","buffer","buffer","buffer","buffer","buffer","buffer","buffer",107784953
"buffer","buffer","buffer","buffer","buffer","buffer","buffer","buffer","buffer","buffer",107797189
"buffer","buffer","buffer","buffer","buffer","buffer","buffer","buffer","buffer","buffer",107809208
"buffer","buffer","buffer","buffer","buffer","buffer","buffer","buffer","buffer","buffer",107821240
"buffer","buffer","buffer","buffer","buffer","buffer","buffer","buffer","buffer","buffer",107833261
"buffer","buffer","buffer","buffer","buffer","buffer","buffer","buffer","buffer","buffer",107845534
"buffer","buffer","buffer","buffer","buffer","buffer","buffer","buffer","buffer","buffer",107857540
"buffer","buffer","buffer","buffer","buffer","buffer","buffer","buffer","buffer","buffer",107869563
"buffer","buffer","buffer","buffer","buffer","buffer","buffer","buffer","buffer","buffer",107881615
"buffer","buffer","buffer","buffer","buffer","buffer","buffer","buffer","buffer","buffer",107893611
"buffer","buffer","buffer","buffer","buffer","buffer","buffer","buffer","buffer","buffer",107905694
"buffer","buffer","buffer","buffer","buffer","buffer","buffer","buffer","buffer","buffer",107917581
"buffer","buffer","buffer","buffer","buffer","buffer","buffer","buffer","buffer","buffer",107929768
"buffer","buffer","buffer","buffer","buffer","buffer","buffer","buffer","buffer","buffer",107941724
"buffer","buffer","buffer","buffer","buffer","buffer","buffer","buffer","buffer","buffer",107953974
"buffer","buffer","buffer","buffer","buffer","buffer","buffer","buffer","buffer","buffer",107966034
"buffer","buffer","buffer","buffer","buffer","buffer","buffer","buffer","buffer","buffer",107977913
"buffer","buffer","buffer","buffer","buffer","buffer","buffer","buffer","buffer","buffer",107989902
"buffer","buffer","buffer","buffer","buffer","buffer","buffer","buffer","buffer","buffer",108002050
"buffer","buffer","buffer","buffer","buffer","buffer","buffer","buffer","buffer","buffer",108013951
"buffer","buffer","buffer","buffer","buffer","buffer","buffer","buffer","buffer","buffer",108026214
"buffer","buffer","buffer","buffer","buffer","buffer","buffer","buffer","buffer","buffer",108037958
"buffer","buffer","buffer","buffer","buffer","buffer","buffer","buffer","buffer","buffer",108050235
"buffer","buffer","buffer","buffer","buffer","buffer","buffer","buffer","buffer","buffer",108062084
"buffer","buffer","buffer","buffer","buffer","buffer","buffer","buffer","buffer","buffer",108074270
"buffer","buffer","buffer","buffer","buffer","buffer","buffer","buffer","buffer","buffer",108086319
"buffer","buffer","buffer","buffer","buffer","buffer","buffer","buffer","buffer","buffer",108098398
"buffer","buffer","buffer","buffer","buffer","buffer","buffer","buffer","buffer","buffer",108110400
"buffer","buffer","buffer","buffer","buffer","buffer","buffer","buffer","buffer","buffer",108122514
"buffer","buffer","buffer","buffer","buffer","buffer","buffer","buffer","buffer","buffer",108134541
"buffer","buffer","buffer","buffer","buffer","buffer","buffer","buffer","buffer","buffer",108146616
"buffer","buffer","buffer","buffer","buffer","buffer","buffer","buffer","buffer","buffer",108158657
"buffer","buffer","buffer","buffer","buffer","buffer","buffer","buffer","buffer","buffer",108170432
"buffer","buffer","buffer","buffer","buffer","buffer","buffer","buffer","buffer","buffer",108182480
"buffer","buffer","buffer","buffer","buffer","buffer","buffer","buffer","buffer","buffer",108194590
"buffer","buffer","buffer","buffer","buffer","buffer","buffer","buffer","buffer","buffer",108206553
"buffer","buffer","buffer","buffer","buffer","buffer","buffer","buffer","buffer","buffer",108218865
"buffer","buffer","buffer","buffer","buffer","buffer","buffer","buffer","buffer","buffer",108230783
"buffer","buffer","buffer","buffer","buffer","buffer","buffer","buffer","buffer","buffer",108242791
"buffer","buffer","buffer","buffer","buffer","buffer","buffer","buffer","buffer","buffer",108254685
"buffer","buffer","buffer","buffer","buffer","buffer","buffer","buffer","buffer","buffer",108266714
"buffer","buffer","buffer","buffer","buffer","buffer","buffer","buffer","buffer","buffer",108278935
"buffer","buffer","buffer","buffer","buffer","buffer","buffer","buffer","buffer","buffer",108290813
"buffer","buffer","buffer","buffer","buffer","buffer","buffer","buffer","buffer","buffer",108303247
"buffer","buffer","buffer","buffer","buffer","buffer","buffer","buffer","buffer","buffer",108315182
"buffer","buffer","buffer","buffer","buffer","buffer","buffer","buffer","buffer","buffer",108327104
"buffer","buffer","buffer","buffer","buffer","buffer","buffer","buffer","buffer","buffer",108339253
"buffer","buffer","buffer","buffer","buffer","buffer","buffer","buffer","buffer","buffer",108351397
"buffer","buffer","buffer","buffer","buffer","buffer","buffer","buffer","buffer","buffer",108363349
"buffer","buffer","buffer","buffer","buffer","buffer","buffer","buffer","buffer","buffer",108375338
"buffer","buffer","buffer","buffer","buffer","buffer","buffer","buffer","buffer","buffer",108387624
"buffer","buffer","buffer","buffer","buffer","buffer","buffer","buffer","buffer","buffer",108399527
"buffer","buffer","buffer","buffer","buffer","buffer","buffer","buffer","buffer","buffer",108411470
"buffer","buffer","buffer","buffer","buffer","buffer","buffer","buffer","buffer","buffer",108423451
"buffer","buffer","buffer","buffer","buffer","buffer","buffer","buffer","buffer","buffer",108435453
"buffer","buffer","buffer","buffer","buffer","buffer","buffer","buffer","buffer","buffer",108447824
"buffer","buffer","buffer","buffer","buffer","buffer","buffer","buffer","buffer","buffer",108459749
"buffer","buffer","buffer","buffer","buffer","buffer","buffer","buffer","buffer","buffer",108471858
"buffer","buffer","buffer","buffer","buffer","buffer","buffer","buffer","buffer","buffer",108483740
"buffer","buffer","buffer","buffer","buffer","buffer","buffer","buffer","buffer","buffer",108495690
"buffer","buffer","buffer","buffer","buffer","buffer","buffer","buffer","buffer","buffer",108507898
"buffer","buffer","buffer","buffer","buffer","buffer","buffer","buffer","buffer","buffer",108520028
"buffer","buffer","buffer","buffer","buffer","buffer","buffer","buffer","buffer","buffer",108532052
"buffer","buffer","buffer","buffer","buffer","buffer","buffer","buffer","buffer","buffer",108543932
"buffer","buffer","buffer","buffer","buffer","buffer","buffer","buffer","buffer","buffer",108556148
"buffer","buffer","buffer","buffer","buffer","buffer","buffer","buffer","buffer","buffer",108568291
"buffer","buffer","buffer","buffer","buffer","buffer","buffer","buffer","buffer","buffer",108580075
"buffer","buffer","buffer","buffer","buffer","buffer","buffer","buffer","buffer","buffer",108592274
"buffer","buffer","buffer","buffer","buffer","buffer","buffer","buffer","buffer","buffer",108604350
"buffer","buffer","buffer","buffer","buffer","buffer","buffer","buffer","buffer","buffer",108616222
"buffer","buffer","buffer","buffer","buffer","buffer","buffer","buffer","buffer","buffer",108628297
"buffer","buffer","buffer","buffer","buffer","buffer","buffer","buffer","buffer","buffer",108640463
"buffer","buffer","buffer","buffer","buffer","buffer","buffer","buffer","buffer","buffer",108652423
"buffer","buffer","buffer","buffer","buffer","buffer","buffer","buffer","buffer","buffer",108664553
"buffer","buffer","buffer","buffer","buffer","buffer","buffer","buffer","buffer","buffer",108676506
"buffer","buffer","buffer","buffer","buffer","buffer","buffer","buffer","buffer","buffer",108688590
"buffer","buffer","buffer","buffer","buffer","buffer","buffer","buffer","buffer","buffer",108700441
"buffer","buffer","buffer","buffer","buffer","buffer","buffer","buffer","buffer","buffer",108712630
"buffer","buffer","buffer","buffer","buffer","buffer","buffer","buffer","buffer","buffer",108724730
"buffer","buffer","buffer","buffer","buffer","buffer","buffer","buffer","buffer","buffer",108736572
"buffer","buffer","buffer","buffer","buffer","buffer","buffer","buffer","buffer","buffer",108748930
"buffer","buffer","buffer","buffer","buffer","buffer","buffer","buffer","buffer","buffer",108760677
"buffer","buffer","buffer","buffer","buffer","buffer","buffer","buffer","buffer","buffer",108772739
"buffer","buffer","buffer","buffer","buffer","buffer","buffer","buffer","buffer","buffer",108784942
"buffer","buffer","buffer","buffer","buffer","buffer","buffer","buffer","buffer","buffer",108796954
"buffer","buffer","buffer","buffer","buffer","buffer","buffer","buffer","buffer","buffer",108809105
"buffer","buffer","buffer","buffer","buffer","buffer","buffer","buffer","buffer","buffer",108821085
"buffer","buffer","buffer","buffer","buffer","buffer","buffer","buffer","buffer","buffer",108833071
"buffer","buffer","buffer","buffer","buffer","buffer","buffer","buffer","buffer","buffer",108845024
"buffer","buffer","buffer","buffer","buffer","buffer","buffer","buffer","buffer","buffer",108857043
"buffer","buffer","buffer","buffer","buffer","buffer","buffer","buffer","buffer","buffer",108869195
"buffer","buffer","buffer","buffer","buffer","buffer","buffer","buffer","buffer","buffer",108881360
"buffer","buffer","buffer","buffer","buffer","buffer","buffer","buffer","buffer","buffer",108893414
"buffer","buffer","buffer","buffer","buffer","buffer","buffer","buffer","buffer","buffer",108905502
"buffer","buffer","buffer","buffer","buffer","buffer","buffer","buffer","buffer","buffer",108917570
"buffer","buffer","buffer","buffer","buffer","buffer","buffer","buffer","buffer","buffer",108929542
"buffer","buffer","buffer","buffer","buffer","buffer","buffer","buffer","buffer","buffer",108941579
"buffer","buffer","buffer","buffer","buffer","buffer","buffer","buffer","buffer","buffer",108953598
"buffer","buffer","buffer","buffer","buffer","buffer","buffer","buffer","buffer","buffer",108965539
"buffer","buffer","buffer","buffer","buffer","buffer","buffer","buffer","buffer","buffer",108977611
"buffer","buffer","buffer","buffer","buffer","buffer","buffer","buffer","buffer","buffer",108989717
"buffer","buffer","buffer","buffer","buffer","buffer","buffer","buffer","buffer","buffer",109001711
"buffer","buffer","buffer","buffer","buffer","buffer","buffer","buffer","buffer","buffer",109013755
"buffer","buffer","buffer","buffer","buffer","buffer","buffer","buffer","buffer","buffer",109025927
"buffer","buffer","buffer","buffer","buffer","buffer","buffer","buffer","buffer","buffer",109037973
"buffer","buffer","buffer","buffer","buffer","buffer","buffer","buffer","buffer","buffer",109049982
"buffer","buffer","buffer","buffer","buffer","buffer","buffer","buffer","buffer","buffer",109061953
"buffer","buffer","buffer","buffer","buffer","buffer","buffer","buffer","buffer","buffer",109074087
"buffer","buffer","buffer","buffer","buffer","buffer","buffer","buffer","buffer","buffer",109086291
"buffer","buffer","buffer","buffer","buffer","buffer","buffer","buffer","buffer","buffer",109098095
"buffer","buffer","buffer","buffer","buffer","buffer","buffer","buffer","buffer","buffer",109110149
"buffer","buffer","buffer","buffer","buffer","buffer","buffer","buffer","buffer","buffer",109122382
"buffer","buffer","buffer","buffer","buffer","buffer","buffer","buffer","buffer","buffer",109134247
"buffer","buffer","buffer","buffer","buffer","buffer","buffer","buffer","buffer","buffer",109146406
"buffer","buffer","buffer","buffer","buffer","buffer","buffer","buffer","buffer","buffer",109158372
"buffer","buffer","buffer","buffer","buffer","buffer","buffer","buffer","buffer","buffer",109170287
"buffer","buffer","buffer","buffer","buffer","buffer","buffer","buffer","buffer","buffer",109182444
"buffer","buffer","buffer","buffer","buffer","buffer","buffer","buffer","buffer","buffer",109194685
"buffer","buffer","buffer","buffer","buffer","buffer","buffer","buffer","buffer","buffer",109206594
"buffer","buffer","buffer","buffer","buffer","buffer","buffer","buffer","buffer","buffer",109218670
"buffer","buffer","buffer","buffer","buffer","buffer","buffer","buffer","buffer","buffer",109230674
"buffer","buffer","buffer","buffer","buffer","buffer","buffer","buffer","buffer","buffer",109242853
"buffer","buffer","buffer","buffer","buffer","buffer","buffer","buffer","buffer","buffer",109254655
"buffer","buffer","buffer","buffer","buffer","buffer","buffer","buffer","buffer","buffer",109266631
"buffer","buffer","buffer","buffer","buffer","buffer","buffer","buffer","buffer","buffer",109278775
"buffer","buffer","buffer","buffer","buffer","buffer","buffer","buffer","buffer","buffer",109290703
"buffer","buffer","buffer","buffer","buffer","buffer","buffer","buffer","buffer","buffer",109302892
"buffer","buffer","buffer","buffer","buffer","buffer","buffer","buffer","buffer","buffer",109314877
"buffer","buffer","buffer","buffer","buffer","buffer","buffer","buffer","buffer","buffer",109327089
"buffer","buffer","buffer","buffer","buffer","buffer","buffer","buffer","buffer","buffer",109339111
"buffer","buffer","buffer","buffer","buffer","buffer","buffer","buffer","buffer","buffer",109351070
"buffer","buffer","buffer","buffer","buffer","buffer","buffer","buffer","buffer","buffer",109363141
"buffer","buffer","buffer","buffer","buffer","buffer","buffer","buffer","buffer","buffer",109375210
"buffer","buffer","buffer","buffer","buffer","buffer","buffer","buffer","buffer","buffer",109387331
"buffer","buffer","buffer","buffer","buffer","buffer","buffer","buffer","buffer","buffer",109399391
"buffer","buffer","buffer","buffer","buffer","buffer","buffer","buffer","buffer","buffer",109411273
"buffer","buffer","buffer","buffer","buffer","buffer","buffer","buffer","buffer","buffer",109423512
"buffer","buffer","buffer","buffer","buffer","buffer","buffer","buffer","buffer","buffer",109435473
"buffer","buffer","buffer","buffer","buffer","buffer","buffer","buffer","buffer","buffer",109447424
"buffer","buffer","buffer","buffer","buffer","buffer","buffer","buffer","buffer","buffer",109459539
"buffer","buffer","buffer","buffer","buffer","buffer","buffer","buffer","buffer","buffer",109471588
"buffer","buffer","buffer","buffer","buffer","buffer","buffer","buffer","buffer","buffer",109483579
"buffer","buffer","buffer","buffer","buffer","buffer","buffer","buffer","buffer","buffer",109495648
"buffer","buffer","buffer","buffer","buffer","buffer","buffer","buffer","buffer","buffer",109507751
"buffer","buffer","buffer","buffer","buffer","buffer","buffer","buffer","buffer","buffer",109519683
"buffer","buffer","buffer","buffer","buffer","buffer","buffer","buffer","buffer","buffer",109531850
"buffer","buffer","buffer","buffer","buffer","buffer","buffer","buffer","buffer","buffer",109543942
"buffer","buffer","buffer","buffer","buffer","buffer","buffer","buffer","buffer","buffer",109555837
"buffer","buffer","buffer","buffer","buffer","buffer","buffer","buffer","buffer","buffer",109567743
"buffer","buffer","buffer","buffer","buffer","buffer","buffer","buffer","buffer","buffer",109579833
"buffer","buffer","buffer","buffer","buffer","buffer","buffer","buffer","buffer","buffer",109591966
"buffer","buffer","buffer","buffer","buffer","buffer","buffer","buffer","buffer","buffer",109603926
"buffer","buffer","buffer","buffer","buffer","buffer","buffer","buffer","buffer","buffer",109616160
"buffer","buffer","buffer","buffer","buffer","buffer","buffer","buffer","buffer","buffer",109628012
"buffer","buffer","buffer","buffer","buffer","buffer","buffer","buffer","buffer","buffer",109640317
"buffer","buffer","buffer","buffer","buffer","buffer","buffer","buffer","buffer","buffer",109652104
"buffer","buffer","buffer","buffer","buffer","buffer","buffer","buffer","buffer","buffer",109664215
"buffer","buffer","buffer","buffer","buffer","buffer","buffer","buffer","buffer","buffer",109676462
"buffer","buffer","buffer","buffer","buffer","buffer","buffer","buffer","buffer","buffer",109688267
"buffer","buffer","buffer","buffer","buffer","buffer","buffer","buffer","buffer","buffer",109700392
"buffer","buffer","buffer","buffer","buffer","buffer","buffer","buffer","buffer","buffer",109712360
"buffer","buffer","buffer","buffer","buffer","buffer","buffer","buffer","buffer","buffer",109724375
"buffer","buffer","buffer","buffer","buffer","buffer","buffer","buffer","buffer","buffer",109736589
"buffer","buffer","buffer","buffer","buffer","buffer","buffer","buffer","buffer","buffer",109748410
"buffer","buffer","buffer","buffer","buffer","buffer","buffer","buffer","buffer","buffer",109760748
"buffer","buffer","buffer","buffer","buffer","buffer","buffer","buffer","buffer","buffer",109772595
"buffer","buffer","buffer","buffer","buffer","buffer","buffer","buffer","buffer","buffer",109784745
"buffer","buffer","buffer","buffer","buffer","buffer","buffer","buffer","buffer","buffer",109796746
"buffer","buffer","buffer","buffer","buffer","buffer","buffer","buffer","buffer","buffer",109808718
"buffer","buffer","buffer","buffer","buffer","buffer","buffer","buffer","buffer","buffer",109820826
"buffer","buffer","buffer","buffer","buffer","buffer","buffer","buffer","buffer","buffer",109832699
"buffer","buffer","buffer","buffer","buffer","buffer","buffer","buffer","buffer","buffer",109845006
"buffer","buffer","buffer","buffer","buffer","buffer","buffer","buffer","buffer","buffer",109857019
"buffer","buffer","buffer","buffer","buffer","buffer","buffer","buffer","buffer","buffer",109868990
"buffer","buffer","buffer","buffer","buffer","buffer","buffer","buffer","buffer","buffer",109881313
"buffer","buffer","buffer","buffer","buffer","buffer","buffer","buffer","buffer","buffer",109893149
"buffer","buffer","buffer","buffer","buffer","buffer","buffer","buffer","buffer","buffer",109905308
"buffer","buffer","buffer","buffer","buffer","buffer","buffer","buffer","buffer","buffer",109917372
"buffer","buffer","buffer","buffer","buffer","buffer","buffer","buffer","buffer","buffer",109929312
"buffer","buffer","buffer","buffer","buffer","buffer","buffer","buffer","buffer","buffer",109941240
"buffer","buffer","buffer","buffer","buffer","buffer","buffer","buffer","buffer","buffer",109953318
"buffer","buffer","buffer","buffer","buffer","buffer","buffer","buffer","buffer","buffer",109965598
"buffer","buffer","buffer","buffer","buffer","buffer","buffer","buffer","buffer","buffer",109977552
"buffer","buffer","buffer","buffer","buffer","buffer","buffer","buffer","buffer","buffer",109989601
"buffer","buffer","buffer","buffer","buffer","buffer","buffer","buffer","buffer","buffer",110001524
"buffer","buffer","buffer","buffer","buffer","buffer","buffer","buffer","buffer","buffer",110013387
"buffer","buffer","buffer","buffer","buffer","buffer","buffer","buffer","buffer","buffer",110025728
"buffer","buffer","buffer","buffer","buffer","buffer","buffer","buffer","buffer","buffer",110037878
"buffer","buffer","buffer","buffer","buffer","buffer","buffer","buffer","buffer","buffer",110049832
"buffer","buffer","buffer","buffer","buffer","buffer","buffer","buffer","buffer","buffer",110061820
"buffer","buffer","buffer","buffer","buffer","buffer","buffer","buffer","buffer","buffer",110073698
"buffer","buffer","buffer","buffer","buffer","buffer","buffer","buffer","buffer","buffer",110085990
"buffer","buffer","buffer","buffer","buffer","buffer","buffer","buffer","buffer","buffer",110098035
"buffer","buffer","buffer","buffer","buffer","buffer","buffer","buffer","buffer","buffer",110109799
"buffer","buffer","buffer","buffer","buffer","buffer","buffer","buffer","buffer","buffer",110122051
"buffer","buffer","buffer","buffer","buffer","buffer","buffer","buffer","buffer","buffer",110133993
"buffer","buffer","buffer","buffer","buffer","buffer","buffer","buffer","buffer","buffer",110145962
"buffer","buffer","buffer","buffer","buffer","buffer","buffer","buffer","buffer","buffer",110158117
"buffer","buffer","buffer","buffer","buffer","buffer","buffer","buffer","buffer","buffer",110170105
"buffer","buffer","buffer","buffer","buffer","buffer","buffer","buffer","buffer","buffer",110182250
"buffer","buffer","buffer","buffer","buffer","buffer","buffer","buffer","buffer","buffer",110194143
"buffer","buffer","buffer","buffer","buffer","buffer","buffer","buffer","buffer","buffer",110206155
"buffer","buffer","buffer","buffer","buffer","buffer","buffer","buffer","buffer","buffer",110218500
"buffer","buffer","buffer","buffer","buffer","buffer","buffer","buffer","buffer","buffer",110230308
"buffer","buffer","buffer","buffer","buffer","buffer","buffer","buffer","buffer","buffer",110242307
"buffer","buffer","buffer","buffer","buffer","buffer","buffer","buffer","buffer","buffer",110254582
"buffer","buffer","buffer","buffer","buffer","buffer","buffer","buffer","buffer","buffer",110266621
"buffer","buffer","buffer","buffer","buffer","buffer","buffer","buffer","buffer","buffer",110278632
"buffer","buffer","buffer","buffer","buffer","buffer","buffer","buffer","buffer","buffer",110290635
"buffer","buffer","buffer","buffer","buffer","buffer","buffer","buffer","buffer","buffer",110302576
"buffer","buffer","buffer","buffer","buffer","buffer","buffer","buffer","buffer","buffer",110314640
"buffer","buffer","buffer","buffer","buffer","buffer","buffer","buffer","buffer","buffer",110326850
"buffer","buffer","buffer","buffer","buffer","buffer","buffer","buffer","buffer","buffer",110338917
"buffer","buffer","buffer","buffer","buffer","buffer","buffer","buffer","buffer","buffer",110350765
"buffer","buffer","buffer","buffer","buffer","buffer","buffer","buffer","buffer","buffer",110362908
"buffer","buffer","buffer","buffer","buffer","buffer","buffer","buffer","buffer","buffer",110375029
"buffer","buffer","buffer","buffer","buffer","buffer","buffer","buffer","buffer","buffer",110386919
"buffer","buffer","buffer","buffer","buffer","buffer","buffer","buffer","buffer","buffer",110399099
"buffer","buffer","buffer","buffer","buffer","buffer","buffer","buffer","buffer","buffer",110411062
"buffer","buffer","buffer","buffer","buffer","buffer","buffer","buffer","buffer","buffer",110423169
"buffer","buffer","buffer","buffer","buffer","buffer","buffer","buffer","buffer","buffer",110435131
"buffer","buffer","buffer","buffer","buffer","buffer","buffer","buffer","buffer","buffer",110447277
"buffer","buffer","buffer","buffer","buffer","buffer","buffer","buffer","buffer","buffer",110459345
"buffer","buffer","buffer","buffer","buffer","buffer","buffer","buffer","buffer","buffer",110471247
"buffer","buffer","buffer","buffer","buffer","buffer","buffer","buffer","buffer","buffer",110483475
"buffer","buffer","buffer","buffer","buffer","buffer","buffer","buffer","buffer","buffer",110495334
"buffer","buffer","buffer","buffer","buffer","buffer","buffer","buffer","buffer","buffer",110507447
"buffer","buffer","buffer","buffer","buffer","buffer","buffer","buffer","buffer","buffer",110519300
"buffer","buffer","buffer","buffer","buffer","buffer","buffer","buffer","buffer","buffer",110531432
"buffer","buffer","buffer","buffer","buffer","buffer","buffer","buffer","buffer","buffer",110543519
"buffer","buffer","buffer","buffer","buffer","buffer","buffer","buffer","buffer","buffer",110555522
"buffer","buffer","buffer","buffer","buffer","buffer","buffer","buffer","buffer","buffer",110567664
"buffer","buffer","buffer","buffer","buffer","buffer","buffer","buffer","buffer","buffer",110579961
"buffer","buffer","buffer","buffer","buffer","buffer","buffer","buffer","buffer","buffer",110591705
"buffer","buffer","buffer","buffer","buffer","buffer","buffer","buffer","buffer","buffer",110603817
"buffer","buffer","buffer","buffer","buffer","buffer","buffer","buffer","buffer","buffer",110615951
"buffer","buffer","buffer","buffer","buffer","buffer","buffer","buffer","buffer","buffer",110628040
"buffer","buffer","buffer","buffer","buffer","buffer","buffer","buffer","buffer","buffer",110640227
"buffer","buffer","buffer","buffer","buffer","buffer","buffer","buffer","buffer","buffer",110651981
"buffer","buffer","buffer","buffer","buffer","buffer","buffer","buffer","buffer","buffer",110664010
"buffer","buffer","buffer","buffer","buffer","buffer","buffer","buffer","buffer","buffer",110676049
"buffer","buffer","buffer","buffer","buffer","buffer","buffer","buffer","buffer","buffer",110688229
"buffer","buffer","buffer","buffer","buffer","buffer","buffer","buffer","buffer","buffer",110700019
"buffer","buffer","buffer","buffer","buffer","buffer","buffer","buffer","buffer","buffer",110712144
"buffer","buffer","buffer","buffer","buffer","buffer","buffer","buffer","buffer","buffer",110724453
"buffer","buffer","buffer","buffer","buffer","buffer","buffer","buffer","buffer","buffer",110736171
"buffer","buffer","buffer","buffer","buffer","buffer","buffer","buffer","buffer","buffer",110748202
"buffer","buffer","buffer","buffer","buffer","buffer","buffer","buffer","buffer","buffer",110760622
"buffer","buffer","buffer","buffer","buffer","buffer","buffer","buffer","buffer","buffer",110772284
"buffer","buffer","buffer","buffer","buffer","buffer","buffer","buffer","buffer","buffer",110784471
"buffer","buffer","buffer","buffer","buffer","buffer","buffer","buffer","buffer","buffer",110796613
"buffer","buffer","buffer","buffer","buffer","buffer","buffer","buffer","buffer","buffer",110808693
"buffer","buffer","buffer","buffer","buffer","buffer","buffer","buffer","buffer","buffer",110820642
"buffer","buffer","buffer","buffer","buffer","buffer","buffer","buffer","buffer","buffer",110832794
"buffer","buffer","buffer","buffer","buffer","buffer","buffer","buffer","buffer","buffer",110844742
"buffer","buffer","buffer","buffer","buffer","buffer","buffer","buffer","buffer","buffer",110856825
"buffer","buffer","buffer","buffer","buffer","buffer","buffer","buffer","buffer","buffer",110868825
"buffer","buffer","buffer","buffer","buffer","buffer","buffer","buffer","buffer","buffer",110880798
"buffer","buffer","buffer","buffer","buffer","buffer","buffer","buffer","buffer","buffer",110892950
"buffer","buffer","buffer","buffer","buffer","buffer","buffer","buffer","buffer","buffer",110905034
"buffer","buffer","buffer","buffer","buffer","buffer","buffer","buffer","buffer","buffer",110916943
"buffer","buffer","buffer","buffer","buffer","buffer","buffer","buffer","buffer","buffer",110929175
"buffer","buffer","buffer","buffer","buffer","buffer","buffer","buffer","buffer","buffer",110941124
"buffer","buffer","buffer","buffer","buffer","buffer","buffer","buffer","buffer","buffer",110953065
"buffer","buffer","buffer","buffer","buffer","buffer","buffer","buffer","buffer","buffer",110965194
"buffer","buffer","buffer","buffer","buffer","buffer","buffer","buffer","buffer","buffer",110977402
"buffer","buffer","buffer","buffer","buffer","buffer","buffer","buffer","buffer","buffer",110989337
"buffer","buffer","buffer","buffer","buffer","buffer","buffer","buffer","buffer","buffer",111001514
"buffer","buffer","buffer","buffer","buffer","buffer","buffer","buffer","buffer","buffer",111013373
"buffer","buffer","buffer","buffer","buffer","buffer","buffer","buffer","buffer","buffer",111025361
"buffer","buffer","buffer","buffer","buffer","buffer","buffer","buffer","buffer","buffer",111037649
"buffer","buffer","buffer","buffer","buffer","buffer","buffer","buffer","buffer","buffer",111049547
"buffer","buffer","buffer","buffer","buffer","buffer","buffer","buffer","buffer","buffer",111061636
"buffer","buffer","buffer","buffer","buffer","buffer","buffer","buffer","buffer","buffer",111073576
"buffer","buffer","buffer","buffer","buffer","buffer","buffer","buffer","buffer","buffer",111085639
"buffer","buffer","buffer","buffer","buffer","buffer","buffer","buffer","buffer","buffer",111097764
"buffer","buffer","buffer","buffer","buffer","buffer","buffer","buffer","buffer","buffer",111109663
"buffer","buffer","buffer","buffer","buffer","buffer","buffer","buffer","buffer","buffer",111121815
"buffer","buffer","buffer","buffer","buffer","buffer","buffer","buffer","buffer","buffer",111133903
"buffer","buffer","buffer","buffer","buffer","buffer","buffer","buffer","buffer","buffer",111145968
"buffer","buffer","buffer","buffer","buffer","buffer","buffer","buffer","buffer","buffer",111157872
"buffer","buffer","buffer","buffer","buffer","buffer","buffer","buffer","buffer","buffer",111169916
"buffer","buffer","buffer","buffer","buffer","buffer","buffer","buffer","buffer","buffer",111182067
"buffer","buffer","buffer","buffer","buffer","buffer","buffer","buffer","buffer","buffer",111193944
"buffer","buffer","buffer","buffer","buffer","buffer","buffer","buffer","buffer","buffer",111206037
"buffer","buffer","buffer","buffer","buffer","buffer","buffer","buffer","buffer","buffer",111218250
"buffer","buffer","buffer","buffer","buffer","buffer","buffer","buffer","buffer","buffer",111230150
"buffer","buffer","buffer","buffer","buffer","buffer","buffer","buffer","buffer","buffer",111242227
"buffer","buffer","buffer","buffer","buffer","buffer","buffer","buffer","buffer","buffer",111254176
"buffer","buffer","buffer","buffer","buffer","buffer","buffer","buffer","buffer","buffer",111266185
"buffer","buffer","buffer","buffer","buffer","buffer","buffer","buffer","buffer","buffer",111278478
"buffer","buffer","buffer","buffer","buffer","buffer","buffer","buffer","buffer","buffer",111290575
"buffer","buffer","buffer","buffer","buffer","buffer","buffer","buffer","buffer","buffer",111302427
"buffer","buffer","buffer","buffer","buffer","buffer","buffer","buffer","buffer","buffer",111314516
"buffer","buffer","buffer","buffer","buffer","buffer","buffer","buffer","buffer","buffer",111326599
"buffer","buffer","buffer","buffer","buffer","buffer","buffer","buffer","buffer","buffer",111338601
"buffer","buffer","buffer","buffer","buffer","buffer","buffer","buffer","buffer","buffer",111350704
"buffer","buffer","buffer","buffer","buffer","buffer","buffer","buffer","buffer","buffer",111362770
"buffer","buffer","buffer","buffer","buffer","buffer","buffer","buffer","buffer","buffer",111374864
"buffer","buffer","buffer","buffer","buffer","buffer","buffer","buffer","buffer","buffer",111386591
"buffer","buffer","buffer","buffer","buffer","buffer","buffer","buffer","buffer","buffer",111398929
"buffer","buffer","buffer","buffer","buffer","buffer","buffer","buffer","buffer","buffer",111410823
"buffer","buffer","buffer","buffer","buffer","buffer","buffer","buffer","buffer","buffer",111422976
"buffer","buffer","buffer","buffer","buffer","buffer","buffer","buffer","buffer","buffer",111434973
"buffer","buffer","buffer","buffer","buffer","buffer","buffer","buffer","buffer","buffer",111447060
"buffer","buffer","buffer","buffer","buffer","buffer","buffer","buffer","buffer","buffer",111459131
"buffer","buffer","buffer","buffer","buffer","buffer","buffer","buffer","buffer","buffer",111471157
"buffer","buffer","buffer","buffer","buffer","buffer","buffer","buffer","buffer","buffer",111483190
"buffer","buffer","buffer","buffer","buffer","buffer","buffer","buffer","buffer","buffer",111495300
"buffer","buffer","buffer","buffer","buffer","buffer","buffer","buffer","buffer","buffer",111507241
"buffer","buffer","buffer","buffer","buffer","buffer","buffer","buffer","buffer","buffer",111519281
"buffer","buffer","buffer","buffer","buffer","buffer","buffer","buffer","buffer","buffer",111531414
"buffer","buffer","buffer","buffer","buffer","buffer","buffer","buffer","buffer","buffer",111543240
"buffer","buffer","buffer","buffer","buffer","buffer","buffer","buffer","buffer","buffer",111555258
"buffer","buffer","buffer","buffer","buffer","buffer","buffer","buffer","buffer","buffer",111567479
"buffer","buffer","buffer","buffer","buffer","buffer","buffer","buffer","buffer","buffer",111579544
"buffer","buffer","buffer","buffer","buffer","buffer","buffer","buffer","buffer","buffer",111591571
"buffer","buffer","buffer","buffer","buffer","buffer","buffer","buffer","buffer","buffer",111603811
"buffer","buffer","buffer","buffer","buffer","buffer","buffer","buffer","buffer","buffer",111615733
"buffer","buffer","buffer","buffer","buffer","buffer","buffer","buffer","buffer","buffer",111627788
"buffer","buffer","buffer","buffer","buffer","buffer","buffer","buffer","buffer","buffer",111639726
"buffer","buffer","buffer","buffer","buffer","buffer","buffer","buffer","buffer","buffer",111651834
"buffer","buffer","buffer","buffer","buffer","buffer","buffer","buffer","buffer","buffer",111663774
"buffer","buffer","buffer","buffer","buffer","buffer","buffer","buffer","buffer","buffer",111675869
"buffer","buffer","buffer","buffer","buffer","buffer","buffer","buffer","buffer","buffer",111687869
"buffer","buffer","buffer","buffer","buffer","buffer","buffer","buffer","buffer","buffer",111700010
"buffer","buffer","buffer","buffer","buffer","buffer","buffer","buffer","buffer","buffer",111711899
"buffer","buffer","buffer","buffer","buffer","buffer","buffer","buffer","buffer","buffer",111724144
"buffer","buffer","buffer","buffer","buffer","buffer","buffer","buffer","buffer","buffer",111735974
"buffer","buffer","buffer","buffer","buffer","buffer","buffer","buffer","buffer","buffer",111747990
"buffer","buffer","buffer","buffer","buffer","buffer","buffer","buffer","buffer","buffer",111760132
"buffer","buffer","buffer","buffer","buffer","buffer","buffer","buffer","buffer","buffer",111772266
"buffer","buffer","buffer","buffer","buffer","buffer","buffer","buffer","buffer","buffer",111784286
"buffer","buffer","buffer","buffer","buffer","buffer","buffer","buffer","buffer","buffer",111796479
"buffer","buffer","buffer","buffer","buffer","buffer","buffer","buffer","buffer","buffer",111808405
"buffer","buffer","buffer","buffer","buffer","buffer","buffer","buffer","buffer","buffer",111820493
"buffer","buffer","buffer","buffer","buffer","buffer","buffer","buffer","buffer","buffer",111832447
"buffer","buffer","buffer","buffer","buffer","buffer","buffer","buffer","buffer","buffer",111844566
"buffer","buffer","buffer","buffer","buffer","buffer","buffer","buffer","buffer","buffer",111856365
"buffer","buffer","buffer","buffer","buffer","buffer","buffer","buffer","buffer","buffer",111868506
"buffer","buffer","buffer","buffer","buffer","buffer","buffer","buffer","buffer","buffer",111880669
"buffer","buffer","buffer","buffer","buffer","buffer","buffer","buffer","buffer","buffer",111892810
"buffer","buffer","buffer","buffer","buffer","buffer","buffer","buffer","buffer","buffer",111904757
"buffer","buffer","buffer","buffer","buffer","buffer","buffer","buffer","buffer","buffer",111916870
"buffer","buffer","buffer","buffer","buffer","buffer","buffer","buffer","buffer","buffer",111929064
"buffer","buffer","buffer","buffer","buffer","buffer","buffer","buffer","buffer","buffer",111940936
"buffer","buffer","buffer","buffer","buffer","buffer","buffer","buffer","buffer","buffer",111953032
"buffer","buffer","buffer","buffer","buffer","buffer","buffer","buffer","buffer","buffer",111964819
"buffer","buffer","buffer","buffer","buffer","buffer","buffer","buffer","buffer","buffer",111977177
"buffer","buffer","buffer","buffer","buffer","buffer","buffer","buffer","buffer","buffer",111989101
"buffer","buffer","buffer","buffer","buffer","buffer","buffer","buffer","buffer","buffer",112001074
"buffer","buffer","buffer","buffer","buffer","buffer","buffer","buffer","buffer","buffer",112013103
"buffer","buffer","buffer","buffer","buffer","buffer","buffer","buffer","buffer","buffer",112025232
"buffer","buffer","buffer","buffer","buffer","buffer","buffer","buffer","buffer","buffer",112037367
"buffer","buffer","buffer","buffer","buffer","buffer","buffer","buffer","buffer","buffer",112049121
"buffer","buffer","buffer","buffer","buffer","buffer","buffer","buffer","buffer","buffer",112061203
"buffer","buffer","buffer","buffer","buffer","buffer","buffer","buffer","buffer","buffer",112073402
"buffer","buffer","buffer","buffer","buffer","buffer","buffer","buffer","buffer","buffer",112085650
"buffer","buffer","buffer","buffer","buffer","buffer","buffer","buffer","buffer","buffer",112097541
"buffer","buffer","buffer","buffer","buffer","buffer","buffer","buffer","buffer","buffer",112109631
"buffer","buffer","buffer","buffer","buffer","buffer","buffer","buffer","buffer","buffer",112121567
"buffer","buffer","buffer","buffer","buffer","buffer","buffer","buffer","buffer","buffer",112133977
"buffer","buffer","buffer","buffer","buffer","buffer","buffer","buffer","buffer","buffer",112145591
"buffer","buffer","buffer","buffer","buffer","buffer","buffer","buffer","buffer","buffer",112157778
"buffer","buffer","buffer","buffer","buffer","buffer","buffer","buffer","buffer","buffer",112170026
"buffer","buffer","buffer","buffer","buffer","buffer","buffer","buffer","buffer","buffer",112181988
"buffer","buffer","buffer","buffer","buffer","buffer","buffer","buffer","buffer","buffer",112193831
"buffer","buffer","buffer","buffer","buffer","buffer","buffer","buffer","buffer","buffer",112205847
"buffer","buffer","buffer","buffer","buffer","buffer","buffer","buffer","buffer","buffer",112217854
"buffer","buffer","buffer","buffer","buffer","buffer","buffer","buffer","buffer","buffer",112230054
"buffer","buffer","buffer","buffer","buffer","buffer","buffer","buffer","buffer","buffer",112242023
"buffer","buffer","buffer","buffer","buffer","buffer","buffer","buffer","buffer","buffer",112254159
"buffer","buffer","buffer","buffer","buffer","buffer","buffer","buffer","buffer","buffer",112266180
"buffer","buffer","buffer","buffer","buffer","buffer","buffer","buffer","buffer","buffer",112278203
"buffer","buffer","buffer","buffer","buffer","buffer","buffer","buffer","buffer","buffer",112290218
"buffer","buffer","buffer","buffer","buffer","buffer","buffer","buffer","buffer","buffer",112302378
"buffer","buffer","buffer","buffer","buffer","buffer","buffer","buffer","buffer","buffer",112314300
"buffer","buffer","buffer","buffer","buffer","buffer","buffer","buffer","buffer","buffer",112326294
"buffer","buffer","buffer","buffer","buffer","buffer","buffer","buffer","buffer","buffer",112338313
"buffer","buffer","buffer","buffer","buffer","buffer","buffer","buffer","buffer","buffer",112350531
"buffer","buffer","buffer","buffer","buffer","buffer","buffer","buffer","buffer","buffer",112362547
"buffer","buffer","buffer","buffer","buffer","buffer","buffer","buffer","buffer","buffer",112374566
"buffer","buffer","buffer","buffer","buffer","buffer","buffer","buffer","buffer","buffer",112386587
"buffer","buffer","buffer","buffer","buffer","buffer","buffer","buffer","buffer","buffer",112398714
"buffer","buffer","buffer","buffer","buffer","buffer","buffer","buffer","buffer","buffer",112410548
"buffer","buffer","buffer","buffer","buffer","buffer","buffer","buffer","buffer","buffer",112422584
"buffer","buffer","buffer","buffer","buffer","buffer","buffer","buffer","buffer","buffer",112434786
"buffer","buffer","buffer","buffer","buffer","buffer","buffer","buffer","buffer","buffer",112446784
"buffer","buffer","buffer","buffer","buffer","buffer","buffer","buffer","buffer","buffer",112458864
"buffer","buffer","buffer","buffer","buffer","buffer","buffer","buffer","buffer","buffer",112470872
"buffer","buffer","buffer","buffer","buffer","buffer","buffer","buffer","buffer","buffer",112482955
"buffer","buffer","buffer","buffer","buffer","buffer","buffer","buffer","buffer","buffer",112495199
"buffer","buffer","buffer","buffer","buffer","buffer","buffer","buffer","buffer","buffer",112507050
"buffer","buffer","buffer","buffer","buffer","buffer","buffer","buffer","buffer","buffer",112519142
"buffer","buffer","buffer","buffer","buffer","buffer","buffer","buffer","buffer","buffer",112531015
"buffer","buffer","buffer","buffer","buffer","buffer","buffer","buffer","buffer","buffer",112543219
"buffer","buffer","buffer","buffer","buffer","buffer","buffer","buffer","buffer","buffer",112555294
"buffer","buffer","buffer","buffer","buffer","buffer","buffer","buffer","buffer","buffer",112567164
"buffer","buffer","buffer","buffer","buffer","buffer","buffer","buffer","buffer","buffer",112579237
"buffer","buffer","buffer","buffer","buffer","buffer","buffer","buffer","buffer","buffer",112591404
"buffer","buffer","buffer","buffer","buffer","buffer","buffer","buffer","buffer","buffer",112603334
"buffer","buffer","buffer","buffer","buffer","buffer","buffer","buffer","buffer","buffer",112615492
"buffer","buffer","buffer","buffer","buffer","buffer","buffer","buffer","buffer","buffer",112627505
"buffer","buffer","buffer","buffer","buffer","buffer","buffer","buffer","buffer","buffer",112639664
"buffer","buffer","buffer","buffer","buffer","buffer","buffer","buffer","buffer","buffer",112651457
"buffer","buffer","buffer","buffer","buffer","buffer","buffer","buffer","buffer","buffer",112663753
"buffer","buffer","buffer","buffer","buffer","buffer","buffer","buffer","buffer","buffer",112675722
"buffer","buffer","buffer","buffer","buffer","buffer","buffer","buffer","buffer","buffer",112687573
"buffer","buffer","buffer","buffer","buffer","buffer","buffer","buffer","buffer","buffer",112699864
"buffer","buffer","buffer","buffer","buffer","buffer","buffer","buffer","buffer","buffer",112711706
"buffer","buffer","buffer","buffer","buffer","buffer","buffer","buffer","buffer","buffer",112723806
"buffer","buffer","buffer","buffer","buffer","buffer","buffer","buffer","buffer","buffer",112736021
"buffer","buffer","buffer","buffer","buffer","buffer","buffer","buffer","buffer","buffer",112747877
"buffer","buffer","buffer","buffer","buffer","buffer","buffer","buffer","buffer","buffer",112759981
"buffer","buffer","buffer","buffer","buffer","buffer","buffer","buffer","buffer","buffer",112772053
"buffer","buffer","buffer","buffer","buffer","buffer","buffer","buffer","buffer","buffer",112784111
"buffer","buffer","buffer","buffer","buffer","buffer","buffer","buffer","buffer","buffer",112796294
"buffer","buffer","buffer","buffer","buffer","buffer","buffer","buffer","buffer","buffer",112808277
"buffer","buffer","buffer","buffer","buffer","buffer","buffer","buffer","buffer","buffer",112820134
"buffer","buffer","buffer","buffer","buffer","buffer","buffer","buffer","buffer","buffer",112832210
"buffer","buffer","buffer","buffer","buffer","buffer","buffer","buffer","buffer","buffer",112844314
"buffer","buffer","buffer","buffer","buffer","buffer","buffer","buffer","buffer","buffer",112856685
"buffer","buffer","buffer","buffer","buffer","buffer","buffer","buffer","buffer","buffer",112868540
"buffer","buffer","buffer","buffer","buffer","buffer","buffer","buffer","buffer","buffer",112880556
"buffer","buffer","buffer","buffer","buffer","buffer","buffer","buffer","buffer","buffer",112892494
"buffer","buffer","buffer","buffer","buffer","buffer","buffer","buffer","buffer","buffer",112904487
"buffer","buffer","buffer","buffer","buffer","buffer","buffer","buffer","buffer","buffer",112916428
"buffer","buffer","buffer","buffer","buffer","buffer","buffer","buffer","buffer","buffer",112928777
"buffer","buffer","buffer","buffer","buffer","buffer","buffer","buffer","buffer","buffer",112940663
"buffer","buffer","buffer","buffer","buffer","buffer","buffer","buffer","buffer","buffer",112952585
"buffer","buffer","buffer","buffer","buffer","buffer","buffer","buffer","buffer","buffer",112965008
"buffer","buffer","buffer","buffer","buffer","buffer","buffer","buffer","buffer","buffer",112976842
"buffer","buffer","buffer","buffer","buffer","buffer","buffer","buffer","buffer","buffer",112988897
"buffer","buffer","buffer","buffer","buffer","buffer","buffer","buffer","buffer","buffer",113000803
"buffer","buffer","buffer","buffer","buffer","buffer","buffer","buffer","buffer","buffer",113013056
"buffer","buffer","buffer","buffer","buffer","buffer","buffer","buffer","buffer","buffer",113025094
"buffer","buffer","buffer","buffer","buffer","buffer","buffer","buffer","buffer","buffer",113037078
"buffer","buffer","buffer","buffer","buffer","buffer","buffer","buffer","buffer","buffer",113048991
"buffer","buffer","buffer","buffer","buffer","buffer","buffer","buffer","buffer","buffer",113061149
"buffer","buffer","buffer","buffer","buffer","buffer","buffer","buffer","buffer","buffer",113073203
"buffer","buffer","buffer","buffer","buffer","buffer","buffer","buffer","buffer","buffer",113085480
"buffer","buffer","buffer","buffer","buffer","buffer","buffer","buffer","buffer","buffer",113097291
"buffer","buffer","buffer","buffer","buffer","buffer","buffer","buffer","buffer","buffer",113109352
"buffer","buffer","buffer","buffer","buffer","buffer","buffer","buffer","buffer","buffer",113121567
"buffer","buffer","buffer","buffer","buffer","buffer","buffer","buffer","buffer","buffer",113133404
"buffer","buffer","buffer","buffer","buffer","buffer","buffer","buffer","buffer","buffer",113145321
"buffer","buffer","buffer","buffer","buffer","buffer","buffer","buffer","buffer","buffer",113157673
"buffer","buffer","buffer","buffer","buffer","buffer","buffer","buffer","buffer","buffer",113169506
"buffer","buffer","buffer","buffer","buffer","buffer","buffer","buffer","buffer","buffer",113181472
"buffer","buffer","buffer","buffer","buffer","buffer","buffer","buffer","buffer","buffer",113193518
"buffer","buffer","buffer","buffer","buffer","buffer","buffer","buffer","buffer","buffer",113205786
"buffer","buffer","buffer","buffer","buffer","buffer","buffer","buffer","buffer","buffer",113217712
"buffer","buffer","buffer","buffer","buffer","buffer","buffer","buffer","buffer","buffer",113229776
"buffer","buffer","buffer","buffer","buffer","buffer","buffer","buffer","buffer","buffer",113241952
"buffer","buffer","buffer","buffer","buffer","buffer","buffer","buffer","buffer","buffer",113254052
"buffer","buffer","buffer","buffer","buffer","buffer","buffer","buffer","buffer","buffer",113265811
"buffer","buffer","buffer","buffer","buffer","buffer","buffer","buffer","buffer","buffer",113277943
"buffer","buffer","buffer","buffer","buffer","buffer","buffer","buffer","buffer","buffer",113290118
"buffer","buffer","buffer","buffer","buffer","buffer","buffer","buffer","buffer","buffer",113302126
"buffer","buffer","buffer","buffer","buffer","buffer","buffer","buffer","buffer","buffer",113314165
"buffer","buffer","buffer","buffer","buffer","buffer","buffer","buffer","buffer","buffer",113326220
"buffer","buffer","buffer","buffer","buffer","buffer","buffer","buffer","buffer","buffer",113338168
"buffer","buffer","buffer","buffer","buffer","buffer","buffer","buffer","buffer","buffer",113350419
"buffer","buffer","buffer","buffer","buffer","buffer","buffer","buffer","buffer","buffer",113362235
"buffer","buffer","buffer","buffer","buffer","buffer","buffer","buffer","buffer","buffer",113374214
"buffer","buffer","buffer","buffer","buffer","buffer","buffer","buffer","buffer","buffer",113386511
"buffer","buffer","buffer","buffer","buffer","buffer","buffer","buffer","buffer","buffer",113398159
"buffer","buffer","buffer","buffer","buffer","buffer","buffer","buffer","buffer","buffer",113410406
"buffer","buffer","buffer","buffer","buffer","buffer","buffer","buffer","buffer","buffer",113422278
"buffer","buffer","buffer","buffer","buffer","buffer","buffer","buffer","buffer","buffer",113434522
"buffer","buffer","buffer","buffer","buffer","buffer","buffer","buffer","buffer","buffer",113446637
"buffer","buffer","buffer","buffer","buffer","buffer","buffer","buffer","buffer","buffer",113458612
"buffer","buffer","buffer","buffer","buffer","buffer","buffer","buffer","buffer","buffer",113470781
"buffer","buffer","buffer","buffer","buffer","buffer","buffer","buffer","buffer","buffer",113482742
"buffer","buffer","buffer","buffer","buffer","buffer","buffer","buffer","buffer","buffer",113494903
"buffer","buffer","buffer","buffer","buffer","buffer","buffer","buffer","buffer","buffer",113506881
"buffer","buffer","buffer","buffer","buffer","buffer","buffer","buffer","buffer","buffer",113518832
"buffer","buffer","buffer","buffer","buffer","buffer","buffer","buffer","buffer","buffer",113531059
"buffer","buffer","buffer","buffer","buffer","buffer","buffer","buffer","buffer","buffer",113543024
"buffer","buffer","buffer","buffer","buffer","buffer","buffer","buffer","buffer","buffer",113554920
"buffer","buffer","buffer","buffer","buffer","buffer","buffer","buffer","buffer","buffer",113567202
"buffer","buffer","buffer","buffer","buffer","buffer","buffer","buffer","buffer","buffer",113579211
"buffer","buffer","buffer","buffer","buffer","buffer","buffer","buffer","buffer","buffer",113591196
"buffer","buffer","buffer","buffer","buffer","buffer","buffer","buffer","buffer","buffer",113603214
"buffer","buffer","buffer","buffer","buffer","buffer","buffer","buffer","buffer","buffer",113615249
"buffer","buffer","buffer","buffer","buffer","buffer","buffer","buffer","buffer","buffer",113627270
"buffer","buffer","buffer","buffer","buffer","buffer","buffer","buffer","buffer","buffer",113639432
"buffer","buffer","buffer","buffer","buffer","buffer","buffer","buffer","buffer","buffer",113651566
"buffer","buffer","buffer","buffer","buffer","buffer","buffer","buffer","buffer","buffer",113663290
"buffer","buffer","buffer","buffer","buffer","buffer","buffer","buffer","buffer","buffer",113675328
"buffer","buffer","buffer","buffer","buffer","buffer","buffer","buffer","buffer","buffer",113687450
"buffer","buffer","buffer","buffer","buffer","buffer","buffer","buffer","buffer","buffer",113699457
"buffer","buffer","buffer","buffer","buffer","buffer","buffer","buffer","buffer","buffer",113711581
"buffer","buffer","buffer","buffer","buffer","buffer","buffer","buffer","buffer","buffer",113723678
"buffer","buffer","buffer","buffer","buffer","buffer","buffer","buffer","buffer","buffer",113735877
"buffer","buffer","buffer","buffer","buffer","buffer","buffer","buffer","buffer","buffer",113747672
"buffer","buffer","buffer","buffer","buffer","buffer","buffer","buffer","buffer","buffer",113759531
"buffer","buffer","buffer","buffer","buffer","buffer","buffer","buffer","buffer","buffer",113771826
"buffer","buffer","buffer","buffer","buffer","buffer","buffer","buffer","buffer","buffer",113783966
"buffer","buffer","buffer","buffer","buffer","buffer","buffer","buffer","buffer","buffer",113795845
"buffer","buffer","buffer","buffer","buffer","buffer","buffer","buffer","buffer","buffer",113807973
"buffer","buffer","buffer","buffer","buffer","buffer","buffer","buffer","buffer","buffer",113819965
"buffer","buffer","buffer","buffer","buffer","buffer","buffer","buffer","buffer","buffer",113832096
"buffer","buffer","buffer","buffer","buffer","buffer","buffer","buffer","buffer","buffer",113843990
"buffer","buffer","buffer","buffer","buffer","buffer","buffer","buffer","buffer","buffer",113856207
"buffer","buffer","buffer","buffer","buffer","buffer","buffer","buffer","buffer","buffer",113868133
"buffer","buffer","buffer","buffer","buffer","buffer","buffer","buffer","buffer","buffer",113880308
"buffer","buffer","buffer","buffer","buffer","buffer","buffer","buffer","buffer","buffer",113892405
"buffer","buffer","buffer","buffer","buffer","buffer","buffer","buffer","buffer","buffer",113904477
"buffer","buffer","buffer","buffer","buffer","buffer","buffer","buffer","buffer","buffer",113916381
"buffer","buffer","buffer","buffer","buffer","buffer","buffer","buffer","buffer","buffer",113928234
"buffer","buffer","buffer","buffer","buffer","buffer","buffer","buffer","buffer","buffer",113940625
"buffer","buffer","buffer","buffer","buffer","buffer","buffer","buffer","buffer","buffer",113952324
"buffer","buffer","buffer","buffer","buffer","buffer","buffer","buffer","buffer","buffer",113964611
"buffer","buffer","buffer","buffer","buffer","buffer","buffer","buffer","buffer","buffer",113976612
"buffer","buffer","buffer","buffer","buffer","buffer","buffer","buffer","buffer","buffer",113988658
"buffer","buffer","buffer","buffer","buffer","buffer","buffer","buffer","buffer","buffer",114000703
"buffer","buffer","buffer","buffer","buffer","buffer","buffer","buffer","buffer","buffer",114012757
"buffer","buffer","buffer","buffer","buffer","buffer","buffer","buffer","buffer","buffer",114024775
"buffer","buffer","buffer","buffer","buffer","buffer","buffer","buffer","buffer","buffer",114036982
"buffer","buffer","buffer","buffer","buffer","buffer","buffer","buffer","buffer","buffer",114048932
"buffer","buffer","buffer","buffer","buffer","buffer","buffer","buffer","buffer","buffer",114061005
"buffer","buffer","buffer","buffer","buffer","buffer","buffer","buffer","buffer","buffer",114072901
"buffer","buffer","buffer","buffer","buffer","buffer","buffer","buffer","buffer","buffer",114085093
"buffer","buffer","buffer","buffer","buffer","buffer","buffer","buffer","buffer","buffer",114097036
"buffer","buffer","buffer","buffer","buffer","buffer","buffer","buffer","buffer","buffer",114109175
"buffer","buffer","buffer","buffer","buffer","buffer","buffer","buffer","buffer","buffer",114121182
"buffer","buffer","buffer","buffer","buffer","buffer","buffer","buffer","buffer","buffer",114133198
"buffer","buffer","buffer","buffer","buffer","buffer","buffer","buffer","buffer","buffer",114145424
"buffer","buffer","buffer","buffer","buffer","buffer","buffer","buffer","buffer","buffer",114157311
"buffer","buffer","buffer","buffer","buffer","buffer","buffer","buffer","buffer","buffer",114169463
"buffer","buffer","buffer","buffer","buffer","buffer","buffer","buffer","buffer","buffer",114181531
"buffer","buffer","buffer","buffer","buffer","buffer","buffer","buffer","buffer","buffer",114193371
"buffer","buffer","buffer","buffer","buffer","buffer","buffer","buffer","buffer","buffer",114205415
"buffer","buffer","buffer","buffer","buffer","buffer","buffer","buffer","buffer","buffer",114217498
"buffer","buffer","buffer","buffer","buffer","buffer","buffer","buffer","buffer","buffer",114229495
"buffer","buffer","buffer","buffer","buffer","buffer","buffer","buffer","buffer","buffer",114241576
"buffer","buffer","buffer","buffer","buffer","buffer","buffer","buffer","buffer","buffer",114253687
"buffer","buffer","buffer","buffer","buffer","buffer","buffer","buffer","buffer","buffer",114265650
"buffer","buffer","buffer","buffer","buffer","buffer","buffer","buffer","buffer","buffer",114277795
"buffer","buffer","buffer","buffer","buffer","buffer","buffer","buffer","buffer","buffer",114289708
"buffer","buffer","buffer","buffer","buffer","buffer","buffer","buffer","buffer","buffer",114301797
"buffer","buffer","buffer","buffer","buffer","buffer","buffer","buffer","buffer","buffer",114313660
"buffer","buffer","buffer","buffer","buffer","buffer","buffer","buffer","buffer","buffer",114325936
"buffer","buffer","buffer","buffer","buffer","buffer","buffer","buffer","buffer","buffer",114337923
"buffer","buffer","buffer","buffer","buffer","buffer","buffer","buffer","buffer","buffer",114350067
"buffer","buffer","buffer","buffer","buffer","buffer","buffer","buffer","buffer","buffer",114362363
"buffer","buffer","buffer","buffer","buffer","buffer","buffer","buffer","buffer","buffer",114374268
"buffer","buffer","buffer","buffer","buffer","buffer","buffer","buffer","buffer","buffer",114386278
"buffer","buffer","buffer","buffer","buffer","buffer","buffer","buffer","buffer","buffer",114398133
"buffer","buffer","buffer","buffer","buffer","buffer","buffer","buffer","buffer","buffer",114410048
"buffer","buffer","buffer","buffer","buffer","buffer","buffer","buffer","buffer","buffer",114422381
"buffer","buffer","buffer","buffer","buffer","buffer","buffer","buffer","buffer","buffer",114434444
"buffer","buffer","buffer","buffer","buffer","buffer","buffer","buffer","buffer","buffer",114446455
"buffer","buffer","buffer","buffer","buffer","buffer","buffer","buffer","buffer","buffer",114458539
"buffer","buffer","buffer","buffer","buffer","buffer","buffer","buffer","buffer","buffer",114470553
"buffer","buffer","buffer","buffer","buffer","buffer","buffer","buffer","buffer","buffer",114482606
"buffer","buffer","buffer","buffer","buffer","buffer","buffer","buffer","buffer","buffer",114494473
"buffer","buffer","buffer","buffer","buffer","buffer","buffer","buffer","buffer","buffer",114506428
"buffer","buffer","buffer","buffer","buffer","buffer","buffer","buffer","buffer","buffer",114518739
"buffer","buffer","buffer","buffer","buffer","buffer","buffer","buffer","buffer","buffer",114530768
"buffer","buffer","buffer","buffer","buffer","buffer","buffer","buffer","buffer","buffer",114542609
"buffer","buffer","buffer","buffer","buffer","buffer","buffer","buffer","buffer","buffer",114554712
"buffer","buffer","buffer","buffer","buffer","buffer","buffer","buffer","buffer","buffer",114566834
"buffer","buffer","buffer","buffer","buffer","buffer","buffer","buffer","buffer","buffer",114578763
"buffer","buffer","buffer","buffer","buffer","buffer","buffer","buffer","buffer","buffer",114590970
"buffer","buffer","buffer","buffer","buffer","buffer","buffer","buffer","buffer","buffer",114603045
"buffer","buffer","buffer","buffer","buffer","buffer","buffer","buffer","buffer","buffer",114614948
"buffer","buffer","buffer","buffer","buffer","buffer","buffer","buffer","buffer","buffer",114627123
"buffer","buffer","buffer","buffer","buffer","buffer","buffer","buffer","buffer","buffer",114639173
"buffer","buffer","buffer","buffer","buffer","buffer","buffer","buffer","buffer","buffer",114651199
"buffer","buffer","buffer","buffer","buffer","buffer","buffer","buffer","buffer","buffer",114663214
"buffer","buffer","buffer","buffer","buffer","buffer","buffer","buffer","buffer","buffer",114675300
"buffer","buffer","buffer","buffer","buffer","buffer","buffer","buffer","buffer","buffer",114687334
"buffer","buffer","buffer","buffer","buffer","buffer","buffer","buffer","buffer","buffer",114699184
"buffer","buffer","buffer","buffer","buffer","buffer","buffer","buffer","buffer","buffer",114711363
"buffer","buffer","buffer","buffer","buffer","buffer","buffer","buffer","buffer","buffer",114723458
"buffer","buffer","buffer","buffer","buffer","buffer","buffer","buffer","buffer","buffer",114735446
"buffer","buffer","buffer","buffer","buffer","buffer","buffer","buffer","buffer","buffer",114747574
"buffer","buffer","buffer","buffer","buffer","buffer","buffer","buffer","buffer","buffer",114759530
"buffer","buffer","buffer","buffer","buffer","buffer","buffer","buffer","buffer","buffer",114771617
"buffer","buffer","buffer","buffer","buffer","buffer","buffer","buffer","buffer","buffer",114783774
"buffer","buffer","buffer","buffer","buffer","buffer","buffer","buffer","buffer","buffer",114795785
"buffer","buffer","buffer","buffer","buffer","buffer","buffer","buffer","buffer","buffer",114807721
"buffer","buffer","buffer","buffer","buffer","buffer","buffer","buffer","buffer","buffer",114819881
"buffer","buffer","buffer","buffer","buffer","buffer","buffer","buffer","buffer","buffer",114831924
"buffer","buffer","buffer","buffer","buffer","buffer","buffer","buffer","buffer","buffer",114843711
"buffer","buffer","buffer","buffer","buffer","buffer","buffer","buffer","buffer","buffer",114856071
"buffer","buffer","buffer","buffer","buffer","buffer","buffer","buffer","buffer","buffer",114868098
"buffer","buffer","buffer","buffer","buffer","buffer","buffer","buffer","buffer","buffer",114880058
"buffer","buffer","buffer","buffer","buffer","buffer","buffer","buffer","buffer","buffer",114892156
"buffer","buffer","buffer","buffer","buffer","buffer","buffer","buffer","buffer","buffer",114903958
"buffer","buffer","buffer","buffer","buffer","buffer","buffer","buffer","buffer","buffer",114916257
"buffer","buffer","buffer","buffer","buffer","buffer","buffer","buffer","buffer","buffer",114928331
"buffer","buffer","buffer","buffer","buffer","buffer","buffer","buffer","buffer","buffer",114940481
"buffer","buffer","buffer","buffer","buffer","buffer","buffer","buffer","buffer","buffer",114952286
"buffer","buffer","buffer","buffer","buffer","buffer","buffer","buffer","buffer","buffer",114964344
"buffer","buffer","buffer","buffer","buffer","buffer","buffer","buffer","buffer","buffer",114976409
"buffer","buffer","buffer","buffer","buffer","buffer","buffer","buffer","buffer","buffer",114988650
"buffer","buffer","buffer","buffer","buffer","buffer","buffer","buffer","buffer","buffer",115000510
"buffer","buffer","buffer","buffer","buffer","buffer","buffer","buffer","buffer","buffer",115012657
"buffer","buffer","buffer","buffer","buffer","buffer","buffer","buffer","buffer","buffer",115024707
"buffer","buffer","buffer","buffer","buffer","buffer","buffer","buffer","buffer","buffer",115036490
"buffer","buffer","buffer","buffer","buffer","buffer","buffer","buffer","buffer","buffer",115048701
"buffer","buffer","buffer","buffer","buffer","buffer","buffer","buffer","buffer","buffer",115060848
"buffer","buffer","buffer","buffer","buffer","buffer","buffer","buffer","buffer","buffer",115072819
"buffer","buffer","buffer","buffer","buffer","buffer","buffer","buffer","buffer","buffer",115084820
"buffer","buffer","buffer","buffer","buffer","buffer","buffer","buffer","buffer","buffer",115096893
"buffer","buffer","buffer","buffer","buffer","buffer","buffer","buffer","buffer","buffer",115108842
"buffer","buffer","buffer","buffer","buffer","buffer","buffer","buffer","buffer","buffer",115121048
"buffer","buffer","buffer","buffer","buffer","buffer","buffer","buffer","buffer","buffer",115132991
"buffer","buffer","buffer","buffer","buffer","buffer","buffer","buffer","buffer","buffer",115145108
"buffer","buffer","buffer","buffer","buffer","buffer","buffer","buffer","buffer","buffer",115157085
"buffer","buffer","buffer","buffer","buffer","buffer","buffer","buffer","buffer","buffer",115169310
"buffer","buffer","buffer","buffer","buffer","buffer","buffer","buffer","buffer","buffer",115181100
"buffer","buffer","buffer","buffer","buffer","buffer","buffer","buffer","buffer","buffer",115193281
"buffer","buffer","buffer","buffer","buffer","buffer","buffer","buffer","buffer","buffer",115205317
"buffer","buffer","buffer","buffer","buffer","buffer","buffer","buffer","buffer","buffer",115217432
"buffer","buffer","buffer","buffer","buffer","buffer","buffer","buffer","buffer","buffer",115229418
"buffer","buffer","buffer","buffer","buffer","buffer","buffer","buffer","buffer","buffer",115241448
"buffer","buffer","buffer","buffer","buffer","buffer","buffer","buffer","buffer","buffer",115253514
"buffer","buffer","buffer","buffer","buffer","buffer","buffer","buffer","buffer","buffer",115265339
"buffer","buffer","buffer","buffer","buffer","buffer","buffer","buffer","buffer","buffer",115277564
"buffer","buffer","buffer","buffer","buffer","buffer","buffer","buffer","buffer","buffer",115289549
"buffer","buffer","buffer","buffer","buffer","buffer","buffer","buffer","buffer","buffer",115301696
"buffer","buffer","buffer","buffer","buffer","buffer","buffer","buffer","buffer","buffer",115313776
"buffer","buffer","buffer","buffer","buffer","buffer","buffer","buffer","buffer","buffer",115325616
"buffer","buffer","buffer","buffer","buffer","buffer","buffer","buffer","buffer","buffer",115337701
"buffer","buffer","buffer","buffer","buffer","buffer","buffer","buffer","buffer","buffer",115349922
"buffer","buffer","buffer","buffer","buffer","buffer","buffer","buffer","buffer","buffer",115361848
"buffer","buffer","buffer","buffer","buffer","buffer","buffer","buffer","buffer","buffer",115373948
"buffer","buffer","buffer","buffer","buffer","buffer","buffer","buffer","buffer","buffer",115386002
"buffer","buffer","buffer","buffer","buffer","buffer","buffer","buffer","buffer","buffer",115398043
"buffer","buffer","buffer","buffer","buffer","buffer","buffer","buffer","buffer","buffer",115410115
"buffer","buffer","buffer","buffer","buffer","buffer","buffer","buffer","buffer","buffer",115422077
"buffer","buffer","buffer","buffer","buffer","buffer","buffer","buffer","buffer","buffer",115434178
"buffer","buffer","buffer","buffer","buffer","buffer","buffer","buffer","buffer","buffer",115446189
"buffer","buffer","buffer","buffer","buffer","buffer","buffer","buffer","buffer","buffer",115458200
"buffer","buffer","buffer","buffer","buffer","buffer","buffer","buffer","buffer","buffer",115470338
"buffer","buffer","buffer","buffer","buffer","buffer","buffer","buffer","buffer","buffer",115482452
"buffer","buffer","buffer","buffer","buffer","buffer","buffer","buffer","buffer","buffer",115494451
"buffer","buffer","buffer","buffer","buffer","buffer","buffer","buffer","buffer","buffer",115506623
"buffer","buffer","buffer","buffer","buffer","buffer","buffer","buffer","buffer","buffer",115518430
"buffer","buffer","buffer","buffer","buffer","buffer","buffer","buffer","buffer","buffer",115530585
"buffer","buffer","buffer","buffer","buffer","buffer","buffer","buffer","buffer","buffer",115542617
"buffer","buffer","buffer","buffer","buffer","buffer","buffer","buffer","buffer","buffer",115554689
"buffer","buffer","buffer","buffer","buffer","buffer","buffer","buffer","buffer","buffer",115566796
"buffer","buffer","buffer","buffer","buffer","buffer","buffer","buffer","buffer","buffer",115578651
"buffer","buffer","buffer","buffer","buffer","buffer","buffer","buffer","buffer","buffer",115590763
"buffer","buffer","buffer","buffer","buffer","buffer","buffer","buffer","buffer","buffer",115602944
"buffer","buffer","buffer","buffer","buffer","buffer","buffer","buffer","buffer","buffer",115614932
"buffer","buffer","buffer","buffer","buffer","buffer","buffer","buffer","buffer","buffer",115626992
"buffer","buffer","buffer","buffer","buffer","buffer","buffer","buffer","buffer","buffer",115638808
"buffer","buffer","buffer","buffer","buffer","buffer","buffer","buffer","buffer","buffer",115650965
"buffer","buffer","buffer","buffer","buffer","buffer","buffer","buffer","buffer","buffer",115662860
"buffer","buffer","buffer","buffer","buffer","buffer","buffer","buffer","buffer","buffer",115675139
"buffer","buffer","buffer","buffer","buffer","buffer","buffer","buffer","buffer","buffer",115687246
"buffer","buffer","buffer","buffer","buffer","buffer","buffer","buffer","buffer","buffer",115699281
"buffer","buffer","buffer","buffer","buffer","buffer","buffer","buffer","buffer","buffer",115711362
"buffer","buffer","buffer","buffer","buffer","buffer","buffer","buffer","buffer","buffer",115723197
"buffer","buffer","buffer","buffer","buffer","buffer","buffer","buffer","buffer","buffer",115735400
"buffer","buffer","buffer","buffer","buffer","buffer","buffer","buffer","buffer","buffer",115747357
"buffer","buffer","buffer","buffer","buffer","buffer","buffer","buffer","buffer","buffer",115759449
"buffer","buffer","buffer","buffer","buffer","buffer","buffer","buffer","buffer","buffer",115771545
"buffer","buffer","buffer","buffer","buffer","buffer","buffer","buffer","buffer","buffer",115783612
"buffer","buffer","buffer","buffer","buffer","buffer","buffer","buffer","buffer","buffer",115795609
"buffer","buffer","buffer","buffer","buffer","buffer","buffer","buffer","buffer","buffer",115807511
"buffer","buffer","buffer","buffer","buffer","buffer","buffer","buffer","buffer","buffer",115819632
"buffer","buffer","buffer","buffer","buffer","buffer","buffer","buffer","buffer","buffer",115831798
"buffer","buffer","buffer","buffer","buffer","buffer","buffer","buffer","buffer","buffer",115843693
"buffer","buffer","buffer","buffer","buffer","buffer","buffer","buffer","buffer","buffer",115855808
"buffer","buffer","buffer","buffer","buffer","buffer","buffer","buffer","buffer","buffer",115867752
"buffer","buffer","buffer","buffer","buffer","buffer","buffer","buffer","buffer","buffer",115879699
"buffer","buffer","buffer","buffer","buffer","buffer","buffer","buffer","buffer","buffer",115891942
"buffer","buffer","buffer","buffer","buffer","buffer","buffer","buffer","buffer","buffer",115904117
"buffer","buffer","buffer","buffer","buffer","buffer","buffer","buffer","buffer","buffer",115916163
"buffer","buffer","buffer","buffer","buffer","buffer","buffer","buffer","buffer","buffer",115928159
"buffer","buffer","buffer","buffer","buffer","buffer","buffer","buffer","buffer","buffer",115940046
"buffer","buffer","buffer","buffer","buffer","buffer","buffer","buffer","buffer","buffer",115952196
"buffer","buffer","buffer","buffer","buffer","buffer","buffer","buffer","buffer","buffer",115964254
"buffer","buffer","buffer","buffer","buffer","buffer","buffer","buffer","buffer","buffer",115976122
"buffer","buffer","buffer","buffer","buffer","buffer","buffer","buffer","buffer","buffer",115988409
"buffer","buffer","buffer","buffer","buffer","buffer","buffer","buffer","buffer","buffer",116000057
"buffer","buffer","buffer","buffer","buffer","buffer","buffer","buffer","buffer","buffer",116012498
"buffer","buffer","buffer","buffer","buffer","buffer","buffer","buffer","buffer","buffer",116024268
"buffer","buffer","buffer","buffer","buffer","buffer","buffer","buffer","buffer","buffer",116036374
"buffer","buffer","buffer","buffer","buffer","buffer","buffer","buffer","buffer","buffer",116048496
"buffer","buffer","buffer","buffer","buffer","buffer","buffer","buffer","buffer","buffer",116060521
"buffer","buffer","buffer","buffer","buffer","buffer","buffer","buffer","buffer","buffer",116072707
"buffer","buffer","buffer","buffer","buffer","buffer","buffer","buffer","buffer","buffer",116084778
"buffer","buffer","buffer","buffer","buffer","buffer","buffer","buffer","buffer","buffer",116096795
"buffer","buffer","buffer","buffer","buffer","buffer","buffer","buffer","buffer","buffer",116108879
"buffer","buffer","buffer","buffer","buffer","buffer","buffer","buffer","buffer","buffer",116120944
"buffer","buffer","buffer","buffer","buffer","buffer","buffer","buffer","buffer","buffer",116132818
"buffer","buffer","buffer","buffer","buffer","buffer","buffer","buffer","buffer","buffer",116144906
"buffer","buffer","buffer","buffer","buffer","buffer","buffer","buffer","buffer","buffer",116156878
"buffer","buffer","buffer","buffer","buffer","buffer","buffer","buffer","buffer","buffer",116168915
"buffer","buffer","buffer","buffer","buffer","buffer","buffer","buffer","buffer","buffer",116181069
"buffer","buffer","buffer","buffer","buffer","buffer","buffer","buffer","buffer","buffer",116192992
"buffer","buffer","buffer","buffer","buffer","buffer","buffer","buffer","buffer","buffer",116204953
"buffer","buffer","buffer","buffer","buffer","buffer","buffer","buffer","buffer","buffer",116217135
"buffer","buffer","buffer","buffer","buffer","buffer","buffer","buffer","buffer","buffer",116229032
"buffer","buffer","buffer","buffer","buffer","buffer","buffer","buffer","buffer","buffer",116241162
"buffer","buffer","buffer","buffer","buffer","buffer","buffer","buffer","buffer","buffer",116253297
"buffer","buffer","buffer","buffer","buffer","buffer","buffer","buffer","buffer","buffer",116265505
"buffer","buffer","buffer","buffer","buffer","buffer","buffer","buffer","buffer","buffer",116277215
"buffer","buffer","buffer","buffer","buffer","buffer","buffer","buffer","buffer","buffer",116289478
"buffer","buffer","buffer","buffer","buffer","buffer","buffer","buffer","buffer","buffer",116301683
"buffer","buffer","buffer","buffer","buffer","buffer","buffer","buffer","buffer","buffer",116313412
"buffer","buffer","buffer","buffer","buffer","buffer","buffer","buffer","buffer","buffer",116325649
"buffer","buffer","buffer","buffer","buffer","buffer","buffer","buffer","buffer","buffer",116337606
"buffer","buffer","buffer","buffer","buffer","buffer","buffer","buffer","buffer","buffer",116349630
"buffer","buffer","buffer","buffer","buffer","buffer","buffer","buffer","buffer","buffer",116361752
"buffer","buffer","buffer","buffer","buffer","buffer","buffer","buffer","buffer","buffer",116373725
"buffer","buffer","buffer","buffer","buffer","buffer","buffer","buffer","buffer","buffer",116385750
"buffer","buffer","buffer","buffer","buffer","buffer","buffer","buffer","buffer","buffer",116397792
"buffer","buffer","buffer","buffer","buffer","buffer","buffer","buffer","buffer","buffer",116409853
"buffer","buffer","buffer","buffer","buffer","buffer","buffer","buffer","buffer","buffer",116421998
"buffer","buffer","buffer","buffer","buffer","buffer","buffer","buffer","buffer","buffer",116434143
"buffer","buffer","buffer","buffer","buffer","buffer","buffer","buffer","buffer","buffer",116446106
"buffer","buffer","buffer","buffer","buffer","buffer","buffer","buffer","buffer","buffer",116457888
"buffer","buffer","buffer","buffer","buffer","buffer","buffer","buffer","buffer","buffer",116470079
"buffer","buffer","buffer","buffer","buffer","buffer","buffer","buffer","buffer","buffer",116482371
"buffer","buffer","buffer","buffer","buffer","buffer","buffer","buffer","buffer","buffer",116494187
"buffer","buffer","buffer","buffer","buffer","buffer","buffer","buffer","buffer","buffer",116506359
"buffer","buffer","buffer","buffer","buffer","buffer","buffer","buffer","buffer","buffer",116518304
"buffer","buffer","buffer","buffer","buffer","buffer","buffer","buffer","buffer","buffer",116530378
"buffer","buffer","buffer","buffer","buffer","buffer","buffer","buffer","buffer","buffer",116542405
"buffer","buffer","buffer","buffer","buffer","buffer","buffer","buffer","buffer","buffer",116554445
"buffer","buffer","buffer","buffer","buffer","buffer","buffer","buffer","buffer","buffer",116566509
"buffer","buffer","buffer","buffer","buffer","buffer","buffer","buffer","buffer","buffer",116578565
"buffer","buffer","buffer","buffer","buffer","buffer","buffer","buffer","buffer","buffer",116590558
"buffer","buffer","buffer","buffer","buffer","buffer","buffer","buffer","buffer","buffer",116602717
"buffer","buffer","buffer","buffer","buffer","buffer","buffer","buffer","buffer","buffer",116614499
"buffer","buffer","buffer","buffer","buffer","buffer","buffer","buffer","buffer","buffer",116626607
"buffer","buffer","buffer","buffer","buffer","buffer","buffer","buffer","buffer","buffer",116638754
"buffer","buffer","buffer","buffer","buffer","buffer","buffer","buffer","buffer","buffer",116650767
"buffer","buffer","buffer","buffer","buffer","buffer","buffer","buffer","buffer","buffer",116662905
"buffer","buffer","buffer","buffer","buffer","buffer","buffer","buffer","buffer","buffer",116674907
"buffer","buffer","buffer","buffer","buffer","buffer","buffer","buffer","buffer","buffer",116686986
"buffer","buffer","buffer","buffer","buffer","buffer","buffer","buffer","buffer","buffer",116698734
"buffer","buffer","buffer","buffer","buffer","buffer","buffer","buffer","buffer","buffer",116711177
"buffer","buffer","buffer","buffer","buffer","buffer","buffer","buffer","buffer","buffer",116722995
"buffer","buffer","buffer","buffer","buffer","buffer","buffer","buffer","buffer","buffer",116735015
"buffer","buffer","buffer","buffer","buffer","buffer","buffer","buffer","buffer","buffer",116747176
"buffer","buffer","buffer","buffer","buffer","buffer","buffer","buffer","buffer","buffer",116759307
"buffer","buffer","buffer","buffer","buffer","buffer","buffer","buffer","buffer","buffer",116771244
"buffer","buffer","buffer","buffer","buffer","buffer","buffer","buffer","buffer","buffer",116783328
"buffer","buffer","buffer","buffer","buffer","buffer","buffer","buffer","buffer","buffer",116795432
"buffer","buffer","buffer","buffer","buffer","buffer","buffer","buffer","buffer","buffer",116807469
"buffer","buffer","buffer","buffer","buffer","buffer","buffer","buffer","buffer","buffer",116819384
"buffer","buffer","buffer","buffer","buffer","buffer","buffer","buffer","buffer","buffer",116831391
"buffer","buffer","buffer","buffer","buffer","buffer","buffer","buffer","buffer","buffer",116843416
"buffer","buffer","buffer","buffer","buffer","buffer","buffer","buffer","buffer","buffer",116855462
"buffer","buffer","buffer","buffer","buffer","buffer","buffer","buffer","buffer","buffer",116867685
"buffer","buffer","buffer","buffer","buffer","buffer","buffer","buffer","buffer","buffer",116879675
"buffer","buffer","buffer","buffer","buffer","buffer","buffer","buffer","buffer","buffer",116891658
"buffer","buffer","buffer","buffer","buffer","buffer","buffer","buffer","buffer","buffer",116903717
"buffer","buffer","buffer","buffer","buffer","buffer","buffer","buffer","buffer","buffer",116915719
"buffer","buffer","buffer","buffer","buffer","buffer","buffer","buffer","buffer","buffer",116927711
"buffer","buffer","buffer","buffer","buffer","buffer","buffer","buffer","buffer","buffer",116939887
"buffer","buffer","buffer","buffer","buffer","buffer","buffer","buffer","buffer","buffer",116951834
"buffer","buffer","buffer","buffer","buffer","buffer","buffer","buffer","buffer","buffer",116963907
"buffer","buffer","buffer","buffer","buffer","buffer","buffer","buffer","buffer","buffer",116976124
"buffer","buffer","buffer","buffer","buffer","buffer","buffer","buffer","buffer","buffer",116988289
"buffer","buffer","buffer","buffer","buffer","buffer","buffer","buffer","buffer","buffer",117000235
"buffer","buffer","buffer","buffer","buffer","buffer","buffer","buffer","buffer","buffer",117012088
"buffer","buffer","buffer","buffer","buffer","buffer","buffer","buffer","buffer","buffer",117024288
"buffer","buffer","buffer","buffer","buffer","buffer","buffer","buffer","buffer","buffer",117036239
"buffer","buffer","buffer","buffer","buffer","buffer","buffer","buffer","buffer","buffer",117048130
"buffer","buffer","buffer","buffer","buffer","buffer","buffer","buffer","buffer","buffer",117060541
"buffer","buffer","buffer","buffer","buffer","buffer","buffer","buffer","buffer","buffer",117072294
"buffer","buffer","buffer","buffer","buffer","buffer","buffer","buffer","buffer","buffer",117084373
"buffer","buffer","buffer","buffer","buffer","buffer","buffer","buffer","buffer","buffer",117096460
"buffer","buffer","buffer","buffer","buffer","buffer","buffer","buffer","buffer","buffer",117108468
"buffer","buffer","buffer","buffer","buffer","buffer","buffer","buffer","buffer","buffer",117120545
"buffer","buffer","buffer","buffer","buffer","buffer","buffer","buffer","buffer","buffer",117132525
"buffer","buffer","buffer","buffer","buffer","buffer","buffer","buffer","buffer","buffer",117144864
"buffer","buffer","buffer","buffer","buffer","buffer","buffer","buffer","buffer","buffer",117156694
"buffer","buffer","buffer","buffer","buffer","buffer","buffer","buffer","buffer","buffer",117168771
"buffer","buffer","buffer","buffer","buffer","buffer","buffer","buffer","buffer","buffer",117180780
"buffer","buffer","buffer","buffer","buffer","buffer","buffer","buffer","buffer","buffer",117192841
"buffer","buffer","buffer","buffer","buffer","buffer","buffer","buffer","buffer","buffer",117204984
"buffer","buffer","buffer","buffer","buffer","buffer","buffer","buffer","buffer","buffer",117216842
"buffer","buffer","buffer","buffer","buffer","buffer","buffer","buffer","buffer","buffer",117229007
"buffer","buffer","buffer","buffer","buffer","buffer","buffer","buffer","buffer","buffer",117240987
"buffer","buffer","buffer","buffer","buffer","buffer","buffer","buffer","buffer","buffer",117253021
"buffer","buffer","buffer","buffer","buffer","buffer","buffer","buffer","buffer","buffer",117264943
"buffer","buffer","buffer","buffer","buffer","buffer","buffer","buffer","buffer","buffer",117277176
"buffer","buffer","buffer","buffer","buffer","buffer","buffer","buffer","buffer","buffer",117289107
"buffer","buffer","buffer","buffer","buffer","buffer","buffer","buffer","buffer","buffer",117301149
"buffer","buffer","buffer","buffer","buffer","buffer","buffer","buffer","buffer","buffer",117313240
"buffer","buffer","buffer","buffer","buffer","buffer","buffer","buffer","buffer","buffer",117325262
"buffer","buffer","buffer","buffer","buffer","buffer","buffer","buffer","buffer","buffer",117337427
"buffer","buffer","buffer","buffer","buffer","buffer","buffer","buffer","buffer","buffer",117349530
"buffer","buffer","buffer","buffer","buffer","buffer","buffer","buffer","buffer","buffer",117361618
"buffer","buffer","buffer","buffer","buffer","buffer","buffer","buffer","buffer","buffer",117373506
"buffer","buffer","buffer","buffer","buffer","buffer","buffer","buffer","buffer","buffer",117385643
"buffer","buffer","buffer","buffer","buffer","buffer","buffer","buffer","buffer","buffer",117397570
"buffer","buffer","buffer","buffer","buffer","buffer","buffer","buffer","buffer","buffer",117409784
"buffer","buffer","buffer","buffer","buffer","buffer","buffer","buffer","buffer","buffer",117421710
"buffer","buffer","buffer","buffer","buffer","buffer","buffer","buffer","buffer","buffer",117433809
"buffer","buffer","buffer","buffer","buffer","buffer","buffer","buffer","buffer","buffer",117445585
"buffer","buffer","buffer","buffer","buffer","buffer","buffer","buffer","buffer","buffer",117457875
"buffer","buffer","buffer","buffer","buffer","buffer","buffer","buffer","buffer","buffer",117469987
"buffer","buffer","buffer","buffer","buffer","buffer","buffer","buffer","buffer","buffer",117482021
"buffer","buffer","buffer","buffer","buffer","buffer","buffer","buffer","buffer","buffer",117493954
"buffer","buffer","buffer","buffer","buffer","buffer","buffer","buffer","buffer","buffer",117506000
"buffer","buffer","buffer","buffer","buffer","buffer","buffer","buffer","buffer","buffer",117518013
"buffer","buffer","buffer","buffer","buffer","buffer","buffer","buffer","buffer","buffer",117529949
"buffer","buffer","buffer","buffer","buffer","buffer","buffer","buffer","buffer","buffer",117542190
"buffer","buffer","buffer","buffer","buffer","buffer","buffer","buffer","buffer","buffer",117554287
"buffer","buffer","buffer","buffer","buffer","buffer","buffer","buffer","buffer","buffer",117566337
"buffer","buffer","buffer","buffer","buffer","buffer","buffer","buffer","buffer","buffer",117578247
"buffer","buffer","buffer","buffer","buffer","buffer","buffer","buffer","buffer","buffer",117590391
"buffer","buffer","buffer","buffer","buffer","buffer","buffer","buffer","buffer","buffer",117602467
"buffer","buffer","buffer","buffer","buffer","buffer","buffer","buffer","buffer","buffer",117614466
"buffer","buffer","buffer","buffer","buffer","buffer","buffer","buffer","buffer","buffer",117626512
"buffer","buffer","buffer","buffer","buffer","buffer","buffer","buffer","buffer","buffer",117638654
"buffer","buffer","buffer","buffer","buffer","buffer","buffer","buffer","buffer","buffer",117650501
"buffer","buffer","buffer","buffer","buffer","buffer","buffer","buffer","buffer","buffer",117662415
"buffer","buffer","buffer","buffer","buffer","buffer","buffer","buffer","buffer","buffer",117674822
"buffer","buffer","buffer","buffer","buffer","buffer","buffer","buffer","buffer","buffer",117686759
"buffer","buffer","buffer","buffer","buffer","buffer","buffer","buffer","buffer","buffer",117698603
"buffer","buffer","buffer","buffer","buffer","buffer","buffer","buffer","buffer","buffer",117710877
"buffer","buffer","buffer","buffer","buffer","buffer","buffer","buffer","buffer","buffer",117722861
"buffer","buffer","buffer","buffer","buffer","buffer","buffer","buffer","buffer","buffer",117734909
"buffer","buffer","buffer","buffer","buffer","buffer","buffer","buffer","buffer","buffer",117746910
"buffer","buffer","buffer","buffer","buffer","buffer","buffer","buffer","buffer","buffer",117759031
"buffer","buffer","buffer","buffer","buffer","buffer","buffer","buffer","buffer","buffer",117771229
"buffer","buffer","buffer","buffer","buffer","buffer","buffer","buffer","buffer","buffer",117783064
"buffer","buffer","buffer","buffer","buffer","buffer","buffer","buffer","buffer","buffer",117795116
"buffer","buffer","buffer","buffer","buffer","buffer","buffer","buffer","buffer","buffer",117807148
"buffer","buffer","buffer","buffer","buffer","buffer","buffer","buffer","buffer","buffer",117819163
"buffer","buffer","buffer","buffer","buffer","buffer","buffer","buffer","buffer","buffer",117831249
"buffer","buffer","buffer","buffer","buffer","buffer","buffer","buffer","buffer","buffer",117843175
"buffer","buffer","buffer","buffer","buffer","buffer","buffer","buffer","buffer","buffer",117855534
"buffer","buffer","buffer","buffer","buffer","buffer","buffer","buffer","buffer","buffer",117867424
"buffer","buffer","buffer","buffer","buffer","buffer","buffer","buffer","buffer","buffer",117879499
"buffer","buffer","buffer","buffer","buffer","buffer","buffer","buffer","buffer","buffer",117891563
"buffer","buffer","buffer","buffer","buffer","buffer","buffer","buffer","buffer","buffer",117903365
"buffer","buffer","buffer","buffer","buffer","buffer","buffer","buffer","buffer","buffer",117915756
"buffer","buffer","buffer","buffer","buffer","buffer","buffer","buffer","buffer","buffer",117927647
"buffer","buffer","buffer","buffer","buffer","buffer","buffer","buffer","buffer","buffer",117939689
"buffer","buffer","buffer","buffer","buffer","buffer","buffer","buffer","buffer","buffer",117951679
"buffer","buffer","buffer","buffer","buffer","buffer","buffer","buffer","buffer","buffer",117963678
"buffer","buffer","buffer","buffer","buffer","buffer","buffer","buffer","buffer","buffer",117975703
"buffer","buffer","buffer","buffer","buffer","buffer","buffer","buffer","buffer","buffer",117987981
"buffer","buffer","buffer","buffer","buffer","buffer","buffer","buffer","buffer","buffer",117999929
"buffer","buffer","buffer","buffer","buffer","buffer","buffer","buffer","buffer","buffer",118011870
"buffer","buffer","buffer","buffer","buffer","buffer","buffer","buffer","buffer","buffer",118023817
"buffer","buffer","buffer","buffer","buffer","buffer","buffer","buffer","buffer","buffer",118035869
"buffer","buffer","buffer","buffer","buffer","buffer","buffer","buffer","buffer","buffer",118048004
"buffer","buffer","buffer","buffer","buffer","buffer","buffer","buffer","buffer","buffer",118059994
"buffer","buffer","buffer","buffer","buffer","buffer","buffer","buffer","buffer","buffer",118072164
"buffer","buffer","buffer","buffer","buffer","buffer","buffer","buffer","buffer","buffer",118084246
"buffer","buffer","buffer","buffer","buffer","buffer","buffer","buffer","buffer","buffer",118096414
"buffer","buffer","buffer","buffer","buffer","buffer","buffer","buffer","buffer","buffer",118108475
"buffer","buffer","buffer","buffer","buffer","buffer","buffer","buffer","buffer","buffer",118120310
"buffer","buffer","buffer","buffer","buffer","buffer","buffer","buffer","buffer","buffer",118132330
"buffer","buffer","buffer","buffer","buffer","buffer","buffer","buffer","buffer","buffer",118144314
"buffer","buffer","buffer","buffer","buffer","buffer","buffer","buffer","buffer","buffer",118156579
"buffer","buffer","buffer","buffer","buffer","buffer","buffer","buffer","buffer","buffer",118168476
"buffer","buffer","buffer","buffer","buffer","buffer","buffer","buffer","buffer","buffer",118180799
"buffer","buffer","buffer","buffer","buffer","buffer","buffer","buffer","buffer","buffer",118192542
"buffer","buffer","buffer","buffer","buffer","buffer","buffer","buffer","buffer","buffer",118204866
"buffer","buffer","buffer","buffer","buffer","buffer","buffer","buffer","buffer","buffer",118216783
"buffer","buffer","buffer","buffer","buffer","buffer","buffer","buffer","buffer","buffer",118228772
"buffer","buffer","buffer","buffer","buffer","buffer","buffer","buffer","buffer","buffer",118240825
"buffer","buffer","buffer","buffer","buffer","buffer","buffer","buffer","buffer","buffer",118252680
"buffer","buffer","buffer","buffer","buffer","buffer","buffer","buffer","buffer","buffer",118264956
"buffer","buffer","buffer","buffer","buffer","buffer","buffer","buffer","buffer","buffer",118276989
"buffer","buffer","buffer","buffer","buffer","buffer","buffer","buffer","buffer","buffer",118288784
"buffer","buffer","buffer","buffer","buffer","buffer","buffer","buffer","buffer","buffer",118301110
"buffer","buffer","buffer","buffer","buffer","buffer","buffer","buffer","buffer","buffer",118313229
"buffer","buffer","buffer","buffer","buffer","buffer","buffer","buffer","buffer","buffer",118325208
"buffer","buffer","buffer","buffer","buffer","buffer","buffer","buffer","buffer","buffer",118337257
"buffer","buffer","buffer","buffer","buffer","buffer","buffer","buffer","buffer","buffer",118349060
"buffer","buffer","buffer","buffer","buffer","buffer","buffer","buffer","buffer","buffer",118361367
"buffer","buffer","buffer","buffer","buffer","buffer","buffer","buffer","buffer","buffer",118373370
"buffer","buffer","buffer","buffer","buffer","buffer","buffer","buffer","buffer","buffer",118385271
"buffer","buffer","buffer","buffer","buffer","buffer","buffer","buffer","buffer","buffer",118397385
"buffer","buffer","buffer","buffer","buffer","buffer","buffer","buffer","buffer","buffer",118409225
"buffer","buffer","buffer","buffer","buffer","buffer","buffer","buffer","buffer","buffer",118421600
"buffer","buffer","buffer","buffer","buffer","buffer","buffer","buffer","buffer","buffer",118433512
"buffer","buffer","buffer","buffer","buffer","buffer","buffer","buffer","buffer","buffer",118445493
"buffer","buffer","buffer","buffer","buffer","buffer","buffer","buffer","buffer","buffer",118457777
"buffer","buffer","buffer","buffer","buffer","buffer","buffer","buffer","buffer","buffer",118469819
"buffer","buffer","buffer","buffer","buffer","buffer","buffer","buffer","buffer","buffer",118481821
"buffer","buffer","buffer","buffer","buffer","buffer","buffer","buffer","buffer","buffer",118493718
"buffer","buffer","buffer","buffer","buffer","buffer","buffer","buffer","buffer","buffer",118505821
"buffer","buffer","buffer","buffer","buffer","buffer","buffer","buffer","buffer","buffer",118517880
"buffer","buffer","buffer","buffer","buffer","buffer","buffer","buffer","buffer","buffer",118529931
"buffer","buffer","buffer","buffer","buffer","buffer","buffer","buffer","buffer","buffer",118542169
"buffer","buffer","buffer","buffer","buffer","buffer","buffer","buffer","buffer","buffer",118554150
"buffer","buffer","buffer","buffer","buffer","buffer","buffer","buffer","buffer","buffer",118565865
"buffer","buffer","buffer","buffer","buffer","buffer","buffer","buffer","buffer","buffer",118578163
"buffer","buffer","buffer","buffer","buffer","buffer","buffer","buffer","buffer","buffer",118589952
"buffer","buffer","buffer","buffer","buffer","buffer","buffer","buffer","buffer","buffer",118602236
"buffer","buffer","buffer","buffer","buffer","buffer","buffer","buffer","buffer","buffer",118614238
"buffer","buffer","buffer","buffer","buffer","buffer","buffer","buffer","buffer","buffer",118626272
"buffer","buffer","buffer","buffer","buffer","buffer","buffer","buffer","buffer","buffer",118638422
"buffer","buffer","buffer","buffer","buffer","buffer","buffer","buffer","buffer","buffer",118650321
"buffer","buffer","buffer","buffer","buffer","buffer","buffer","buffer","buffer","buffer",118662416
"buffer","buffer","buffer","buffer","buffer","buffer","buffer","buffer","buffer","buffer",118674300
"buffer","buffer","buffer","buffer","buffer","buffer","buffer","buffer","buffer","buffer",118686497
"buffer","buffer","buffer","buffer","buffer","buffer","buffer","buffer","buffer","buffer",118698481
"buffer","buffer","buffer","buffer","buffer","buffer","buffer","buffer","buffer","buffer",118710537
"buffer","buffer","buffer","buffer","buffer","buffer","buffer","buffer","buffer","buffer",118722765
"buffer","buffer","buffer","buffer","buffer","buffer","buffer","buffer","buffer","buffer",118734688
"buffer","buffer","buffer","buffer","buffer","buffer","buffer","buffer","buffer","buffer",118746741
"buffer","buffer","buffer","buffer","buffer","buffer","buffer","buffer","buffer","buffer",118758680
"buffer","buffer","buffer","buffer","buffer","buffer","buffer","buffer","buffer","buffer",118770735
"buffer","buffer","buffer","buffer","buffer","buffer","buffer","buffer","buffer","buffer",118782795
"buffer","buffer","buffer","buffer","buffer","buffer","buffer","buffer","buffer","buffer",118795107
"buffer","buffer","buffer","buffer","buffer","buffer","buffer","buffer","buffer","buffer",118806861
"buffer","buffer","buffer","buffer","buffer","buffer","buffer","buffer","buffer","buffer",118819046
"buffer","buffer","buffer","buffer","buffer","buffer","buffer","buffer","buffer","buffer",118830844
"buffer","buffer","buffer","buffer","buffer","buffer","buffer","buffer","buffer","buffer",118843013
"buffer","buffer","buffer","buffer","buffer","buffer","buffer","buffer","buffer","buffer",118855310
"buffer","buffer","buffer","buffer","buffer","buffer","buffer","buffer","buffer","buffer",118867254
"buffer","buffer","buffer","buffer","buffer","buffer","buffer","buffer","buffer","buffer",118879152
"buffer","buffer","buffer","buffer","buffer","buffer","buffer","buffer","buffer","buffer",118891155
"buffer","buffer","buffer","buffer","buffer","buffer","buffer","buffer","buffer","buffer",118903378
"buffer","buffer","buffer","buffer","buffer","buffer","buffer","buffer","buffer","buffer",118915324
"buffer","buffer","buffer","buffer","buffer","buffer","buffer","buffer","buffer","buffer",118927436
"buffer","buffer","buffer","buffer","buffer","buffer","buffer","buffer","buffer","buffer",118939561
"buffer","buffer","buffer","buffer","buffer","buffer","buffer","buffer","buffer","buffer",118951465
"buffer","buffer","buffer","buffer","buffer","buffer","buffer","buffer","buffer","buffer",118963563
"buffer","buffer","buffer","buffer","buffer","buffer","buffer","buffer","buffer","buffer",118975453
"buffer","buffer","buffer","buffer","buffer","buffer","buffer","buffer","buffer","buffer",118987563
"buffer","buffer","buffer","buffer","buffer","buffer","buffer","buffer","buffer","buffer",118999785
"buffer","buffer","buffer","buffer","buffer","buffer","buffer","buffer","buffer","buffer",119011823
"buffer","buffer","buffer","buffer","buffer","buffer","buffer","buffer","buffer","buffer",119023954
"buffer","buffer","buffer","buffer","buffer","buffer","buffer","buffer","buffer","buffer",119035874
"buffer","buffer","buffer","buffer","buffer","buffer","buffer","buffer","buffer","buffer",119048035
"buffer","buffer","buffer","buffer","buffer","buffer","buffer","buffer","buffer","buffer",119059860
"buffer","buffer","buffer","buffer","buffer","buffer","buffer","buffer","buffer","buffer",119071950
"buffer","buffer","buffer","buffer","buffer","buffer","buffer","buffer","buffer","buffer",119084091
"buffer","buffer","buffer","buffer","buffer","buffer","buffer","buffer","buffer","buffer",119095938
"buffer","buffer","buffer","buffer","buffer","buffer","buffer","buffer","buffer","buffer",119108102
"buffer","buffer","buffer","buffer","buffer","buffer","buffer","buffer","buffer","buffer",119120156
"buffer","buffer","buffer","buffer","buffer","buffer","buffer","buffer","buffer","buffer",119132245
"buffer","buffer","buffer","buffer","buffer","buffer","buffer","buffer","buffer","buffer",119144201
"buffer","buffer","buffer","buffer","buffer","buffer","buffer","buffer","buffer","buffer",119156209
"buffer","buffer","buffer","buffer","buffer","buffer","buffer","buffer","buffer","buffer",119168285
"buffer","buffer","buffer","buffer","buffer","buffer","buffer","buffer","buffer","buffer",119180326
"buffer","buffer","buffer","buffer","buffer","buffer","buffer","buffer","buffer","buffer",119192539
"buffer","buffer","buffer","buffer","buffer","buffer","buffer","buffer","buffer","buffer",119204382
"buffer","buffer","buffer","buffer","buffer","buffer","buffer","buffer","buffer","buffer",119216599
"buffer","buffer","buffer","buffer","buffer","buffer","buffer","buffer","buffer","buffer",119228656
"buffer","buffer","buffer","buffer","buffer","buffer","buffer","buffer","buffer","buffer",119240469
"buffer","buffer","buffer","buffer","buffer","buffer","buffer","buffer","buffer","buffer",119252586
"buffer","buffer","buffer","buffer","buffer","buffer","buffer","buffer","buffer","buffer",119264720
"buffer","buffer","buffer","buffer","buffer","buffer","buffer","buffer","buffer","buffer",119276600
"buffer","buffer","buffer","buffer","buffer","buffer","buffer","buffer","buffer","buffer",119288861
"buffer","buffer","buffer","buffer","buffer","buffer","buffer","buffer","buffer","buffer",119300848
"buffer","buffer","buffer","buffer","buffer","buffer","buffer","buffer","buffer","buffer",119312825
"buffer","buffer","buffer","buffer","buffer","buffer","buffer","buffer","buffer","buffer",119324813
"buffer","buffer","buffer","buffer","buffer","buffer","buffer","buffer","buffer","buffer",119336927
"buffer","buffer","buffer","buffer","buffer","buffer","buffer","buffer","buffer","buffer",119348944
"buffer","buffer","buffer","buffer","buffer","buffer","buffer","buffer","buffer","buffer",119361151
"buffer","buffer","buffer","buffer","buffer","buffer","buffer","buffer","buffer","buffer",119373206
"buffer","buffer","buffer","buffer","buffer","buffer","buffer","buffer","buffer","buffer",119385288
"buffer","buffer","buffer","buffer","buffer","buffer","buffer","buffer","buffer","buffer",119397252
"buffer","buffer","buffer","buffer","buffer","buffer","buffer","buffer","buffer","buffer",119409150
"buffer","buffer","buffer","buffer","buffer","buffer","buffer","buffer","buffer","buffer",119421237
"buffer","buffer","buffer","buffer","buffer","buffer","buffer","buffer","buffer","buffer",119433234
"buffer","buffer","buffer","buffer","buffer","buffer","buffer","buffer","buffer","buffer",119445314
"buffer","buffer","buffer","buffer","buffer","buffer","buffer","buffer","buffer","buffer",119457449
"buffer","buffer","buffer","buffer","buffer","buffer","buffer","buffer","buffer","buffer",119469509
"buffer","buffer","buffer","buffer","buffer","buffer","buffer","buffer","buffer","buffer",119481611
"buffer","buffer","buffer","buffer","buffer","buffer","buffer","buffer","buffer","buffer",119493712
"buffer","buffer","buffer","buffer","buffer","buffer","buffer","buffer","buffer","buffer",119505768
"buffer","buffer","buffer","buffer","buffer","buffer","buffer","buffer","buffer","buffer",119517600
"buffer","buffer","buffer","buffer","buffer","buffer","buffer","buffer","buffer","buffer",119529523
"buffer","buffer","buffer","buffer","buffer","buffer","buffer","buffer","buffer","buffer",119541728
"buffer","buffer","buffer","buffer","buffer","buffer","buffer","buffer","buffer","buffer",119553759
"buffer","buffer","buffer","buffer","buffer","buffer","buffer","buffer","buffer","buffer",119565786
"buffer","buffer","buffer","buffer","buffer","buffer","buffer","buffer","buffer","buffer",119577998
"buffer","buffer","buffer","buffer","buffer","buffer","buffer","buffer","buffer","buffer",119589863
"buffer","buffer","buffer","buffer","buffer","buffer","buffer","buffer","buffer","buffer",119601953
"buffer","buffer","buffer","buffer","buffer","buffer","buffer","buffer","buffer","buffer",119614170
"buffer","buffer","buffer","buffer","buffer","buffer","buffer","buffer","buffer","buffer",119626094
"buffer","buffer","buffer","buffer","buffer","buffer","buffer","buffer","buffer","buffer",119638142
"buffer","buffer","buffer","buffer","buffer","buffer","buffer","buffer","buffer","buffer",119650283
"buffer","buffer","buffer","buffer","buffer","buffer","buffer","buffer","buffer","buffer",119662208
"buffer","buffer","buffer","buffer","buffer","buffer","buffer","buffer","buffer","buffer",119674410
"buffer","buffer","buffer","buffer","buffer","buffer","buffer","buffer","buffer","buffer",119686376
"buffer","buffer","buffer","buffer","buffer","buffer","buffer","buffer","buffer","buffer",119698299
"buffer","buffer","buffer","buffer","buffer","buffer","buffer","buffer","buffer","buffer",119710407
"buffer","buffer","buffer","buffer","buffer","buffer","buffer","buffer","buffer","buffer",119722404
"buffer","buffer","buffer","buffer","buffer","buffer","buffer","buffer","buffer","buffer",119734455
"buffer","buffer","buffer","buffer","buffer","buffer","buffer","buffer","buffer","buffer",119746571
"buffer","buffer","buffer","buffer","buffer","buffer","buffer","buffer","buffer","buffer",119758523
"buffer","buffer","buffer","buffer","buffer","buffer","buffer","buffer","buffer","buffer",119770728
"buffer","buffer","buffer","buffer","buffer","buffer","buffer","buffer","buffer","buffer",119782794
"buffer","buffer","buffer","buffer","buffer","buffer","buffer","buffer","buffer","buffer",119794624
"buffer","buffer","buffer","buffer","buffer","buffer","buffer","buffer","buffer","buffer",119806674
"buffer","buffer","buffer","buffer","buffer","buffer","buffer","buffer","buffer","buffer",119818646
"buffer","buffer","buffer","buffer","buffer","buffer","buffer","buffer","buffer","buffer",119830930
"buffer","buffer","buffer","buffer","buffer","buffer","buffer","buffer","buffer","buffer",119843033
"buffer","buffer","buffer","buffer","buffer","buffer","buffer","buffer","buffer","buffer",119854857
"buffer","buffer","buffer","buffer","buffer","buffer","buffer","buffer","buffer","buffer",119867119
"buffer","buffer","buffer","buffer","buffer","buffer","buffer","buffer","buffer","buffer",119879050
"buffer","buffer","buffer","buffer","buffer","buffer","buffer","buffer","buffer","buffer",119891058
"buffer","buffer","buffer","buffer","buffer","buffer","buffer","buffer","buffer","buffer",119903208
"buffer","buffer","buffer","buffer","buffer","buffer","buffer","buffer","buffer","buffer",119915087
"buffer","buffer","buffer","buffer","buffer","buffer","buffer","buffer","buffer","buffer",119927306
"buffer","buffer","buffer","buffer","buffer","buffer","buffer","buffer","buffer","buffer",119939233
"buffer","buffer","buffer","buffer","buffer","buffer","buffer","buffer","buffer","buffer",119951316
"buffer","buffer","buffer","buffer","buffer","buffer","buffer","buffer","buffer","buffer",119963292
"buffer","buffer","buffer","buffer","buffer","buffer","buffer","buffer","buffer","buffer",119975449
"buffer","buffer","buffer","buffer","buffer","buffer","buffer","buffer","buffer","buffer",119987546
"buffer","buffer","buffer","buffer","buffer","buffer","buffer","buffer","buffer","buffer",119999529
"buffer","buffer","buffer","buffer","buffer","buffer","buffer","buffer","buffer","buffer",120011629
"buffer","buffer","buffer","buffer","buffer","buffer","buffer","buffer","buffer","buffer",120023504
"buffer","buffer","buffer","buffer","buffer","buffer","buffer","buffer","buffer","buffer",120035635
"buffer","buffer","buffer","buffer","buffer","buffer","buffer","buffer","buffer","buffer",120047835
"buffer","buffer","buffer","buffer","buffer","buffer","buffer","buffer","buffer","buffer",120059598
"buffer","buffer","buffer","buffer","buffer","buffer","buffer","buffer","buffer","buffer",120071687
"buffer","buffer","buffer","buffer","buffer","buffer","buffer","buffer","buffer","buffer",120083715
"buffer","buffer","buffer","buffer","buffer","buffer","buffer","buffer","buffer","buffer",120095783
"buffer","buffer","buffer","buffer","buffer","buffer","buffer","buffer","buffer","buffer",120107671
"buffer","buffer","buffer","buffer","buffer","buffer","buffer","buffer","buffer","buffer",120119974
"buffer","buffer","buffer","buffer","buffer","buffer","buffer","buffer","buffer","buffer",120131882
"buffer","buffer","buffer","buffer","buffer","buffer","buffer","buffer","buffer","buffer",120144013
"buffer","buffer","buffer","buffer","buffer","buffer","buffer","buffer","buffer","buffer",120156000
"buffer","buffer","buffer","buffer","buffer","buffer","buffer","buffer","buffer","buffer",120168018
"buffer","buffer","buffer","buffer","buffer","buffer","buffer","buffer","buffer","buffer",120180172
"buffer","buffer","buffer","buffer","buffer","buffer","buffer","buffer","buffer","buffer",120192184
"buffer","buffer","buffer","buffer","buffer","buffer","buffer","buffer","buffer","buffer",120204279
"buffer","buffer","buffer","buffer","buffer","buffer","buffer","buffer","buffer","buffer",120216398
"buffer","buffer","buffer","buffer","buffer","buffer","buffer","buffer","buffer","buffer",120228310
"buffer","buffer","buffer","buffer","buffer","buffer","buffer","buffer","buffer","buffer",120240365
"buffer","buffer","buffer","buffer","buffer","buffer","buffer","buffer","buffer","buffer",120252559
"buffer","buffer","buffer","buffer","buffer","buffer","buffer","buffer","buffer","buffer",120264460
"buffer","buffer","buffer","buffer","buffer","buffer","buffer","buffer","buffer","buffer",120276678
"buffer","buffer","buffer","buffer","buffer","buffer","buffer","buffer","buffer","buffer",120288508
"buffer","buffer","buffer","buffer","buffer","buffer","buffer","buffer","buffer","buffer",120300600
"buffer","buffer","buffer","buffer","buffer","buffer","buffer","buffer","buffer","buffer",120312727
"buffer","buffer","buffer","buffer","buffer","buffer","buffer","buffer","buffer","buffer",120324753
"buffer","buffer","buffer","buffer","buffer","buffer","buffer","buffer","buffer","buffer",120336700
"buffer","buffer","buffer","buffer","buffer","buffer","buffer","buffer","buffer","buffer",120348939
"buffer","buffer","buffer","buffer","buffer","buffer","buffer","buffer","buffer","buffer",120360667
"buffer","buffer","buffer","buffer","buffer","buffer","buffer","buffer","buffer","buffer",120373042
"buffer","buffer","buffer","buffer","buffer","buffer","buffer","buffer","buffer","buffer",120384835
"buffer","buffer","buffer","buffer","buffer","buffer","buffer","buffer","buffer","buffer",120396973
"buffer","buffer","buffer","buffer","buffer","buffer","buffer","buffer","buffer","buffer",120409239
"buffer","buffer","buffer","buffer","buffer","buffer","buffer","buffer","buffer","buffer",120421039
"buffer","buffer","buffer","buffer","buffer","buffer","buffer","buffer","buffer","buffer",120433156
"buffer","buffer","buffer","buffer","buffer","buffer","buffer","buffer","buffer","buffer",120445385
"buffer","buffer","buffer","buffer","buffer","buffer","buffer","buffer","buffer","buffer",120457169
"buffer","buffer","buffer","buffer","buffer","buffer","buffer","buffer","buffer","buffer",120469261
"buffer","buffer","buffer","buffer","buffer","buffer","buffer","buffer","buffer","buffer",120481200
"buffer","buffer","buffer","buffer","buffer","buffer","buffer","buffer","buffer","buffer",120493333
"buffer","buffer","buffer","buffer","buffer","buffer","buffer","buffer","buffer","buffer",120505283
"buffer","buffer","buffer","buffer","buffer","buffer","buffer","buffer","buffer","buffer",120517352
"buffer","buffer","buffer","buffer","buffer","buffer","buffer","buffer","buffer","buffer",120529693
"buffer","buffer","buffer","buffer","buffer","buffer","buffer","buffer","buffer","buffer",120541557
"buffer","buffer","buffer","buffer","buffer","buffer","buffer","buffer","buffer","buffer",120553709
"buffer","buffer","buffer","buffer","buffer","buffer","buffer","buffer","buffer","buffer",120565585
"buffer","buffer","buffer","buffer","buffer","buffer","buffer","buffer","buffer","buffer",120577723
"buffer","buffer","buffer","buffer","buffer","buffer","buffer","buffer","buffer","buffer",120589763
"buffer","buffer","buffer","buffer","buffer","buffer","buffer","buffer","buffer","buffer",120601619
"buffer","buffer","buffer","buffer","buffer","buffer","buffer","buffer","buffer","buffer",120613869
"buffer","buffer","buffer","buffer","buffer","buffer","buffer","buffer","buffer","buffer",120625922
"buffer","buffer","buffer","buffer","buffer","buffer","buffer","buffer","buffer","buffer",120637888
"buffer","buffer","buffer","buffer","buffer","buffer","buffer","buffer","buffer","buffer",120649937
"buffer","buffer","buffer","buffer","buffer","buffer","buffer","buffer","buffer","buffer",120662053
"buffer","buffer","buffer","buffer","buffer","buffer","buffer","buffer","buffer","buffer",120674105
"buffer","buffer","buffer","buffer","buffer","buffer","buffer","buffer","buffer","buffer",120686161
"buffer","buffer","buffer","buffer","buffer","buffer","buffer","buffer","buffer","buffer",120698231
"buffer","buffer","buffer","buffer","buffer","buffer","buffer","buffer","buffer","buffer",120710222
"buffer","buffer","buffer","buffer","buffer","buffer","buffer","buffer","buffer","buffer",120722120
"buffer","buffer","buffer","buffer","buffer","buffer","buffer","buffer","buffer","buffer",120734401
"buffer","buffer","buffer","buffer","buffer","buffer","buffer","buffer","buffer","buffer",120746160
"buffer","buffer","buffer","buffer","buffer","buffer","buffer","buffer","buffer","buffer",120758195
"buffer","buffer","buffer","buffer","buffer","buffer","buffer","buffer","buffer","buffer",120770438
"buffer","buffer","buffer","buffer","buffer","buffer","buffer","buffer","buffer","buffer",120782503
"buffer","buffer","buffer","buffer","buffer","buffer","buffer","buffer","buffer","buffer",120794208
"buffer","buffer","buffer","buffer","buffer","buffer","buffer","buffer","buffer","buffer",120806511
"buffer","buffer","buffer","buffer","buffer","buffer","buffer","buffer","buffer","buffer",120818259
"buffer","buffer","buffer","buffer","buffer","buffer","buffer","buffer","buffer","buffer",120830762
"buffer","buffer","buffer","buffer","buffer","buffer","buffer","buffer","buffer","buffer",120842800
"buffer","buffer","buffer","buffer","buffer","buffer","buffer","buffer","buffer","buffer",120854762
"buffer","buffer","buffer","buffer","buffer","buffer","buffer","buffer","buffer","buffer",120866762
"buffer","buffer","buffer","buffer","buffer","buffer","buffer","buffer","buffer","buffer",120878624
"buffer","buffer","buffer","buffer","buffer","buffer","buffer","buffer","buffer","buffer",120891058
"buffer","buffer","buffer","buffer","buffer","buffer","buffer","buffer","buffer","buffer",120902987
"buffer","buffer","buffer","buffer","buffer","buffer","buffer","buffer","buffer","buffer",120914817
"buffer","buffer","buffer","buffer","buffer","buffer","buffer","buffer","buffer","buffer",120926871
"buffer","buffer","buffer","buffer","buffer","buffer","buffer","buffer","buffer","buffer",120939210
"buffer","buffer","buffer","buffer","buffer","buffer","buffer","buffer","buffer","buffer",120951064
"buffer","buffer","buffer","buffer","buffer","buffer","buffer","buffer","buffer","buffer",120963251
"buffer","buffer","buffer","buffer","buffer","buffer","buffer","buffer","buffer","buffer",120975172
"buffer","buffer","buffer","buffer","buffer","buffer","buffer","buffer","buffer","buffer",120987384
"buffer","buffer","buffer","buffer","buffer","buffer","buffer","buffer","buffer","buffer",120999442
"buffer","buffer","buffer","buffer","buffer","buffer","buffer","buffer","buffer","buffer",121011280
"buffer","buffer","buffer","buffer","buffer","buffer","buffer","buffer","buffer","buffer",121023523
"buffer","buffer","buffer","buffer","buffer","buffer","buffer","buffer","buffer","buffer",121035458
"buffer","buffer","buffer","buffer","buffer","buffer","buffer","buffer","buffer","buffer",121047392
"buffer","buffer","buffer","buffer","buffer","buffer","buffer","buffer","buffer","buffer",121059518
"buffer","buffer","buffer","buffer","buffer","buffer","buffer","buffer","buffer","buffer",121071552
"buffer","buffer","buffer","buffer","buffer","buffer","buffer","buffer","buffer","buffer",121083641
"buffer","buffer","buffer","buffer","buffer","buffer","buffer","buffer","buffer","buffer",121095751
"buffer","buffer","buffer","buffer","buffer","buffer","buffer","buffer","buffer","buffer",121107725
"buffer","buffer","buffer","buffer","buffer","buffer","buffer","buffer","buffer","buffer",121119527
"buffer","buffer","buffer","buffer","buffer","buffer","buffer","buffer","buffer","buffer",121131863
"buffer","buffer","buffer","buffer","buffer","buffer","buffer","buffer","buffer","buffer",121143876
"buffer","buffer","buffer","buffer","buffer","buffer","buffer","buffer","buffer","buffer",121155870
"buffer","buffer","buffer","buffer","buffer","buffer","buffer","buffer","buffer","buffer",121167800
"buffer","buffer","buffer","buffer","buffer","buffer","buffer","buffer","buffer","buffer",121179909
"buffer","buffer","buffer","buffer","buffer","buffer","buffer","buffer","buffer","buffer",121192129
"buffer","buffer","buffer","buffer","buffer","buffer","buffer","buffer","buffer","buffer",121203950
"buffer","buffer","buffer","buffer","buffer","buffer","buffer","buffer","buffer","buffer",121216096
"buffer","buffer","buffer","buffer","buffer","buffer","buffer","buffer","buffer","buffer",121228281
"buffer","buffer","buffer","buffer","buffer","buffer","buffer","buffer","buffer","buffer",121240191
"buffer","buffer","buffer","buffer","buffer","buffer","buffer","buffer","buffer","buffer",121252191
"buffer","buffer","buffer","buffer","buffer","buffer","buffer","buffer","buffer","buffer",121264300
"buffer","buffer","buffer","buffer","buffer","buffer","buffer","buffer","buffer","buffer",121276430
"buffer","buffer","buffer","buffer","buffer","buffer","buffer","buffer","buffer","buffer",121288438
"buffer","buffer","buffer","buffer","buffer","buffer","buffer","buffer","buffer","buffer",121300441
"buffer","buffer","buffer","buffer","buffer","buffer","buffer","buffer","buffer","buffer",121312681
"buffer","buffer","buffer","buffer","buffer","buffer","buffer","buffer","buffer","buffer",121324473
"buffer","buffer","buffer","buffer","buffer","buffer","buffer","buffer","buffer","buffer",121336525
"buffer","buffer","buffer","buffer","buffer","buffer","buffer","buffer","buffer","buffer",121348735
"buffer","buffer","buffer","buffer","buffer","buffer","buffer","buffer","buffer","buffer",121360466
"buffer","buffer","buffer","buffer","buffer","buffer","buffer","buffer","buffer","buffer",121372715
"buffer","buffer","buffer","buffer","buffer","buffer","buffer","buffer","buffer","buffer",121384639
"buffer","buffer","buffer","buffer","buffer","buffer","buffer","buffer","buffer","buffer",121396753
"buffer","buffer","buffer","buffer","buffer","buffer","buffer","buffer","buffer","buffer",121408962
"buffer","buffer","buffer","buffer","buffer","buffer","buffer","buffer","buffer","buffer",121420992
"buffer","buffer","buffer","buffer","buffer","buffer","buffer","buffer","buffer","buffer",121433128
"buffer","buffer","buffer","buffer","buffer","buffer","buffer","buffer","buffer","buffer",121445108
"buffer","buffer","buffer","buffer","buffer","buffer","buffer","buffer","buffer","buffer",121457005
"buffer","buffer","buffer","buffer","buffer","buffer","buffer","buffer","buffer","buffer",121469079
"buffer","buffer","buffer","buffer","buffer","buffer","buffer","buffer","buffer","buffer",121481249
"buffer","buffer","buffer","buffer","buffer","buffer","buffer","buffer","buffer","buffer",121493039
"buffer","buffer","buffer","buffer","buffer","buffer","buffer","buffer","buffer","buffer",121505288
"buffer","buffer","buffer","buffer","buffer","buffer","buffer","buffer","buffer","buffer",121517282
"buffer","buffer","buffer","buffer","buffer","buffer","buffer","buffer","buffer","buffer",121529426
"buffer","buffer","buffer","buffer","buffer","buffer","buffer","buffer","buffer","buffer",121541288
"buffer","buffer","buffer","buffer","buffer","buffer","buffer","buffer","buffer","buffer",121553550
"buffer","buffer","buffer","buffer","buffer","buffer","buffer","buffer","buffer","buffer",121565204
"buffer","buffer","buffer","buffer","buffer","buffer","buffer","buffer","buffer","buffer",121577474
"buffer","buffer","buffer","buffer","buffer","buffer","buffer","buffer","buffer","buffer",121589617
"buffer","buffer","buffer","buffer","buffer","buffer","buffer","buffer","buffer","buffer",121601636
"buffer","buffer","buffer","buffer","buffer","buffer","buffer","buffer","buffer","buffer",121613567
"buffer","buffer","buffer","buffer","buffer","buffer","buffer","buffer","buffer","buffer",121625486
"buffer","buffer","buffer","buffer","buffer","buffer","buffer","buffer","buffer","buffer",121637858
"buffer","buffer","buffer","buffer","buffer","buffer","buffer","buffer","buffer","buffer",121649677
"buffer","buffer","buffer","buffer","buffer","buffer","buffer","buffer","buffer","buffer",121661653
"buffer","buffer","buffer","buffer","buffer","buffer","buffer","buffer","buffer","buffer",121673838
"buffer","buffer","buffer","buffer","buffer","buffer","buffer","buffer","buffer","buffer",121685972
"buffer","buffer","buffer","buffer","buffer","buffer","buffer","buffer","buffer","buffer",121698007
"buffer","buffer","buffer","buffer","buffer","buffer","buffer","buffer","buffer","buffer",121709942
"buffer","buffer","buffer","buffer","buffer","buffer","buffer","buffer","buffer","buffer",121722033
"buffer","buffer","buffer","buffer","buffer","buffer","buffer","buffer","buffer","buffer",121734106
"buffer","buffer","buffer","buffer","buffer","buffer","buffer","buffer","buffer","buffer",121746067
"buffer","buffer","buffer","buffer","buffer","buffer","buffer","buffer","buffer","buffer",121758231
"buffer","buffer","buffer","buffer","buffer","buffer","buffer","buffer","buffer","buffer",121770302
"buffer","buffer","buffer","buffer","buffer","buffer","buffer","buffer","buffer","buffer",121782320
"buffer","buffer","buffer","buffer","buffer","buffer","buffer","buffer","buffer","buffer",121794358
"buffer","buffer","buffer","buffer","buffer","buffer","buffer","buffer","buffer","buffer",121806389
"buffer","buffer","buffer","buffer","buffer","buffer","buffer","buffer","buffer","buffer",121818254
"buffer","buffer","buffer","buffer","buffer","buffer","buffer","buffer","buffer","buffer",121830331
"buffer","buffer","buffer","buffer","buffer","buffer","buffer","buffer","buffer","buffer",121842455
"buffer","buffer","buffer","buffer","buffer","buffer","buffer","buffer","buffer","buffer",121854550
"buffer","buffer","buffer","buffer","buffer","buffer","buffer","buffer","buffer","buffer",121866563
"buffer","buffer","buffer","buffer","buffer","buffer","buffer","buffer","buffer","buffer",121878680
"buffer","buffer","buffer","buffer","buffer","buffer","buffer","buffer","buffer","buffer",121890738
"buffer","buffer","buffer","buffer","buffer","buffer","buffer","buffer","buffer","buffer",121902690
"buffer","buffer","buffer","buffer","buffer","buffer","buffer","buffer","buffer","buffer",121914924
"buffer","buffer","buffer","buffer","buffer","buffer","buffer","buffer","buffer","buffer",121926780
"buffer","buffer","buffer","buffer","buffer","buffer","buffer","buffer","buffer","buffer",121938721
"buffer","buffer","buffer","buffer","buffer","buffer","buffer","buffer","buffer","buffer",121950875
"buffer","buffer","buffer","buffer","buffer","buffer","buffer","buffer","buffer","buffer",121962783
"buffer","buffer","buffer","buffer","buffer","buffer","buffer","buffer","buffer","buffer",121974969
"buffer","buffer","buffer","buffer","buffer","buffer","buffer","buffer","buffer","buffer",121987125
"buffer","buffer","buffer","buffer","buffer","buffer","buffer","buffer","buffer","buffer",121999027
"buffer","buffer","buffer","buffer","buffer","buffer","buffer","buffer","buffer","buffer",122011113
"buffer","buffer","buffer","buffer","buffer","buffer","buffer","buffer","buffer","buffer",122023174
"buffer","buffer","buffer","buffer","buffer","buffer","buffer","buffer","buffer","buffer",122035204
"buffer","buffer","buffer","buffer","buffer","buffer","buffer","buffer","buffer","buffer",122047158
"buffer","buffer","buffer","buffer","buffer","buffer","buffer","buffer","buffer","buffer",122059218
"buffer","buffer","buffer","buffer","buffer","buffer","buffer","buffer","buffer","buffer",122071320
"buffer","buffer","buffer","buffer","buffer","buffer","buffer","buffer","buffer","buffer",122083430
"buffer","buffer","buffer","buffer","buffer","buffer","buffer","buffer","buffer","buffer",122095342
"buffer","buffer","buffer","buffer","buffer","buffer","buffer","buffer","buffer","buffer",122107593
"buffer","buffer","buffer","buffer","buffer","buffer","buffer","buffer","buffer","buffer",122119630
"buffer","buffer","buffer","buffer","buffer","buffer","buffer","buffer","buffer","buffer",122131611
"buffer","buffer","buffer","buffer","buffer","buffer","buffer","buffer","buffer","buffer",122143740
"buffer","buffer","buffer","buffer","buffer","buffer","buffer","buffer","buffer","buffer",122155782
"buffer","buffer","buffer","buffer","buffer","buffer","buffer","buffer","buffer","buffer",122167698
"buffer","buffer","buffer","buffer","buffer","buffer","buffer","buffer","buffer","buffer",122179631
"buffer","buffer","buffer","buffer","buffer","buffer","buffer","buffer","buffer","buffer",122191845
"buffer","buffer","buffer","buffer","buffer","buffer","buffer","buffer","buffer","buffer",122203835
"buffer","buffer","buffer","buffer","buffer","buffer","buffer","buffer","buffer","buffer",122215850
"buffer","buffer","buffer","buffer","buffer","buffer","buffer","buffer","buffer","buffer",122227864
"buffer","buffer","buffer","buffer","buffer","buffer","buffer","buffer","buffer","buffer",122240044
"buffer","buffer","buffer","buffer","buffer","buffer","buffer","buffer","buffer","buffer",122251964
"buffer","buffer","buffer","buffer","buffer","buffer","buffer","buffer","buffer","buffer",122264034
"buffer","buffer","buffer","buffer","buffer","buffer","buffer","buffer","buffer","buffer",122276260
"buffer","buffer","buffer","buffer","buffer","buffer","buffer","buffer","buffer","buffer",122288108
"buffer","buffer","buffer","buffer","buffer","buffer","buffer","buffer","buffer","buffer",122300216
"buffer","buffer","buffer","buffer","buffer","buffer","buffer","buffer","buffer","buffer",122312185
"buffer","buffer","buffer","buffer","buffer","buffer","buffer","buffer","buffer","buffer",122324385
"buffer","buffer","buffer","buffer","buffer","buffer","buffer","buffer","buffer","buffer",122336354
"buffer","buffer","buffer","buffer","buffer","buffer","buffer","buffer","buffer","buffer",122348361
"buffer","buffer","buffer","buffer","buffer","buffer","buffer","buffer","buffer","buffer",122360396
"buffer","buffer","buffer","buffer","buffer","buffer","buffer","buffer","buffer","buffer",122372409
"buffer","buffer","buffer","buffer","buffer","buffer","buffer","buffer","buffer","buffer",122384500
"buffer","buffer","buffer","buffer","buffer","buffer","buffer","buffer","buffer","buffer",122396717
"buffer","buffer","buffer","buffer","buffer","buffer","buffer","buffer","buffer","buffer",122408621
"buffer","buffer","buffer","buffer","buffer","buffer","buffer","buffer","buffer","buffer",122420578
"buffer","buffer","buffer","buffer","buffer","buffer","buffer","buffer","buffer","buffer",122432864
"buffer","buffer","buffer","buffer","buffer","buffer","buffer","buffer","buffer","buffer",122444767
"buffer","buffer","buffer","buffer","buffer","buffer","buffer","buffer","buffer","buffer",122456779
"buffer","buffer","buffer","buffer","buffer","buffer","buffer","buffer","buffer","buffer",122468934
"buffer","buffer","buffer","buffer","buffer","buffer","buffer","buffer","buffer","buffer",122480779
"buffer","buffer","buffer","buffer","buffer","buffer","buffer","buffer","buffer","buffer",122493015
"buffer","buffer","buffer","buffer","buffer","buffer","buffer","buffer","buffer","buffer",122505012
"buffer","buffer","buffer","buffer","buffer","buffer","buffer","buffer","buffer","buffer",122517112
"buffer","buffer","buffer","buffer","buffer","buffer","buffer","buffer","buffer","buffer",122529161
"buffer","buffer","buffer","buffer","buffer","buffer","buffer","buffer","buffer","buffer",122541052
"buffer","buffer","buffer","buffer","buffer","buffer","buffer","buffer","buffer","buffer",122553334
"buffer","buffer","buffer","buffer","buffer","buffer","buffer","buffer","buffer","buffer",122565227
"buffer","buffer","buffer","buffer","buffer","buffer","buffer","buffer","buffer","buffer",122577249
"buffer","buffer","buffer","buffer","buffer","buffer","buffer","buffer","buffer","buffer",122589373
"buffer","buffer","buffer","buffer","buffer","buffer","buffer","buffer","buffer","buffer",122601307
"buffer","buffer","buffer","buffer","buffer","buffer","buffer","buffer","buffer","buffer",122613302
"buffer","buffer","buffer","buffer","buffer","buffer","buffer","buffer","buffer","buffer",122625448
"buffer","buffer","buffer","buffer","buffer","buffer","buffer","buffer","buffer","buffer",122637627
"buffer","buffer","buffer","buffer","buffer","buffer","buffer","buffer","buffer","buffer",122649436
"buffer","buffer","buffer","buffer","buffer","buffer","buffer","buffer","buffer","buffer",122661536
"buffer","buffer","buffer","buffer","buffer","buffer","buffer","buffer","buffer","buffer",122673779
"buffer","buffer","buffer","buffer","buffer","buffer","buffer","buffer","buffer","buffer",122685496
"buffer","buffer","buffer","buffer","buffer","buffer","buffer","buffer","buffer","buffer",122697738
"buffer","buffer","buffer","buffer","buffer","buffer","buffer","buffer","buffer","buffer",122709888
"buffer","buffer","buffer","buffer","buffer","buffer","buffer","buffer","buffer","buffer",122721874
"buffer","buffer","buffer","buffer","buffer","buffer","buffer","buffer","buffer","buffer",122733867
"buffer","buffer","buffer","buffer","buffer","buffer","buffer","buffer","buffer","buffer",122745902
"buffer","buffer","buffer","buffer","buffer","buffer","buffer","buffer","buffer","buffer",122757835
"buffer","buffer","buffer","buffer","buffer","buffer","buffer","buffer","buffer","buffer",122770058
"buffer","buffer","buffer","buffer","buffer","buffer","buffer","buffer","buffer","buffer",122781955
"buffer","buffer","buffer","buffer","buffer","buffer","buffer","buffer","buffer","buffer",122794188
"buffer","buffer","buffer","buffer","buffer","buffer","buffer","buffer","buffer","buffer",122806135
"buffer","buffer","buffer","buffer","buffer","buffer","buffer","buffer","buffer","buffer",122818356
"buffer","buffer","buffer","buffer","buffer","buffer","buffer","buffer","buffer","buffer",122830097
"buffer","buffer","buffer","buffer","buffer","buffer","buffer","buffer","buffer","buffer",122842211
"buffer","buffer","buffer","buffer","buffer","buffer","buffer","buffer","buffer","buffer",122854252
"buffer","buffer","buffer","buffer","buffer","buffer","buffer","buffer","buffer","buffer",122866341
"buffer","buffer","buffer","buffer","buffer","buffer","buffer","buffer","buffer","buffer",122878510
"buffer","buffer","buffer","buffer","buffer","buffer","buffer","buffer","buffer","buffer",122890589
"buffer","buffer","buffer","buffer","buffer","buffer","buffer","buffer","buffer","buffer",122902496
"buffer","buffer","buffer","buffer","buffer","buffer","buffer","buffer","buffer","buffer",122914544
"buffer","buffer","buffer","buffer","buffer","buffer","buffer","buffer","buffer","buffer",122926514
"buffer","buffer","buffer","buffer","buffer","buffer","buffer","buffer","buffer","buffer",122938644
"buffer","buffer","buffer","buffer","buffer","buffer","buffer","buffer","buffer","buffer",122950700
"buffer","buffer","buffer","buffer","buffer","buffer","buffer","buffer","buffer","buffer",122962570
"buffer","buffer","buffer","buffer","buffer","buffer","buffer","buffer","buffer","buffer",122974840
"buffer","buffer","buffer","buffer","buffer","buffer","buffer","buffer","buffer","buffer",122986931
"buffer","buffer","buffer","buffer","buffer","buffer","buffer","buffer","buffer","buffer",122999045
"buffer","buffer","buffer","buffer","buffer","buffer","buffer","buffer","buffer","buffer",123010909
"buffer","buffer","buffer","buffer","buffer","buffer","buffer","buffer","buffer","buffer",123022953
"buffer","buffer","buffer","buffer","buffer","buffer","buffer","buffer","buffer","buffer",123035029
"buffer","buffer","buffer","buffer","buffer","buffer","buffer","buffer","buffer","buffer",123047105
"buffer","buffer","buffer","buffer","buffer","buffer","buffer","buffer","buffer","buffer",123059162
"buffer","buffer","buffer","buffer","buffer","buffer","buffer","buffer","buffer","buffer",123071065
"buffer","buffer","buffer","buffer","buffer","buffer","buffer","buffer","buffer","buffer",123083328
"buffer","buffer","buffer","buffer","buffer","buffer","buffer","buffer","buffer","buffer",123095394
"buffer","buffer","buffer","buffer","buffer","buffer","buffer","buffer","buffer","buffer",123107044
"buffer","buffer","buffer","buffer","buffer","buffer","buffer","buffer","buffer","buffer",123119395
"buffer","buffer","buffer","buffer","buffer","buffer","buffer","buffer","buffer","buffer",123131346
"buffer","buffer","buffer","buffer","buffer","buffer","buffer","buffer","buffer","buffer",123143440
"buffer","buffer","buffer","buffer","buffer","buffer","buffer","buffer","buffer","buffer",123155361
"buffer","buffer","buffer","buffer","buffer","buffer","buffer","buffer","buffer","buffer",123167443
"buffer","buffer","buffer","buffer","buffer","buffer","buffer","buffer","buffer","buffer",123179694
"buffer","buffer","buffer","buffer","buffer","buffer","buffer","buffer","buffer","buffer",123191581
"buffer","buffer","buffer","buffer","buffer","buffer","buffer","buffer","buffer","buffer",123203630
"buffer","buffer","buffer","buffer","buffer","buffer","buffer","buffer","buffer","buffer",123215750
"buffer","buffer","buffer","buffer","buffer","buffer","buffer","buffer","buffer","buffer",123227817
"buffer","buffer","buffer","buffer","buffer","buffer","buffer","buffer","buffer","buffer",123239810
"buffer","buffer","buffer","buffer","buffer","buffer","buffer","buffer","buffer","buffer",123251929
"buffer","buffer","buffer","buffer","buffer","buffer","buffer","buffer","buffer","buffer",123263833
"buffer","buffer","buffer","buffer","buffer","buffer","buffer","buffer","buffer","buffer",123275943
"buffer","buffer","buffer","buffer","buffer","buffer","buffer","buffer","buffer","buffer",123287795
"buffer","buffer","buffer","buffer","buffer","buffer","buffer","buffer","buffer","buffer",123300062
"buffer","buffer","buffer","buffer","buffer","buffer","buffer","buffer","buffer","buffer",123312004
"buffer","buffer","buffer","buffer","buffer","buffer","buffer","buffer","buffer","buffer",123324141
"buffer","buffer","buffer","buffer","buffer","buffer","buffer","buffer","buffer","buffer",123336224
"buffer","buffer","buffer","buffer","buffer","buffer","buffer","buffer","buffer","buffer",123348090
"buffer","buffer","buffer","buffer","buffer","buffer","buffer","buffer","buffer","buffer",123360390
"buffer","buffer","buffer","buffer","buffer","buffer","buffer","buffer","buffer","buffer",123372175
"buffer","buffer","buffer","buffer","buffer","buffer","buffer","buffer","buffer","buffer",123384314
"buffer","buffer","buffer","buffer","buffer","buffer","buffer","buffer","buffer","buffer",123396188
"buffer","buffer","buffer","buffer","buffer","buffer","buffer","buffer","buffer","buffer",123408368
"buffer","buffer","buffer","buffer","buffer","buffer","buffer","buffer","buffer","buffer",123420510
"buffer","buffer","buffer","buffer","buffer","buffer","buffer","buffer","buffer","buffer",123432407
"buffer","buffer","buffer","buffer","buffer","buffer","buffer","buffer","buffer","buffer",123444330
"buffer","buffer","buffer","buffer","buffer","buffer","buffer","buffer","buffer","buffer",123456691
"buffer","buffer","buffer","buffer","buffer","buffer","buffer","buffer","buffer","buffer",123468501
"buffer","buffer","buffer","buffer","buffer","buffer","buffer","buffer","buffer","buffer",123480665
"buffer","buffer","buffer","buffer","buffer","buffer","buffer","buffer","buffer","buffer",123492785
"buffer","buffer","buffer","buffer","buffer","buffer","buffer","buffer","buffer","buffer",123504939
"buffer","buffer","buffer","buffer","buffer","buffer","buffer","buffer","buffer","buffer",123516886
"buffer","buffer","buffer","buffer","buffer","buffer","buffer","buffer","buffer","buffer",123528834
"buffer","buffer","buffer","buffer","buffer","buffer","buffer","buffer","buffer","buffer",123540887
"buffer","buffer","buffer","buffer","buffer","buffer","buffer","buffer","buffer","buffer",123552980
"buffer","buffer","buffer","buffer","buffer","buffer","buffer","buffer","buffer","buffer",123565098
"buffer","buffer","buffer","buffer","buffer","buffer","buffer","buffer","buffer","buffer",123576764
"buffer","buffer","buffer","buffer","buffer","buffer","buffer","buffer","buffer","buffer",123589165
"buffer","buffer","buffer","buffer","buffer","buffer","buffer","buffer","buffer","buffer",123601148
"buffer","buffer","buffer","buffer","buffer","buffer","buffer","buffer","buffer","buffer",123613284
"buffer","buffer","buffer","buffer","buffer","buffer","buffer","buffer","buffer","buffer",123625344
"buffer","buffer","buffer","buffer","buffer","buffer","buffer","buffer","buffer","buffer",123637274
"buffer","buffer","buffer","buffer","buffer","buffer","buffer","buffer","buffer","buffer",123649260
"buffer","buffer","buffer","buffer","buffer","buffer","buffer","buffer","buffer","buffer",123661276
"buffer","buffer","buffer","buffer","buffer","buffer","buffer","buffer","buffer","buffer",123673421
"buffer","buffer","buffer","buffer","buffer","buffer","buffer","buffer","buffer","buffer",123685537
"buffer","buffer","buffer","buffer","buffer","buffer","buffer","buffer","buffer","buffer",123697531
"buffer","buffer","buffer","buffer","buffer","buffer","buffer","buffer","buffer","buffer",123709623
"buffer","buffer","buffer","buffer","buffer","buffer","buffer","buffer","buffer","buffer",123721593
"buffer","buffer","buffer","buffer","buffer","buffer","buffer","buffer","buffer","buffer",123733682
"buffer","buffer","buffer","buffer","buffer","buffer","buffer","buffer","buffer","buffer",123745701
"buffer","buffer","buffer","buffer","buffer","buffer","buffer","buffer","buffer","buffer",123757827
"buffer","buffer","buffer","buffer","buffer","buffer","buffer","buffer","buffer","buffer",123769730
"buffer","buffer","buffer","buffer","buffer","buffer","buffer","buffer","buffer","buffer",123781909
"buffer","buffer","buffer","buffer","buffer","buffer","buffer","buffer","buffer","buffer",123793819
"buffer","buffer","buffer","buffer","buffer","buffer","buffer","buffer","buffer","buffer",123806025
"buffer","buffer","buffer","buffer","buffer","buffer","buffer","buffer","buffer","buffer",123817884
"buffer","buffer","buffer","buffer","buffer","buffer","buffer","buffer","buffer","buffer",123829993
"buffer","buffer","buffer","buffer","buffer","buffer","buffer","buffer","buffer","buffer",123842121
"buffer","buffer","buffer","buffer","buffer","buffer","buffer","buffer","buffer","buffer",123854169
"buffer","buffer","buffer","buffer","buffer","buffer","buffer","buffer","buffer","buffer",123866372
"buffer","buffer","buffer","buffer","buffer","buffer","buffer","buffer","buffer","buffer",123878302
"buffer","buffer","buffer","buffer","buffer","buffer","buffer","buffer","buffer","buffer",123890217
"buffer","buffer","buffer","buffer","buffer","buffer","buffer","buffer","buffer","buffer",123902226
"buffer","buffer","buffer","buffer","buffer","buffer","buffer","buffer","buffer","buffer",123914369
"buffer","buffer","buffer","buffer","buffer","buffer","buffer","buffer","buffer","buffer",123926445
"buffer","buffer","buffer","buffer","buffer","buffer","buffer","buffer","buffer","buffer",123938406
"buffer","buffer","buffer","buffer","buffer","buffer","buffer","buffer","buffer","buffer",123950506
"buffer","buffer","buffer","buffer","buffer","buffer","buffer","buffer","buffer","buffer",123962655
"buffer","buffer","buffer","buffer","buffer","buffer","buffer","buffer","buffer","buffer",123974603
"buffer","buffer","buffer","buffer","buffer","buffer","buffer","buffer","buffer","buffer",123986559
"buffer","buffer","buffer","buffer","buffer","buffer","buffer","buffer","buffer","buffer",123998513
"buffer","buffer","buffer","buffer","buffer","buffer","buffer","buffer","buffer","buffer",124010673
"buffer","buffer","buffer","buffer","buffer","buffer","buffer","buffer","buffer","buffer",124022788
"buffer","buffer","buffer","buffer","buffer","buffer","buffer","buffer","buffer","buffer",124034820
"buffer","buffer","buffer","buffer","buffer","buffer","buffer","buffer","buffer","buffer",124046774
"buffer","buffer","buffer","buffer","buffer","buffer","buffer","buffer","buffer","buffer",124058977
"buffer","buffer","buffer","buffer","buffer","buffer","buffer","buffer","buffer","buffer",124070765
"buffer","buffer","buffer","buffer","buffer","buffer","buffer","buffer","buffer","buffer",124083064
"buffer","buffer","buffer","buffer","buffer","buffer","buffer","buffer","buffer","buffer",124094930
"buffer","buffer","buffer","buffer","buffer","buffer","buffer","buffer","buffer","buffer",124106865
"buffer","buffer","buffer","buffer","buffer","buffer","buffer","buffer","buffer","buffer",124119276
"buffer","buffer","buffer","buffer","buffer","buffer","buffer","buffer","buffer","buffer",124131139
"buffer","buffer","buffer","buffer","buffer","buffer","buffer","buffer","buffer","buffer",124143011
"buffer","buffer","buffer","buffer","buffer","buffer","buffer","buffer","buffer","buffer",124155341
"buffer","buffer","buffer","buffer","buffer","buffer","buffer","buffer","buffer","buffer",124167412
"buffer","buffer","buffer","buffer","buffer","buffer","buffer","buffer","buffer","buffer",124179503
"buffer","buffer","buffer","buffer","buffer","buffer","buffer","buffer","buffer","buffer",124191322
"buffer","buffer","buffer","buffer","buffer","buffer","buffer","buffer","buffer","buffer",124203528
"buffer","buffer","buffer","buffer","buffer","buffer","buffer","buffer","buffer","buffer",124215678
"buffer","buffer","buffer","buffer","buffer","buffer","buffer","buffer","buffer","buffer",124227520
"buffer","buffer","buffer","buffer","buffer","buffer","buffer","buffer","buffer","buffer",124239704
"buffer","buffer","buffer","buffer","buffer","buffer","buffer","buffer","buffer","buffer",124251293
"buffer","buffer","buffer","buffer","buffer","buffer","buffer","buffer","buffer","buffer",124263664
"buffer","buffer","buffer","buffer","buffer","buffer","buffer","buffer","buffer","buffer",124275831
"buffer","buffer","buffer","buffer","buffer","buffer","buffer","buffer","buffer","buffer",124287618
"buffer","buffer","buffer","buffer","buffer","buffer","buffer","buffer","buffer","buffer",124299856
"buffer","buffer","buffer","buffer","buffer","buffer","buffer","buffer","buffer","buffer",124311712
"buffer","buffer","buffer","buffer","buffer","buffer","buffer","buffer","buffer","buffer",124323929
"buffer","buffer","buffer","buffer","buffer","buffer","buffer","buffer","buffer","buffer",124335879
"buffer","buffer","buffer","buffer","buffer","buffer","buffer","buffer","buffer","buffer",124347852
"buffer","buffer","buffer","buffer","buffer","buffer","buffer","buffer","buffer","buffer",124359958
"buffer","buffer","buffer","buffer","buffer","buffer","buffer","buffer","buffer","buffer",124372129
"buffer","buffer","buffer","buffer","buffer","buffer","buffer","buffer","buffer","buffer",124384119
"buffer","buffer","buffer","buffer","buffer","buffer","buffer","buffer","buffer","buffer",124396284
"buffer","buffer","buffer","buffer","buffer","buffer","buffer","buffer","buffer","buffer",124408270
"buffer","buffer","buffer","buffer","buffer","buffer","buffer","buffer","buffer","buffer",124420274
"buffer","buffer","buffer","buffer","buffer","buffer","buffer","buffer","buffer","buffer",124432440
"buffer","buffer","buffer","buffer","buffer","buffer","buffer","buffer","buffer","buffer",124444539
"buffer","buffer","buffer","buffer","buffer","buffer","buffer","buffer","buffer","buffer",124456441
"buffer","buffer","buffer","buffer","buffer","buffer","buffer","buffer","buffer","buffer",124468575
"buffer","buffer","buffer","buffer","buffer","buffer","buffer","buffer","buffer","buffer",124480474
"buffer","buffer","buffer","buffer","buffer","buffer","buffer","buffer","buffer","buffer",124492597
"buffer","buffer","buffer","buffer","buffer","buffer","buffer","buffer","buffer","buffer",124504621
"buffer","buffer","buffer","buffer","buffer","buffer","buffer","buffer","buffer","buffer",124516667
"buffer","buffer","buffer","buffer","buffer","buffer","buffer","buffer","buffer","buffer",124528654
"buffer","buffer","buffer","buffer","buffer","buffer","buffer","buffer","buffer","buffer",124540682
"buffer","buffer","buffer","buffer","buffer","buffer","buffer","buffer","buffer","buffer",124552923
"buffer","buffer","buffer","buffer","buffer","buffer","buffer","buffer","buffer","buffer",124564753
"buffer","buffer","buffer","buffer","buffer","buffer","buffer","buffer","buffer","buffer",124576833
"buffer","buffer","buffer","buffer","buffer","buffer","buffer","buffer","buffer","buffer",124588925
"buffer","buffer","buffer","buffer","buffer","buffer","buffer","buffer","buffer","buffer",124601047
"buffer","buffer","buffer","buffer","buffer","buffer","buffer","buffer","buffer","buffer",124612913
"buffer","buffer","buffer","buffer","buffer","buffer","buffer","buffer","buffer","buffer",124624987
"buffer","buffer","buffer","buffer","buffer","buffer","buffer","buffer","buffer","buffer",124637113
"buffer","buffer","buffer","buffer","buffer","buffer","buffer","buffer","buffer","buffer",124649324
"buffer","buffer","buffer","buffer","buffer","buffer","buffer","buffer","buffer","buffer",124661151
"buffer","buffer","buffer","buffer","buffer","buffer","buffer","buffer","buffer","buffer",124673342
"buffer","buffer","buffer","buffer","buffer","buffer","buffer","buffer","buffer","buffer",124685271
"buffer","buffer","buffer","buffer","buffer","buffer","buffer","buffer","buffer","buffer",124697376
"buffer","buffer","buffer","buffer","buffer","buffer","buffer","buffer","buffer","buffer",124709524
"buffer","buffer","buffer","buffer","buffer","buffer","buffer","buffer","buffer","buffer",124721513
"buffer","buffer","buffer","buffer","buffer","buffer","buffer","buffer","buffer","buffer",124733440
"buffer","buffer","buffer","buffer","buffer","buffer","buffer","buffer","buffer","buffer",124745522
"buffer","buffer","buffer","buffer","buffer","buffer","buffer","buffer","buffer","buffer",124757628
"buffer","buffer","buffer","buffer","buffer","buffer","buffer","buffer","buffer","buffer",124769511
"buffer","buffer","buffer","buffer","buffer","buffer","buffer","buffer","buffer","buffer",124781781
"buffer","buffer","buffer","buffer","buffer","buffer","buffer","buffer","buffer","buffer",124793767
"buffer","buffer","buffer","buffer","buffer","buffer","buffer","buffer","buffer","buffer",124805665
"buffer","buffer","buffer","buffer","buffer","buffer","buffer","buffer","buffer","buffer",124817865
"buffer","buffer","buffer","buffer","buffer","buffer","buffer","buffer","buffer","buffer",124829737
"buffer","buffer","buffer","buffer","buffer","buffer","buffer","buffer","buffer","buffer",124841934
"buffer","buffer","buffer","buffer","buffer","buffer","buffer","buffer","buffer","buffer",124853973
"buffer","buffer","buffer","buffer","buffer","buffer","buffer","buffer","buffer","buffer",124866040
"buffer","buffer","buffer","buffer","buffer","buffer","buffer","buffer","buffer","buffer",124878036
"buffer","buffer","buffer","buffer","buffer","buffer","buffer","buffer","buffer","buffer",124890132
"buffer","buffer","buffer","buffer","buffer","buffer","buffer","buffer","buffer","buffer",124902007
"buffer","buffer","buffer","buffer","buffer","buffer","buffer","buffer","buffer","buffer",124914126
"buffer","buffer","buffer","buffer","buffer","buffer","buffer","buffer","buffer","buffer",124926063
"buffer","buffer","buffer","buffer","buffer","buffer","buffer","buffer","buffer","buffer",124938345
"buffer","buffer","buffer","buffer","buffer","buffer","buffer","buffer","buffer","buffer",124950333
"buffer","buffer","buffer","buffer","buffer","buffer","buffer","buffer","buffer","buffer",124962336
"buffer","buffer","buffer","buffer","buffer","buffer","buffer","buffer","buffer","buffer",124974313
"buffer","buffer","buffer","buffer","buffer","buffer","buffer","buffer","buffer","buffer",124986169
"buffer","buffer","buffer","buffer","buffer","buffer","buffer","buffer","buffer","buffer",124998505
"buffer","buffer","buffer","buffer","buffer","buffer","buffer","buffer","buffer","buffer",125010536
"buffer","buffer","buffer","buffer","buffer","buffer","buffer","buffer","buffer","buffer",125022478
"buffer","buffer","buffer","buffer","buffer","buffer","buffer","buffer","buffer","buffer",125034585
"buffer","buffer","buffer","buffer","buffer","buffer","buffer","buffer","buffer","buffer",125046670
"buffer","buffer","buffer","buffer","buffer","buffer","buffer","buffer","buffer","buffer",125058669
"buffer","buffer","buffer","buffer","buffer","buffer","buffer","buffer","buffer","buffer",125070669
"buffer","buffer","buffer","buffer","buffer","buffer","buffer","buffer","buffer","buffer",125082876
"buffer","buffer","buffer","buffer","buffer","buffer","buffer","buffer","buffer","buffer",125094840
"buffer","buffer","buffer","buffer","buffer","buffer","buffer","buffer","buffer","buffer",125106785
"buffer","buffer","buffer","buffer","buffer","buffer","buffer","buffer","buffer","buffer",125119024
"buffer","buffer","buffer","buffer","buffer","buffer","buffer","buffer","buffer","buffer",125131158
"buffer","buffer","buffer","buffer","buffer","buffer","buffer","buffer","buffer","buffer",125143034
"buffer","buffer","buffer","buffer","buffer","buffer","buffer","buffer","buffer","buffer",125154965
"buffer","buffer","buffer","buffer","buffer","buffer","buffer","buffer","buffer","buffer",125167109
"buffer","buffer","buffer","buffer","buffer","buffer","buffer","buffer","buffer","buffer",125178954
"buffer","buffer","buffer","buffer","buffer","buffer","buffer","buffer","buffer","buffer",125191064
"buffer","buffer","buffer","buffer","buffer","buffer","buffer","buffer","buffer","buffer",125203240
"buffer","buffer","buffer","buffer","buffer","buffer","buffer","buffer","buffer","buffer",125215173
"buffer","buffer","buffer","buffer","buffer","buffer","buffer","buffer","buffer","buffer",125227133
"buffer","buffer","buffer","buffer","buffer","buffer","buffer","buffer","buffer","buffer",125239411
"buffer","buffer","buffer","buffer","buffer","buffer","buffer","buffer","buffer","buffer",125251441
"buffer","buffer","buffer","buffer","buffer","buffer","buffer","buffer","buffer","buffer",125263533
"buffer","buffer","buffer","buffer","buffer","buffer","buffer","buffer","buffer","buffer",125275550
"buffer","buffer","buffer","buffer","buffer","buffer","buffer","buffer","buffer","buffer",125287588
"buffer","buffer","buffer","buffer","buffer","buffer","buffer","buffer","buffer","buffer",125299639
"buffer","buffer","buffer","buffer","buffer","buffer","buffer","buffer","buffer","buffer",125311599
"buffer","buffer","buffer","buffer","buffer","buffer","buffer","buffer","buffer","buffer",125323491
"buffer","buffer","buffer","buffer","buffer","buffer","buffer","buffer","buffer","buffer",125335644
"buffer","buffer","buffer","buffer","buffer","buffer","buffer","buffer","buffer","buffer",125347727
"buffer","buffer","buffer","buffer","buffer","buffer","buffer","buffer","buffer","buffer",125359857
"buffer","buffer","buffer","buffer","buffer","buffer","buffer","buffer","buffer","buffer",125371772
"buffer","buffer","buffer","buffer","buffer","buffer","buffer","buffer","buffer","buffer",125383861
"buffer","buffer","buffer","buffer","buffer","buffer","buffer","buffer","buffer","buffer",125396076
"buffer","buffer","buffer","buffer","buffer","buffer","buffer","buffer","buffer","buffer",125408092
"buffer","buffer","buffer","buffer","buffer","buffer","buffer","buffer","buffer","buffer",125420030
"buffer","buffer","buffer","buffer","buffer","buffer","buffer","buffer","buffer","buffer",125432188
"buffer","buffer","buffer","buffer","buffer","buffer","buffer","buffer","buffer","buffer",125444074
"buffer","buffer","buffer","buffer","buffer","buffer","buffer","buffer","buffer","buffer",125456432
"buffer","buffer","buffer","buffer","buffer","buffer","buffer","buffer","buffer","buffer",125468269
"buffer","buffer","buffer","buffer","buffer","buffer","buffer","buffer","buffer","buffer",125480385
"buffer","buffer","buffer","buffer","buffer","buffer","buffer","buffer","buffer","buffer",125492426
"buffer","buffer","buffer","buffer","buffer","buffer","buffer","buffer","buffer","buffer",125504325
"buffer","buffer","buffer","buffer","buffer","buffer","buffer","buffer","buffer","buffer",125516384
"buffer","buffer","buffer","buffer","buffer","buffer","buffer","buffer","buffer","buffer",125528515
"buffer","buffer","buffer","buffer","buffer","buffer","buffer","buffer","buffer","buffer",125540491
"buffer","buffer","buffer","buffer","buffer","buffer","buffer","buffer","buffer","buffer",125552567
"buffer","buffer","buffer","buffer","buffer","buffer","buffer","buffer","buffer","buffer",125564563
"buffer","buffer","buffer","buffer","buffer","buffer","buffer","buffer","buffer","buffer",125576540
"buffer","buffer","buffer","buffer","buffer","buffer","buffer","buffer","buffer","buffer",125588782
"buffer","buffer","buffer","buffer","buffer","buffer","buffer","buffer","buffer","buffer",125600788
"buffer","buffer","buffer","buffer","buffer","buffer","buffer","buffer","buffer","buffer",125612842
"buffer","buffer","buffer","buffer","buffer","buffer","buffer","buffer","buffer","buffer",125624888
"buffer","buffer","buffer","buffer","buffer","buffer","buffer","buffer","buffer","buffer",125636646
"buffer","buffer","buffer","buffer","buffer","buffer","buffer","buffer","buffer","buffer",125648995
"buffer","buffer","buffer","buffer","buffer","buffer","buffer","buffer","buffer","buffer",125661052
"buffer","buffer","buffer","buffer","buffer","buffer","buffer","buffer","buffer","buffer",125673153
"buffer","buffer","buffer","buffer","buffer","buffer","buffer","buffer","buffer","buffer",125685116
"buffer","buffer","buffer","buffer","buffer","buffer","buffer","buffer","buffer","buffer",125697081
"buffer","buffer","buffer","buffer","buffer","buffer","buffer","buffer","buffer","buffer",125709100
"buffer","buffer","buffer","buffer","buffer","buffer","buffer","buffer","buffer","buffer",125721244
"buffer","buffer","buffer","buffer","buffer","buffer","buffer","buffer","buffer","buffer",125733363
"buffer","buffer","buffer","buffer","buffer","buffer","buffer","buffer","buffer","buffer",125745402
"buffer","buffer","buffer","buffer","buffer","buffer","buffer","buffer","buffer","buffer",125757206
"buffer","buffer","buffer","buffer","buffer","buffer","buffer","buffer","buffer","buffer",125769364
"buffer","buffer","buffer","buffer","buffer","buffer","buffer","buffer","buffer","buffer",125781505
"buffer","buffer","buffer","buffer","buffer","buffer","buffer","buffer","buffer","buffer",125793564
"buffer","buffer","buffer","buffer","buffer","buffer","buffer","buffer","buffer","buffer",125805680
"buffer","buffer","buffer","buffer","buffer","buffer","buffer","buffer","buffer","buffer",125817696
"buffer","buffer","buffer","buffer","buffer","buffer","buffer","buffer","buffer","buffer",125829817
"buffer","buffer","buffer","buffer","buffer","buffer","buffer","buffer","buffer","buffer",125841569
"buffer","buffer","buffer","buffer","buffer","buffer","buffer","buffer","buffer","buffer",125853749
"buffer","buffer","buffer","buffer","buffer","buffer","buffer","buffer","buffer","buffer",125865887
"buffer","buffer","buffer","buffer","buffer","buffer","buffer","buffer","buffer","buffer",125877795
"buffer","buffer","buffer","buffer","buffer","buffer","buffer","buffer","buffer","buffer",125889819
"buffer","buffer","buffer","buffer","buffer","buffer","buffer","buffer","buffer","buffer",125901829
"buffer","buffer","buffer","buffer","buffer","buffer","buffer","buffer","buffer","buffer",125913904
"buffer","buffer","buffer","buffer","buffer","buffer","buffer","buffer","buffer","buffer",125926121
"buffer","buffer","buffer","buffer","buffer","buffer","buffer","buffer","buffer","buffer",125938179
"buffer","buffer","buffer","buffer","buffer","buffer","buffer","buffer","buffer","buffer",125950088
"buffer","buffer","buffer","buffer","buffer","buffer","buffer","buffer","buffer","buffer",125962173
"buffer","buffer","buffer","buffer","buffer","buffer","buffer","buffer","buffer","buffer",125974023
"buffer","buffer","buffer","buffer","buffer","buffer","buffer","buffer","buffer","buffer",125986106
"buffer","buffer","buffer","buffer","buffer","buffer","buffer","buffer","buffer","buffer",125998275
"buffer","buffer","buffer","buffer","buffer","buffer","buffer","buffer","buffer","buffer",126010140
"buffer","buffer","buffer","buffer","buffer","buffer","buffer","buffer","buffer","buffer",126022382
"buffer","buffer","buffer","buffer","buffer","buffer","buffer","buffer","buffer","buffer",126034276
"buffer","buffer","buffer","buffer","buffer","buffer","buffer","buffer","buffer","buffer",126046277
"buffer","buffer","buffer","buffer","buffer","buffer","buffer","buffer","buffer","buffer",126058581
"buffer","buffer","buffer","buffer","buffer","buffer","buffer","buffer","buffer","buffer",126070590
"buffer","buffer","buffer","buffer","buffer","buffer","buffer","buffer","buffer","buffer",126082366
"buffer","buffer","buffer","buffer","buffer","buffer","buffer","buffer","buffer","buffer",126094642
"buffer","buffer","buffer","buffer","buffer","buffer","buffer","buffer","buffer","buffer",126106675
"buffer","buffer","buffer","buffer","buffer","buffer","buffer","buffer","buffer","buffer",126118597
"buffer","buffer","buffer","buffer","buffer","buffer","buffer","buffer","buffer","buffer",126130903
"buffer","buffer","buffer","buffer","buffer","buffer","buffer","buffer","buffer","buffer",126142821
"buffer","buffer","buffer","buffer","buffer","buffer","buffer","buffer","buffer","buffer",126154773
"buffer","buffer","buffer","buffer","buffer","buffer","buffer","buffer","buffer","buffer",126166850
"buffer","buffer","buffer","buffer","buffer","buffer","buffer","buffer","buffer","buffer",126179030
"buffer","buffer","buffer","buffer","buffer","buffer","buffer","buffer","buffer","buffer",126190952
"buffer","buffer","buffer","buffer","buffer","buffer","buffer","buffer","buffer","buffer",126203037
"buffer","buffer","buffer","buffer","buffer","buffer","buffer","buffer","buffer","buffer",126215126
"buffer","buffer","buffer","buffer","buffer","buffer","buffer","buffer","buffer","buffer",126227170
"buffer","buffer","buffer","buffer","buffer","buffer","buffer","buffer","buffer","buffer",126239284
"buffer","buffer","buffer","buffer","buffer","buffer","buffer","buffer","buffer","buffer",126251226
"buffer","buffer","buffer","buffer","buffer","buffer","buffer","buffer","buffer","buffer",126263299
"buffer","buffer","buffer","buffer","buffer","buffer","buffer","buffer","buffer","buffer",126275148
"buffer","buffer","buffer","buffer","buffer","buffer","buffer","buffer","buffer","buffer",126287336
"buffer","buffer","buffer","buffer","buffer","buffer","buffer","buffer","buffer","buffer",126299387
"buffer","buffer","buffer","buffer","buffer","buffer","buffer","buffer","buffer","buffer",126311519
"buffer","buffer","buffer","buffer","buffer","buffer","buffer","buffer","buffer","buffer",126323504
"buffer","buffer","buffer","buffer","buffer","buffer","buffer","buffer","buffer","buffer",126335505
"buffer","buffer","buffer","buffer","buffer","buffer","buffer","buffer","buffer","buffer",126347587
"buffer","buffer","buffer","buffer","buffer","buffer","buffer","buffer","buffer","buffer",126359540
"buffer","buffer","buffer","buffer","buffer","buffer","buffer","buffer","buffer","buffer",126371564
"buffer","buffer","buffer","buffer","buffer","buffer","buffer","buffer","buffer","buffer",126383850
"buffer","buffer","buffer","buffer","buffer","buffer","buffer","buffer","buffer","buffer",126395708
"buffer","buffer","buffer","buffer","buffer","buffer","buffer","buffer","buffer","buffer",126407851
"buffer","buffer","buffer","buffer","buffer","buffer","buffer","buffer","buffer","buffer",126420042
"buffer","buffer","buffer","buffer","buffer","buffer","buffer","buffer","buffer","buffer",126431925
"buffer","buffer","buffer","buffer","buffer","buffer","buffer","buffer","buffer","buffer",126443914
"buffer","buffer","buffer","buffer","buffer","buffer","buffer","buffer","buffer","buffer",126456033
"buffer","buffer","buffer","buffer","buffer","buffer","buffer","buffer","buffer","buffer",126468071
"buffer","buffer","buffer","buffer","buffer","buffer","buffer","buffer","buffer","buffer",126480060
"buffer","buffer","buffer","buffer","buffer","buffer","buffer","buffer","buffer","buffer",126492227
"buffer","buffer","buffer","buffer","buffer","buffer","buffer","buffer","buffer","buffer",126504297
"buffer","buffer","buffer","buffer","buffer","buffer","buffer","buffer","buffer","buffer",126516191
"buffer","buffer","buffer","buffer","buffer","buffer","buffer","buffer","buffer","buffer",126528308
"buffer","buffer","buffer","buffer","buffer","buffer","buffer","buffer","buffer","buffer",126540391
"buffer","buffer","buffer","buffer","buffer","buffer","buffer","buffer","buffer","buffer",126552422
"buffer","buffer","buffer","buffer","buffer","buffer","buffer","buffer","buffer","buffer",126564497
"buffer","buffer","buffer","buffer","buffer","buffer","buffer","buffer","buffer","buffer",126576622
"buffer","buffer","buffer","buffer","buffer","buffer","buffer","buffer","buffer","buffer",126588633
"buffer","buffer","buffer","buffer","buffer","buffer","buffer","buffer","buffer","buffer",126600536
"buffer","buffer","buffer","buffer","buffer","buffer","buffer","buffer","buffer","buffer",126612610
"buffer","buffer","buffer","buffer","buffer","buffer","buffer","buffer","buffer","buffer",126624598
"buffer","buffer","buffer","buffer","buffer","buffer","buffer","buffer","buffer","buffer",126636601
"buffer","buffer","buffer","buffer","buffer","buffer","buffer","buffer","buffer","buffer",126648742
"buffer","buffer","buffer","buffer","buffer","buffer","buffer","buffer","buffer","buffer",126660814
"buffer","buffer","buffer","buffer","buffer","buffer","buffer","buffer","buffer","buffer",126672850
"buffer","buffer","buffer","buffer","buffer","buffer","buffer","buffer","buffer","buffer",126684884
"buffer","buffer","buffer","buffer","buffer","buffer","buffer","buffer","buffer","buffer",126696894
"buffer","buffer","buffer","buffer","buffer","buffer","buffer","buffer","buffer","buffer",126708965
"buffer","buffer","buffer","buffer","buffer","buffer","buffer","buffer","buffer","buffer",126720841
"buffer","buffer","buffer","buffer","buffer","buffer","buffer","buffer","buffer","buffer",126732951
"buffer","buffer","buffer","buffer","buffer","buffer","buffer","buffer","buffer","buffer",126745238
"buffer","buffer","buffer","buffer","buffer","buffer","buffer","buffer","buffer","buffer",126757065
"buffer","buffer","buffer","buffer","buffer","buffer","buffer","buffer","buffer","buffer",126769138
"buffer","buffer","buffer","buffer","buffer","buffer","buffer","buffer","buffer","buffer",126781402
"buffer","buffer","buffer","buffer","buffer","buffer","buffer","buffer","buffer","buffer",126793283
"buffer","buffer","buffer","buffer","buffer","buffer","buffer","buffer","buffer","buffer",126805439
"buffer","buffer","buffer","buffer","buffer","buffer","buffer","buffer","buffer","buffer",126817442
"buffer","buffer","buffer","buffer","buffer","buffer","buffer","buffer","buffer","buffer",126829459
"buffer","buffer","buffer","buffer","buffer","buffer","buffer","buffer","buffer","buffer",126841566
"buffer","buffer","buffer","buffer","buffer","buffer","buffer","buffer","buffer","buffer",126853602
"buffer","buffer","buffer","buffer","buffer","buffer","buffer","buffer","buffer","buffer",126865663
"buffer","buffer","buffer","buffer","buffer","buffer","buffer","buffer","buffer","buffer",126877593
"buffer","buffer","buffer","buffer","buffer","buffer","buffer","buffer","buffer","buffer",126889651
"buffer","buffer","buffer","buffer","buffer","buffer","buffer","buffer","buffer","buffer",126901601
"buffer","buffer","buffer","buffer","buffer","buffer","buffer","buffer","buffer","buffer",126913578
"buffer","buffer","buffer","buffer","buffer","buffer","buffer","buffer","buffer","buffer",126925597
"buffer","buffer","buffer","buffer","buffer","buffer","buffer","buffer","buffer","buffer",126937836
"buffer","buffer","buffer","buffer","buffer","buffer","buffer","buffer","buffer","buffer",126949866
"buffer","buffer","buffer","buffer","buffer","buffer","buffer","buffer","buffer","buffer",126961901
"buffer","buffer","buffer","buffer","buffer","buffer","buffer","buffer","buffer","buffer",126973933
"buffer","buffer","buffer","buffer","buffer","buffer","buffer","buffer","buffer","buffer",126986132
"buffer","buffer","buffer","buffer","buffer","buffer","buffer","buffer","buffer","buffer",126998214
"buffer","buffer","buffer","buffer","buffer","buffer","buffer","buffer","buffer","buffer",127010088
"buffer","buffer","buffer","buffer","buffer","buffer","buffer","buffer","buffer","buffer",127022127
"buffer","buffer","buffer","buffer","buffer","buffer","buffer","buffer","buffer","buffer",127034036
"buffer","buffer","buffer","buffer","buffer","buffer","buffer","buffer","buffer","buffer",127046240
"buffer","buffer","buffer","buffer","buffer","buffer","buffer","buffer","buffer","buffer",127058129
"buffer","buffer","buffer","buffer","buffer","buffer","buffer","buffer","buffer","buffer",127070395
"buffer","buffer","buffer","buffer","buffer","buffer","buffer","buffer","buffer","buffer",127082547
"buffer","buffer","buffer","buffer","buffer","buffer","buffer","buffer","buffer","buffer",127094346
"buffer","buffer","buffer","buffer","buffer","buffer","buffer","buffer","buffer","buffer",127106482
"buffer","buffer","buffer","buffer","buffer","buffer","buffer","buffer","buffer","buffer",127118618
"buffer","buffer","buffer","buffer","buffer","buffer","buffer","buffer","buffer","buffer",127130763
"buffer","buffer","buffer","buffer","buffer","buffer","buffer","buffer","buffer","buffer",127142620
"buffer","buffer","buffer","buffer","buffer","buffer","buffer","buffer","buffer","buffer",127154584
"buffer","buffer","buffer","buffer","buffer","buffer","buffer","buffer","buffer","buffer",127166752
"buffer","buffer","buffer","buffer","buffer","buffer","buffer","buffer","buffer","buffer",127178718
"buffer","buffer","buffer","buffer","buffer","buffer","buffer","buffer","buffer","buffer",127190892
"buffer","buffer","buffer","buffer","buffer","buffer","buffer","buffer","buffer","buffer",127202876
"buffer","buffer","buffer","buffer","buffer","buffer","buffer","buffer","buffer","buffer",127214782
"buffer","buffer","buffer","buffer","buffer","buffer","buffer","buffer","buffer","buffer",127226972
"buffer","buffer","buffer","buffer","buffer","buffer","buffer","buffer","buffer","buffer",127239071
"buffer","buffer","buffer","buffer","buffer","buffer","buffer","buffer","buffer","buffer",127251085
"buffer","buffer","buffer","buffer","buffer","buffer","buffer","buffer","buffer","buffer",127263058
"buffer","buffer","buffer","buffer","buffer","buffer","buffer","buffer","buffer","buffer",127275049
"buffer","buffer","buffer","buffer","buffer","buffer","buffer","buffer","buffer","buffer",127287108
"buffer","buffer","buffer","buffer","buffer","buffer","buffer","buffer","buffer","buffer",127299216
"buffer","buffer","buffer","buffer","buffer","buffer","buffer","buffer","buffer","buffer",127311231
"buffer","buffer","buffer","buffer","buffer","buffer","buffer","buffer","buffer","buffer",127323208
"buffer","buffer","buffer","buffer","buffer","buffer","buffer","buffer","buffer","buffer",127335288
"buffer","buffer","buffer","buffer","buffer","buffer","buffer","buffer","buffer","buffer",127347450
"buffer","buffer","buffer","buffer","buffer","buffer","buffer","buffer","buffer","buffer",127359492
"buffer","buffer","buffer","buffer","buffer","buffer","buffer","buffer","buffer","buffer",127371309
"buffer","buffer","buffer","buffer","buffer","buffer","buffer","buffer","buffer","buffer",127383461
"buffer","buffer","buffer","buffer","buffer","buffer","buffer","buffer","buffer","buffer",127395450
"buffer","buffer","buffer","buffer","buffer","buffer","buffer","buffer","buffer","buffer",127407615
"buffer","buffer","buffer","buffer","buffer","buffer","buffer","buffer","buffer","buffer",127419570
"buffer","buffer","buffer","buffer","buffer","buffer","buffer","buffer","buffer","buffer",127431903
"buffer","buffer","buffer","buffer","buffer","buffer","buffer","buffer","buffer","buffer",127443654
"buffer","buffer","buffer","buffer","buffer","buffer","buffer","buffer","buffer","buffer",127455724
"buffer","buffer","buffer","buffer","buffer","buffer","buffer","buffer","buffer","buffer",127467829
"buffer","buffer","buffer","buffer","buffer","buffer","buffer","buffer","buffer","buffer",127479831
"buffer","buffer","buffer","buffer","buffer","buffer","buffer","buffer","buffer","buffer",127491939
"buffer","buffer","buffer","buffer","buffer","buffer","buffer","buffer","buffer","buffer",127503957
"buffer","buffer","buffer","buffer","buffer","buffer","buffer","buffer","buffer","buffer",127516065
"buffer","buffer","buffer","buffer","buffer","buffer","buffer","buffer","buffer","buffer",127528191
"buffer","buffer","buffer","buffer","buffer","buffer","buffer","buffer","buffer","buffer",127540305
"buffer","buffer","buffer","buffer","buffer","buffer","buffer","buffer","buffer","buffer",127552121
"buffer","buffer","buffer","buffer","buffer","buffer","buffer","buffer","buffer","buffer",127564150
"buffer","buffer","buffer","buffer","buffer","buffer","buffer","buffer","buffer","buffer",127576025
"buffer","buffer","buffer","buffer","buffer","buffer","buffer","buffer","buffer","buffer",127588547
"buffer","buffer","buffer","buffer","buffer","buffer","buffer","buffer","buffer","buffer",127600381
"buffer","buffer","buffer","buffer","buffer","buffer","buffer","buffer","buffer","buffer",127612514
"buffer","buffer","buffer","buffer","buffer","buffer","buffer","buffer","buffer","buffer",127624437
"buffer","buffer","buffer","buffer","buffer","buffer","buffer","buffer","buffer","buffer",127636579
"buffer","buffer","buffer","buffer","buffer","buffer","buffer","buffer","buffer","buffer",127648577
"buffer","buffer","buffer","buffer","buffer","buffer","buffer","buffer","buffer","buffer",127660507
"buffer","buffer","buffer","buffer","buffer","buffer","buffer","buffer","buffer","buffer",127672719
"buffer","buffer","buffer","buffer","buffer","buffer","buffer","buffer","buffer","buffer",127684639
"buffer","buffer","buffer","buffer","buffer","buffer","buffer","buffer","buffer","buffer",127696657
"buffer","buffer","buffer","buffer","buffer","buffer","buffer","buffer","buffer","buffer",127708722
"buffer","buffer","buffer","buffer","buffer","buffer","buffer","buffer","buffer","buffer",127720883
"buffer","buffer","buffer","buffer","buffer","buffer","buffer","buffer","buffer","buffer",127732697
"buffer","buffer","buffer","buffer","buffer","buffer","buffer","buffer","buffer","buffer",127744954
"buffer","buffer","buffer","buffer","buffer","buffer","buffer","buffer","buffer","buffer",127757133
"buffer","buffer","buffer","buffer","buffer","buffer","buffer","buffer","buffer","buffer",127768970
"buffer","buffer","buffer","buffer","buffer","buffer","buffer","buffer","buffer","buffer",127780916
"buffer","buffer","buffer","buffer","buffer","buffer","buffer","buffer","buffer","buffer",127793034
"buffer","buffer","buffer","buffer","buffer","buffer","buffer","buffer","buffer","buffer",127805252
"buffer","buffer","buffer","buffer","buffer","buffer","buffer","buffer","buffer","buffer",127817074
"buffer","buffer","buffer","buffer","buffer","buffer","buffer","buffer","buffer","buffer",127829269
"buffer","buffer","buffer","buffer","buffer","buffer","buffer","buffer","buffer","buffer",127841295
"buffer","buffer","buffer","buffer","buffer","buffer","buffer","buffer","buffer","buffer",127853693
"buffer","buffer","buffer","buffer","buffer","buffer","buffer","buffer","buffer","buffer",127865471
"buffer","buffer","buffer","buffer","buffer","buffer","buffer","buffer","buffer","buffer",127877335
"buffer","buffer","buffer","buffer","buffer","buffer","buffer","buffer","buffer","buffer",127889570
"buffer","buffer","buffer","buffer","buffer","buffer","buffer","buffer","buffer","buffer",127901491
"buffer","buffer","buffer","buffer","buffer","buffer","buffer","buffer","buffer","buffer",127913318
"buffer","buffer","buffer","buffer","buffer","buffer","buffer","buffer","buffer","buffer",127925650
"buffer","buffer","buffer","buffer","buffer","buffer","buffer","buffer","buffer","buffer",127937456
"buffer","buffer","buffer","buffer","buffer","buffer","buffer","buffer","buffer","buffer",127949716
"buffer","buffer","buffer","buffer","buffer","buffer","buffer","buffer","buffer","buffer",127961567
"buffer","buffer","buffer","buffer","buffer","buffer","buffer","buffer","buffer","buffer",127973870
"buffer","buffer","buffer","buffer","buffer","buffer","buffer","buffer","buffer","buffer",127985813
"buffer","buffer","buffer","buffer","buffer","buffer","buffer","buffer","buffer","buffer",127997842
"buffer","buffer","buffer","buffer","buffer","buffer","buffer","buffer","buffer","buffer",128009794
"buffer","buffer","buffer","buffer","buffer","buffer","buffer","buffer","buffer","buffer",128021817
"buffer","buffer","buffer","buffer","buffer","buffer","buffer","buffer","buffer","buffer",128034014
"buffer","buffer","buffer","buffer","buffer","buffer","buffer","buffer","buffer","buffer",128045963
"buffer","buffer","buffer","buffer","buffer","buffer","buffer","buffer","buffer","buffer",128057892
"buffer","buffer","buffer","buffer","buffer","buffer","buffer","buffer","buffer","buffer",128070046
"buffer","buffer","buffer","buffer","buffer","buffer","buffer","buffer","buffer","buffer",128081962
"buffer","buffer","buffer","buffer","buffer","buffer","buffer","buffer","buffer","buffer",128094203
"buffer","buffer","buffer","buffer","buffer","buffer","buffer","buffer","buffer","buffer",128106241
"buffer","buffer","buffer","buffer","buffer","buffer","buffer","buffer","buffer","buffer",128118276
"buffer","buffer","buffer","buffer","buffer","buffer","buffer","buffer","buffer","buffer",128130345
"buffer","buffer","buffer","buffer","buffer","buffer","buffer","buffer","buffer","buffer",128142487
"buffer","buffer","buffer","buffer","buffer","buffer","buffer","buffer","buffer","buffer",128154286
"buffer","buffer","buffer","buffer","buffer","buffer","buffer","buffer","buffer","buffer",128166362
"buffer","buffer","buffer","buffer","buffer","buffer","buffer","buffer","buffer","buffer",128178516
"buffer","buffer","buffer","buffer","buffer","buffer","buffer","buffer","buffer","buffer",128190618
"buffer","buffer","buffer","buffer","buffer","buffer","buffer","buffer","buffer","buffer",128202682
"buffer","buffer","buffer","buffer","buffer","buffer","buffer","buffer","buffer","buffer",128214739
"buffer","buffer","buffer","buffer","buffer","buffer","buffer","buffer","buffer","buffer",128226722
"buffer","buffer","buffer","buffer","buffer","buffer","buffer","buffer","buffer","buffer",128238821
"buffer","buffer","buffer","buffer","buffer","buffer","buffer","buffer","buffer","buffer",128250863
"buffer","buffer","buffer","buffer","buffer","buffer","buffer","buffer","buffer","buffer",128263034
"buffer","buffer","buffer","buffer","buffer","buffer","buffer","buffer","buffer","buffer",128274940
"buffer","buffer","buffer","buffer","buffer","buffer","buffer","buffer","buffer","buffer",128286892
"buffer","buffer","buffer","buffer","buffer","buffer","buffer","buffer","buffer","buffer",128299001
"buffer","buffer","buffer","buffer","buffer","buffer","buffer","buffer","buffer","buffer",128311170
"buffer","buffer","buffer","buffer","buffer","buffer","buffer","buffer","buffer","buffer",128323271
"buffer","buffer","buffer","buffer","buffer","buffer","buffer","buffer","buffer","buffer",128335064
"buffer","buffer","buffer","buffer","buffer","buffer","buffer","buffer","buffer","buffer",128347112
"buffer","buffer","buffer","buffer","buffer","buffer","buffer","buffer","buffer","buffer",128359161
"buffer","buffer","buffer","buffer","buffer","buffer","buffer","buffer","buffer","buffer",128371229
"buffer","buffer","buffer","buffer","buffer","buffer","buffer","buffer","buffer","buffer",128383448
"buffer","buffer","buffer","buffer","buffer","buffer","buffer","buffer","buffer","buffer",128395374
"buffer","buffer","buffer","buffer","buffer","buffer","buffer","buffer","buffer","buffer",128407385
"buffer","buffer","buffer","buffer","buffer","buffer","buffer","buffer","buffer","buffer",128419273
"buffer","buffer","buffer","buffer","buffer","buffer","buffer","buffer","buffer","buffer",128431537
"buffer","buffer","buffer","buffer","buffer","buffer","buffer","buffer","buffer","buffer",128443568
"buffer","buffer","buffer","buffer","buffer","buffer","buffer","buffer","buffer","buffer",128455707
"buffer","buffer","buffer","buffer","buffer","buffer","buffer","buffer","buffer","buffer",128467635
"buffer","buffer","buffer","buffer","buffer","buffer","buffer","buffer","buffer","buffer",128479565
"buffer","buffer","buffer","buffer","buffer","buffer","buffer","buffer","buffer","buffer",128491816
"buffer","buffer","buffer","buffer","buffer","buffer","buffer","buffer","buffer","buffer",128503734
"buffer","buffer","buffer","buffer","buffer","buffer","buffer","buffer","buffer","buffer",128515795
"buffer","buffer","buffer","buffer","buffer","buffer","buffer","buffer","buffer","buffer",128527867
"buffer","buffer","buffer","buffer","buffer","buffer","buffer","buffer","buffer","buffer",128540027
"buffer","buffer","buffer","buffer","buffer","buffer","buffer","buffer","buffer","buffer",128551770
"buffer","buffer","buffer","buffer","buffer","buffer","buffer","buffer","buffer","buffer",128564138
"buffer","buffer","buffer","buffer","buffer","buffer","buffer","buffer","buffer","buffer",128576108
"buffer","buffer","buffer","buffer","buffer","buffer","buffer","buffer","buffer","buffer",128588230
"buffer","buffer","buffer","buffer","buffer","buffer","buffer","buffer","buffer","buffer",128600129
"buffer","buffer","buffer","buffer","buffer","buffer","buffer","buffer","buffer","buffer",128612074
"buffer","buffer","buffer","buffer","buffer","buffer","buffer","buffer","buffer","buffer",128624084
"buffer","buffer","buffer","buffer","buffer","buffer","buffer","buffer","buffer","buffer",128636331
"buffer","buffer","buffer","buffer","buffer","buffer","buffer","buffer","buffer","buffer",128648369
"buffer","buffer","buffer","buffer","buffer","buffer","buffer","buffer","buffer","buffer",128660436
"buffer","buffer","buffer","buffer","buffer","buffer","buffer","buffer","buffer","buffer",128672511
"buffer","buffer","buffer","buffer","buffer","buffer","buffer","buffer","buffer","buffer",128684528
"buffer","buffer","buffer","buffer","buffer","buffer","buffer","buffer","buffer","buffer",128696549
"buffer","buffer","buffer","buffer","buffer","buffer","buffer","buffer","buffer","buffer",128708832
"buffer","buffer","buffer","buffer","buffer","buffer","buffer","buffer","buffer","buffer",128720658
"buffer","buffer","buffer","buffer","buffer","buffer","buffer","buffer","buffer","buffer",128732690
"buffer","buffer","buffer","buffer","buffer","buffer","buffer","buffer","buffer","buffer",128744793
"buffer","buffer","buffer","buffer","buffer","buffer","buffer","buffer","buffer","buffer",128756912
"buffer","buffer","buffer","buffer","buffer","buffer","buffer","buffer","buffer","buffer",128768731
"buffer","buffer","buffer","buffer","buffer","buffer","buffer","buffer","buffer","buffer",128780778
"buffer","buffer","buffer","buffer","buffer","buffer","buffer","buffer","buffer","buffer",128792806
"buffer","buffer","buffer","buffer","buffer","buffer","buffer","buffer","buffer","buffer",128805047
"buffer","buffer","buffer","buffer","buffer","buffer","buffer","buffer","buffer","buffer",128816910
"buffer","buffer","buffer","buffer","buffer","buffer","buffer","buffer","buffer","buffer",128829012
"buffer","buffer","buffer","buffer","buffer","buffer","buffer","buffer","buffer","buffer",128841136
"buffer","buffer","buffer","buffer","buffer","buffer","buffer","buffer","buffer","buffer",128853119
"buffer","buffer","buffer","buffer","buffer","buffer","buffer","buffer","buffer","buffer",128865116
"buffer","buffer","buffer","buffer","buffer","buffer","buffer","buffer","buffer","buffer",128877157
"buffer","buffer","buffer","buffer","buffer","buffer","buffer","buffer","buffer","buffer",128889112
"buffer","buffer","buffer","buffer","buffer","buffer","buffer","buffer","buffer","buffer",128901243
"buffer","buffer","buffer","buffer","buffer","buffer","buffer","buffer","buffer","buffer",128913291
"buffer","buffer","buffer","buffer","buffer","buffer","buffer","buffer","buffer","buffer",128925389
"buffer","buffer","buffer","buffer","buffer","buffer","buffer","buffer","buffer","buffer",128937485
"buffer","buffer","buffer","buffer","buffer","buffer","buffer","buffer","buffer","buffer",128949451
"buffer","buffer","buffer","buffer","buffer","buffer","buffer","buffer","buffer","buffer",128961500
"buffer","buffer","buffer","buffer","buffer","buffer","buffer","buffer","buffer","buffer",128973705
"buffer","buffer","buffer","buffer","buffer","buffer","buffer","buffer","buffer","buffer",128985531
"buffer","buffer","buffer","buffer","buffer","buffer","buffer","buffer","buffer","buffer",128997682
"buffer","buffer","buffer","buffer","buffer","buffer","buffer","buffer","buffer","buffer",129009889
"buffer","buffer","buffer","buffer","buffer","buffer","buffer","buffer","buffer","buffer",129021659
"buffer","buffer","buffer","buffer","buffer","buffer","buffer","buffer","buffer","buffer",129033753
"buffer","buffer","buffer","buffer","buffer","buffer","buffer","buffer","buffer","buffer",129045723
"buffer","buffer","buffer","buffer","buffer","buffer","buffer","buffer","buffer","buffer",129057857
"buffer","buffer","buffer","buffer","buffer","buffer","buffer","buffer","buffer","buffer",129069967
"buffer","buffer","buffer","buffer","buffer","buffer","buffer","buffer","buffer","buffer",129082019
"buffer","buffer","buffer","buffer","buffer","buffer","buffer","buffer","buffer","buffer",129094058
"buffer","buffer","buffer","buffer","buffer","buffer","buffer","buffer","buffer","buffer",129106040
"buffer","buffer","buffer","buffer","buffer","buffer","buffer","buffer","buffer","buffer",129118123
"buffer","buffer","buffer","buffer","buffer","buffer","buffer","buffer","buffer","buffer",129129873
"buffer","buffer","buffer","buffer","buffer","buffer","buffer","buffer","buffer","buffer",129141998
"buffer","buffer","buffer","buffer","buffer","buffer","buffer","buffer","buffer","buffer",129154097
"buffer","buffer","buffer","buffer","buffer","buffer","buffer","buffer","buffer","buffer",129166392
"buffer","buffer","buffer","buffer","buffer","buffer","buffer","buffer","buffer","buffer",129178446
"buffer","buffer","buffer","buffer","buffer","buffer","buffer","buffer","buffer","buffer",129190100
"buffer","buffer","buffer","buffer","buffer","buffer","buffer","buffer","buffer","buffer",129202258
"buffer","buffer","buffer","buffer","buffer","buffer","buffer","buffer","buffer","buffer",129214443
"buffer","buffer","buffer","buffer","buffer","buffer","buffer","buffer","buffer","buffer",129226454
"buffer","buffer","buffer","buffer","buffer","buffer","buffer","buffer","buffer","buffer",129238569
"buffer","buffer","buffer","buffer","buffer","buffer","buffer","buffer","buffer","buffer",129250616
"buffer","buffer","buffer","buffer","buffer","buffer","buffer","buffer","buffer","buffer",129262772
"buffer","buffer","buffer","buffer","buffer","buffer","buffer","buffer","buffer","buffer",129274743
"buffer","buffer","buffer","buffer","buffer","buffer","buffer","buffer","buffer","buffer",129286676
"buffer","buffer","buffer","buffer","buffer","buffer","buffer","buffer","buffer","buffer",129298792
"buffer","buffer","buffer","buffer","buffer","buffer","buffer","buffer","buffer","buffer",129310978
"buffer","buffer","buffer","buffer","buffer","buffer","buffer","buffer","buffer","buffer",129322798
"buffer","buffer","buffer","buffer","buffer","buffer","buffer","buffer","buffer","buffer",129335071
"buffer","buffer","buffer","buffer","buffer","buffer","buffer","buffer","buffer","buffer",129346800
"buffer","buffer","buffer","buffer","buffer","buffer","buffer","buffer","buffer","buffer",129359017
"buffer","buffer","buffer","buffer","buffer","buffer","buffer","buffer","buffer","buffer",129371026
"buffer","buffer","buffer","buffer","buffer","buffer","buffer","buffer","buffer","buffer",129383134
"buffer","buffer","buffer","buffer","buffer","buffer","buffer","buffer","buffer","buffer",129395326
"buffer","buffer","buffer","buffer","buffer","buffer","buffer","buffer","buffer","buffer",129407108
"buffer","buffer","buffer","buffer","buffer","buffer","buffer","buffer","buffer","buffer",129419277
"buffer","buffer","buffer","buffer","buffer","buffer","buffer","buffer","buffer","buffer",129431483
"buffer","buffer","buffer","buffer","buffer","buffer","buffer","buffer","buffer","buffer",129443131
"buffer","buffer","buffer","buffer","buffer","buffer","buffer","buffer","buffer","buffer",129455445
"buffer","buffer","buffer","buffer","buffer","buffer","buffer","buffer","buffer","buffer",129467466
"buffer","buffer","buffer","buffer","buffer","buffer","buffer","buffer","buffer","buffer",129479615
"buffer","buffer","buffer","buffer","buffer","buffer","buffer","buffer","buffer","buffer",129491327
"buffer","buffer","buffer","buffer","buffer","buffer","buffer","buffer","buffer","buffer",129503585
"buffer","buffer","buffer","buffer","buffer","buffer","buffer","buffer","buffer","buffer",129515524
"buffer","buffer","buffer","buffer","buffer","buffer","buffer","buffer","buffer","buffer",129527564
"buffer","buffer","buffer","buffer","buffer","buffer","buffer","buffer","buffer","buffer",129539725
"buffer","buffer","buffer","buffer","buffer","buffer","buffer","buffer","buffer","buffer",129551752
"buffer","buffer","buffer","buffer","buffer","buffer","buffer","buffer","buffer","buffer",129563789
"buffer","buffer","buffer","buffer","buffer","buffer","buffer","buffer","buffer","buffer",129575977
"buffer","buffer","buffer","buffer","buffer","buffer","buffer","buffer","buffer","buffer",129587775
"buffer","buffer","buffer","buffer","buffer","buffer","buffer","buffer","buffer","buffer",129599805
"buffer","buffer","buffer","buffer","buffer","buffer","buffer","buffer","buffer","buffer",129611872
"buffer","buffer","buffer","buffer","buffer","buffer","buffer","buffer","buffer","buffer",129624141
"buffer","buffer","buffer","buffer","buffer","buffer","buffer","buffer","buffer","buffer",129635975
"buffer","buffer","buffer","buffer","buffer","buffer","buffer","buffer","buffer","buffer",129648076
"buffer","buffer","buffer","buffer","buffer","buffer","buffer","buffer","buffer","buffer",129660035
"buffer","buffer","buffer","buffer","buffer","buffer","buffer","buffer","buffer","buffer",129672237
"buffer","buffer","buffer","buffer","buffer","buffer","buffer","buffer","buffer","buffer",129684107
"buffer","buffer","buffer","buffer","buffer","buffer","buffer","buffer","buffer","buffer",129696370
"buffer","buffer","buffer","buffer","buffer","buffer","buffer","buffer","buffer","buffer",129708288
"buffer","buffer","buffer","buffer","buffer","buffer","buffer","buffer","buffer","buffer",129720482
"buffer","buffer","buffer","buffer","buffer","buffer","buffer","buffer","buffer","buffer",129732480
"buffer","buffer","buffer","buffer","buffer","buffer","buffer","buffer","buffer","buffer",129744274
"buffer","buffer","buffer","buffer","buffer","buffer","buffer","buffer","buffer","buffer",129756511
"buffer","buffer","buffer","buffer","buffer","buffer","buffer","buffer","buffer","buffer",129768590
"buffer","buffer","buffer","buffer","buffer","buffer","buffer","buffer","buffer","buffer",129780660
"buffer","buffer","buffer","buffer","buffer","buffer","buffer","buffer","buffer","buffer",129792686
"buffer","buffer","buffer","buffer","buffer","buffer","buffer","buffer","buffer","buffer",129804725
"buffer","buffer","buffer","buffer","buffer","buffer","buffer","buffer","buffer","buffer",129816742
"buffer","buffer","buffer","buffer","buffer","buffer","buffer","buffer","buffer","buffer",129828878
"buffer","buffer","buffer","buffer","buffer","buffer","buffer","buffer","buffer","buffer",129840640
"buffer","buffer","buffer","buffer","buffer","buffer","buffer","buffer","buffer","buffer",129852862
"buffer","buffer","buffer","buffer","buffer","buffer","buffer","buffer","buffer","buffer",129864942
"buffer","buffer","buffer","buffer","buffer","buffer","buffer","buffer","buffer","buffer",129876879
"buffer","buffer","buffer","buffer","buffer","buffer","buffer","buffer","buffer","buffer",129889110
"buffer","buffer","buffer","buffer","buffer","buffer","buffer","buffer","buffer","buffer",129901058
"buffer","buffer","buffer","buffer","buffer","buffer","buffer","buffer","buffer","buffer",129912951
"buffer","buffer","buffer","buffer","buffer","buffer","buffer","buffer","buffer","buffer",129925299
"buffer","buffer","buffer","buffer","buffer","buffer","buffer","buffer","buffer","buffer",129937187
"buffer","buffer","buffer","buffer","buffer","buffer","buffer","buffer","buffer","buffer",129949204
"buffer","buffer","buffer","buffer","buffer","buffer","buffer","buffer","buffer","buffer",129961205
"buffer","buffer","buffer","buffer","buffer","buffer","buffer","buffer","buffer","buffer",129973357
"buffer","buffer","buffer","buffer","buffer","buffer","buffer","buffer","buffer","buffer",129985269
"buffer","buffer","buffer","buffer","buffer","buffer","buffer","buffer","buffer","buffer",129997557
"buffer","buffer","buffer","buffer","buffer","buffer","buffer","buffer","buffer","buffer",130009593
"buffer","buffer","buffer","buffer","buffer","buffer","buffer","buffer","buffer","buffer",130021448
"buffer","buffer","buffer","buffer","buffer","buffer","buffer","buffer","buffer","buffer",130033659
"buffer","buffer","buffer","buffer","buffer","buffer","buffer","buffer","buffer","buffer",130045627
"buffer","buffer","buffer","buffer","buffer","buffer","buffer","buffer","buffer","buffer",130057626
"buffer","buffer","buffer","buffer","buffer","buffer","buffer","buffer","buffer","buffer",130069773
"buffer","buffer","buffer","buffer","buffer","buffer","buffer","buffer","buffer","buffer",130081847
"buffer","buffer","buffer","buffer","buffer","buffer","buffer","buffer","buffer","buffer",130093804
"buffer","buffer","buffer","buffer","buffer","buffer","buffer","buffer","buffer","buffer",130105859
"buffer","buffer","buffer","buffer","buffer","buffer","buffer","buffer","buffer","buffer",130117841
"buffer","buffer","buffer","buffer","buffer","buffer","buffer","buffer","buffer","buffer",130129918
"buffer","buffer","buffer","buffer","buffer","buffer","buffer","buffer","buffer","buffer",130142073
"buffer","buffer","buffer","buffer","buffer","buffer","buffer","buffer","buffer","buffer",130153955
"buffer","buffer","buffer","buffer","buffer","buffer","buffer","buffer","buffer","buffer",130166176
"buffer","buffer","buffer","buffer","buffer","buffer","buffer","buffer","buffer","buffer",130178140
"buffer","buffer","buffer","buffer","buffer","buffer","buffer","buffer","buffer","buffer",130190107
"buffer","buffer","buffer","buffer","buffer","buffer","buffer","buffer","buffer","buffer",130202192
"buffer","buffer","buffer","buffer","buffer","buffer","buffer","buffer","buffer","buffer",130214277
"buffer","buffer","buffer","buffer","buffer","buffer","buffer","buffer","buffer","buffer",130226196
"buffer","buffer","buffer","buffer","buffer","buffer","buffer","buffer","buffer","buffer",130238395
"buffer","buffer","buffer","buffer","buffer","buffer","buffer","buffer","buffer","buffer",130250455
"buffer","buffer","buffer","buffer","buffer","buffer","buffer","buffer","buffer","buffer",130262383
"buffer","buffer","buffer","buffer","buffer","buffer","buffer","buffer","buffer","buffer",130274278
"buffer","buffer","buffer","buffer","buffer","buffer","buffer","buffer","buffer","buffer",130286378
"buffer","buffer","buffer","buffer","buffer","buffer","buffer","buffer","buffer","buffer",130298502
"buffer","buffer","buffer","buffer","buffer","buffer","buffer","buffer","buffer","buffer",130310549
"buffer","buffer","buffer","buffer","buffer","buffer","buffer","buffer","buffer","buffer",130322636
"buffer","buffer","buffer","buffer","buffer","buffer","buffer","buffer","buffer","buffer",130334785
"buffer","buffer","buffer","buffer","buffer","buffer","buffer","buffer","buffer","buffer",130346709
"buffer","buffer","buffer","buffer","buffer","buffer","buffer","buffer","buffer","buffer",130358928
"buffer","buffer","buffer","buffer","buffer","buffer","buffer","buffer","buffer","buffer",130370929
"buffer","buffer","buffer","buffer","buffer","buffer","buffer","buffer","buffer","buffer",130382806
"buffer","buffer","buffer","buffer","buffer","buffer","buffer","buffer","buffer","buffer",130395151
"buffer","buffer","buffer","buffer","buffer","buffer","buffer","buffer","buffer","buffer",130406908
"buffer","buffer","buffer","buffer","buffer","buffer","buffer","buffer","buffer","buffer",130419008
"buffer","buffer","buffer","buffer","buffer","buffer","buffer","buffer","buffer","buffer",130431044
"buffer","buffer","buffer","buffer","buffer","buffer","buffer","buffer","buffer","buffer",130443184
"buffer","buffer","buffer","buffer","buffer","buffer","buffer","buffer","buffer","buffer",130455318
"buffer","buffer","buffer","buffer","buffer","buffer","buffer","buffer","buffer","buffer",130467329
"buffer","buffer","buffer","buffer","buffer","buffer","buffer","buffer","buffer","buffer",130479283
"buffer","buffer","buffer","buffer","buffer","buffer","buffer","buffer","buffer","buffer",130491386
"buffer","buffer","buffer","buffer","buffer","buffer","buffer","buffer","buffer","buffer",130503451
"buffer","buffer","buffer","buffer","buffer","buffer","buffer","buffer","buffer","buffer",130515340
"buffer","buffer","buffer","buffer","buffer","buffer","buffer","buffer","buffer","buffer",130527443
"buffer","buffer","buffer","buffer","buffer","buffer","buffer","buffer","buffer","buffer",130539309
"buffer","buffer","buffer","buffer","buffer","buffer","buffer","buffer","buffer","buffer",130551404
"buffer","buffer","buffer","buffer","buffer","buffer","buffer","buffer","buffer","buffer",130563609
"buffer","buffer","buffer","buffer","buffer","buffer","buffer","buffer","buffer","buffer",130575575
"buffer","buffer","buffer","buffer","buffer","buffer","buffer","buffer","buffer","buffer",130587669
"buffer","buffer","buffer","buffer","buffer","buffer","buffer","buffer","buffer","buffer",130599753
"buffer","buffer","buffer","buffer","buffer","buffer","buffer","buffer","buffer","buffer",130611973
"buffer","buffer","buffer","buffer","buffer","buffer","buffer","buffer","buffer","buffer",130623873
"buffer","buffer","buffer","buffer","buffer","buffer","buffer","buffer","buffer","buffer",130635781
"buffer","buffer","buffer","buffer","buffer","buffer","buffer","buffer","buffer","buffer",130647883
"buffer","buffer","buffer","buffer","buffer","buffer","buffer","buffer","buffer","buffer",130659845
"buffer","buffer","buffer","buffer","buffer","buffer","buffer","buffer","buffer","buffer",130671951
"buffer","buffer","buffer","buffer","buffer","buffer","buffer","buffer","buffer","buffer",130683946
"buffer","buffer","buffer","buffer","buffer","buffer","buffer","buffer","buffer","buffer",130696209
"buffer","buffer","buffer","buffer","buffer","buffer","buffer","buffer","buffer","buffer",130708078
"buffer","buffer","buffer","buffer","buffer","buffer","buffer","buffer","buffer","buffer",130720284
"buffer","buffer","buffer","buffer","buffer","buffer","buffer","buffer","buffer","buffer",130732286
"buffer","buffer","buffer","buffer","buffer","buffer","buffer","buffer","buffer","buffer",130744179
"buffer","buffer","buffer","buffer","buffer","buffer","buffer","buffer","buffer","buffer",130756427
"buffer","buffer","buffer","buffer","buffer","buffer","buffer","buffer","buffer","buffer",130768579
"buffer","buffer","buffer","buffer","buffer","buffer","buffer","buffer","buffer","buffer",130780362
"buffer","buffer","buffer","buffer","buffer","buffer","buffer","buffer","buffer","buffer",130792434
"buffer","buffer","buffer","buffer","buffer","buffer","buffer","buffer","buffer","buffer",130804333
"buffer","buffer","buffer","buffer","buffer","buffer","buffer","buffer","buffer","buffer",130816542
"buffer","buffer","buffer","buffer","buffer","buffer","buffer","buffer","buffer","buffer",130828471
"buffer","buffer","buffer","buffer","buffer","buffer","buffer","buffer","buffer","buffer",130840791
"buffer","buffer","buffer","buffer","buffer","buffer","buffer","buffer","buffer","buffer",130852683
"buffer","buffer","buffer","buffer","buffer","buffer","buffer","buffer","buffer","buffer",130864695
"buffer","buffer","buffer","buffer","buffer","buffer","buffer","buffer","buffer","buffer",130876759
"buffer","buffer","buffer","buffer","buffer","buffer","buffer","buffer","buffer","buffer",130888807
"buffer","buffer","buffer","buffer","buffer","buffer","buffer","buffer","buffer","buffer",130901040
"buffer","buffer","buffer","buffer","buffer","buffer","buffer","buffer","buffer","buffer",130912891
"buffer","buffer","buffer","buffer","buffer","buffer","buffer","buffer","buffer","buffer",130924978
"buffer","buffer","buffer","buffer","buffer","buffer","buffer","buffer","buffer","buffer",130936952
"buffer","buffer","buffer","buffer","buffer","buffer","buffer","buffer","buffer","buffer",130949092
"buffer","buffer","buffer","buffer","buffer","buffer","buffer","buffer","buffer","buffer",130960965
"buffer","buffer","buffer","buffer","buffer","buffer","buffer","buffer","buffer","buffer",130973440
"buffer","buffer","buffer","buffer","buffer","buffer","buffer","buffer","buffer","buffer",130984980
"buffer","buffer","buffer","buffer","buffer","buffer","buffer","buffer","buffer","buffer",130997221
"buffer","buffer","buffer","buffer","buffer","buffer","buffer","buffer","buffer","buffer",131009516
"buffer","buffer","buffer","buffer","buffer","buffer","buffer","buffer","buffer","buffer",131021294
"buffer","buffer","buffer","buffer","buffer","buffer","buffer","buffer","buffer","buffer",131033352
"buffer","buffer","buffer","buffer","buffer","buffer","buffer","buffer","buffer","buffer",131045311
"buffer","buffer","buffer","buffer","buffer","buffer","buffer","buffer","buffer","buffer",131057469
"buffer","buffer","buffer","buffer","buffer","buffer","buffer","buffer","buffer","buffer",131069621
"buffer","buffer","buffer","buffer","buffer","buffer","buffer","buffer","buffer","buffer",131081593
"buffer","buffer","buffer","buffer","buffer","buffer","buffer","buffer","buffer","buffer",131093699
"buffer","buffer","buffer","buffer","buffer","buffer","buffer","buffer","buffer","buffer",131105625
"buffer","buffer","buffer","buffer","buffer","buffer","buffer","buffer","buffer","buffer",131117694
"buffer","buffer","buffer","buffer","buffer","buffer","buffer","buffer","buffer","buffer",131129586
"buffer","buffer","buffer","buffer","buffer","buffer","buffer","buffer","buffer","buffer",131141902
"buffer","buffer","buffer","buffer","buffer","buffer","buffer","buffer","buffer","buffer",131153838
"buffer","buffer","buffer","buffer","buffer","buffer","buffer","buffer","buffer","buffer",131165953
"buffer","buffer","buffer","buffer","buffer","buffer","buffer","buffer","buffer","buffer",131178024
"buffer","buffer","buffer","buffer","buffer","buffer","buffer","buffer","buffer","buffer",131189914
"buffer","buffer","buffer","buffer","buffer","buffer","buffer","buffer","buffer","buffer",131202068
"buffer","buffer","buffer","buffer","buffer","buffer","buffer","buffer","buffer","buffer",131214062
"buffer","buffer","buffer","buffer","buffer","buffer","buffer","buffer","buffer","buffer",131226027
"buffer","buffer","buffer","buffer","buffer","buffer","buffer","buffer","buffer","buffer",131238118
"buffer","buffer","buffer","buffer","buffer","buffer","buffer","buffer","buffer","buffer",131250359
"buffer","buffer","buffer","buffer","buffer","buffer","buffer","buffer","buffer","buffer",131262074
"buffer","buffer","buffer","buffer","buffer","buffer","buffer","buffer","buffer","buffer",131274327
"buffer","buffer","buffer","buffer","buffer","buffer","buffer","buffer","buffer","buffer",131286450
"buffer","buffer","buffer","buffer","buffer","buffer","buffer","buffer","buffer","buffer",131298413
"buffer","buffer","buffer","buffer","buffer","buffer","buffer","buffer","buffer","buffer",131310276
"buffer","buffer","buffer","buffer","buffer","buffer","buffer","buffer","buffer","buffer",131322558
"buffer","buffer","buffer","buffer","buffer","buffer","buffer","buffer","buffer","buffer",131334393
"buffer","buffer","buffer","buffer","buffer","buffer","buffer","buffer","buffer","buffer",131346677
"buffer","buffer","buffer","buffer","buffer","buffer","buffer","buffer","buffer","buffer",131358564
"buffer","buffer","buffer","buffer","buffer","buffer","buffer","buffer","buffer","buffer",131370432
"buffer","buffer","buffer","buffer","buffer","buffer","buffer","buffer","buffer","buffer",131382707
"buffer","buffer","buffer","buffer","buffer","buffer","buffer","buffer","buffer","buffer",131394964
"buffer","buffer","buffer","buffer","buffer","buffer","buffer","buffer","buffer","buffer",131406704
"buffer","buffer","buffer","buffer","buffer","buffer","buffer","buffer","buffer","buffer",131418757
"buffer","buffer","buffer","buffer","buffer","buffer","buffer","buffer","buffer","buffer",131430948
"buffer","buffer","buffer","buffer","buffer","buffer","buffer","buffer","buffer","buffer",131442692
"buffer","buffer","buffer","buffer","buffer","buffer","buffer","buffer","buffer","buffer",131454992
"buffer","buffer","buffer","buffer","buffer","buffer","buffer","buffer","buffer","buffer",131467100
"buffer","buffer","buffer","buffer","buffer","buffer","buffer","buffer","buffer","buffer",131478967
"buffer","buffer","buffer","buffer","buffer","buffer","buffer","buffer","buffer","buffer",131491228
"buffer","buffer","buffer","buffer","buffer","buffer","buffer","buffer","buffer","buffer",131503150
"buffer","buffer","buffer","buffer","buffer","buffer","buffer","buffer","buffer","buffer",131515240
"buffer","buffer","buffer","buffer","buffer","buffer","buffer","buffer","buffer","buffer",131527174
"buffer","buffer","buffer","buffer","buffer","buffer","buffer","buffer","buffer","buffer",131539239
"buffer","buffer","buffer","buffer","buffer","buffer","buffer","buffer","buffer","buffer",131551343
"buffer","buffer","buffer","buffer","buffer","buffer","buffer","buffer","buffer","buffer",131563455
"buffer","buffer","buffer","buffer","buffer","buffer","buffer","buffer","buffer","buffer",131575529
"buffer","buffer","buffer","buffer","buffer","buffer","buffer","buffer","buffer","buffer",131587504
"buffer","buffer","buffer","buffer","buffer","buffer","buffer","buffer","buffer","buffer",131599621
"buffer","buffer","buffer","buffer","buffer","buffer","buffer","buffer","buffer","buffer",131611600
"buffer","buffer","buffer","buffer","buffer","buffer","buffer","buffer","buffer","buffer",131623600
"buffer","buffer","buffer","buffer","buffer","buffer","buffer","buffer","buffer","buffer",131635605
"buffer","buffer","buffer","buffer","buffer","buffer","buffer","buffer","buffer","buffer",131647741
"buffer","buffer","buffer","buffer","buffer","buffer","buffer","buffer","buffer","buffer",131659525
"buffer","buffer","buffer","buffer","buffer","buffer","buffer","buffer","buffer","buffer",131671881
"buffer","buffer","buffer","buffer","buffer","buffer","buffer","buffer","buffer","buffer",131683716
"buffer","buffer","buffer","buffer","buffer","buffer","buffer","buffer","buffer","buffer",131695740
"buffer","buffer","buffer","buffer","buffer","buffer","buffer","buffer","buffer","buffer",131707926
"buffer","buffer","buffer","buffer","buffer","buffer","buffer","buffer","buffer","buffer",131720102
"buffer","buffer","buffer","buffer","buffer","buffer","buffer","buffer","buffer","buffer",131731924
"buffer","buffer","buffer","buffer","buffer","buffer","buffer","buffer","buffer","buffer",131743984
"buffer","buffer","buffer","buffer","buffer","buffer","buffer","buffer","buffer","buffer",131756045
"buffer","buffer","buffer","buffer","buffer","buffer","buffer","buffer","buffer","buffer",131768280
"buffer","buffer","buffer","buffer","buffer","buffer","buffer","buffer","buffer","buffer",131780355
"buffer","buffer","buffer","buffer","buffer","buffer","buffer","buffer","buffer","buffer",131792239
"buffer","buffer","buffer","buffer","buffer","buffer","buffer","buffer","buffer","buffer",131804148
"buffer","buffer","buffer","buffer","buffer","buffer","buffer","buffer","buffer","buffer",131816415
"buffer","buffer","buffer","buffer","buffer","buffer","buffer","buffer","buffer","buffer",131828299
"buffer","buffer","buffer","buffer","buffer","buffer","buffer","buffer","buffer","buffer",131840308
"buffer","buffer","buffer","buffer","buffer","buffer","buffer","buffer","buffer","buffer",131852381
"buffer","buffer","buffer","buffer","buffer","buffer","buffer","buffer","buffer","buffer",131864512
"buffer","buffer","buffer","buffer","buffer","buffer","buffer","buffer","buffer","buffer",131876472
"buffer","buffer","buffer","buffer","buffer","buffer","buffer","buffer","buffer","buffer",131888447
"buffer","buffer","buffer","buffer","buffer","buffer","buffer","buffer","buffer","buffer",131900582
"buffer","buffer","buffer","buffer","buffer","buffer","buffer","buffer","buffer","buffer",131912785
"buffer","buffer","buffer","buffer","buffer","buffer","buffer","buffer","buffer","buffer",131924773
"buffer","buffer","buffer","buffer","buffer","buffer","buffer","buffer","buffer","buffer",131936744
"buffer","buffer","buffer","buffer","buffer","buffer","buffer","buffer","buffer","buffer",131948879
"buffer","buffer","buffer","buffer","buffer","buffer","buffer","buffer","buffer","buffer",131960840
"buffer","buffer","buffer","buffer","buffer","buffer","buffer","buffer","buffer","buffer",131972962
"buffer","buffer","buffer","buffer","buffer","buffer","buffer","buffer","buffer","buffer",131985045
"buffer","buffer","buffer","buffer","buffer","buffer","buffer","buffer","buffer","buffer",131997027
"buffer","buffer","buffer","buffer","buffer","buffer","buffer","buffer","buffer","buffer",132009129
"buffer","buffer","buffer","buffer","buffer","buffer","buffer","buffer","buffer","buffer",132021200
"buffer","buffer","buffer","buffer","buffer","buffer","buffer","buffer","buffer","buffer",132033250
"buffer","buffer","buffer","buffer","buffer","buffer","buffer","buffer","buffer","buffer",132045264
"buffer","buffer","buffer","buffer","buffer","buffer","buffer","buffer","buffer","buffer",132057296
"buffer","buffer","buffer","buffer","buffer","buffer","buffer","buffer","buffer","buffer",132069379
"buffer","buffer","buffer","buffer","buffer","buffer","buffer","buffer","buffer","buffer",132081383
"buffer","buffer","buffer","buffer","buffer","buffer","buffer","buffer","buffer","buffer",132093255
"buffer","buffer","buffer","buffer","buffer","buffer","buffer","buffer","buffer","buffer",132105482
"buffer","buffer","buffer","buffer","buffer","buffer","buffer","buffer","buffer","buffer",132117619
"buffer","buffer","buffer","buffer","buffer","buffer","buffer","buffer","buffer","buffer",132129511
"buffer","buffer","buffer","buffer","buffer","buffer","buffer","buffer","buffer","buffer",132141589
"buffer","buffer","buffer","buffer","buffer","buffer","buffer","buffer","buffer","buffer",132153540
"buffer","buffer","buffer","buffer","buffer","buffer","buffer","buffer","buffer","buffer",132165615
"buffer","buffer","buffer","buffer","buffer","buffer","buffer","buffer","buffer","buffer",132177720
"buffer","buffer","buffer","buffer","buffer","buffer","buffer","buffer","buffer","buffer",132189749
"buffer","buffer","buffer","buffer","buffer","buffer","buffer","buffer","buffer","buffer",132201715
"buffer","buffer","buffer","buffer","buffer","buffer","buffer","buffer","buffer","buffer",132213921
"buffer","buffer","buffer","buffer","buffer","buffer","buffer","buffer","buffer","buffer",132225907
"buffer","buffer","buffer","buffer","buffer","buffer","buffer","buffer","buffer","buffer",132238080
"buffer","buffer","buffer","buffer","buffer","buffer","buffer","buffer","buffer","buffer",132250082
"buffer","buffer","buffer","buffer","buffer","buffer","buffer","buffer","buffer","buffer",132262044
"buffer","buffer","buffer","buffer","buffer","buffer","buffer","buffer","buffer","buffer",132274195
"buffer","buffer","buffer","buffer","buffer","buffer","buffer","buffer","buffer","buffer",132285981
"buffer","buffer","buffer","buffer","buffer","buffer","buffer","buffer","buffer","buffer",132298264
"buffer","buffer","buffer","buffer","buffer","buffer","buffer","buffer","buffer","buffer",132310257
"buffer","buffer","buffer","buffer","buffer","buffer","buffer","buffer","buffer","buffer",132322362
"buffer","buffer","buffer","buffer","buffer","buffer","buffer","buffer","buffer","buffer",132334296
"buffer","buffer","buffer","buffer","buffer","buffer","buffer","buffer","buffer","buffer",132346453
"buffer","buffer","buffer","buffer","buffer","buffer","buffer","buffer","buffer","buffer",132358316
"buffer","buffer","buffer","buffer","buffer","buffer","buffer","buffer","buffer","buffer",132370532
"buffer","buffer","buffer","buffer","buffer","buffer","buffer","buffer","buffer","buffer",132382287
"buffer","buffer","buffer","buffer","buffer","buffer","buffer","buffer","buffer","buffer",132394355
"buffer","buffer","buffer","buffer","buffer","buffer","buffer","buffer","buffer","buffer",132406562
"buffer","buffer","buffer","buffer","buffer","buffer","buffer","buffer","buffer","buffer",132418727
"buffer","buffer","buffer","buffer","buffer","buffer","buffer","buffer","buffer","buffer",132430651
"buffer","buffer","buffer","buffer","buffer","buffer","buffer","buffer","buffer","buffer",132442815
"buffer","buffer","buffer","buffer","buffer","buffer","buffer","buffer","buffer","buffer",132454832
"buffer","buffer","buffer","buffer","buffer","buffer","buffer","buffer","buffer","buffer",132466821
"buffer","buffer","buffer","buffer","buffer","buffer","buffer","buffer","buffer","buffer",132478874
"buffer","buffer","buffer","buffer","buffer","buffer","buffer","buffer","buffer","buffer",132490807
"buffer","buffer","buffer","buffer","buffer","buffer","buffer","buffer","buffer","buffer",132502913
"buffer","buffer","buffer","buffer","buffer","buffer","buffer","buffer","buffer","buffer",132515047
"buffer","buffer","buffer","buffer","buffer","buffer","buffer","buffer","buffer","buffer",132526949
"buffer","buffer","buffer","buffer","buffer","buffer","buffer","buffer","buffer","buffer",132539182
"buffer","buffer","buffer","buffer","buffer","buffer","buffer","buffer","buffer","buffer",132551247
"buffer","buffer","buffer","buffer","buffer","buffer","buffer","buffer","buffer","buffer",132563251
"buffer","buffer","buffer","buffer","buffer","buffer","buffer","buffer","buffer","buffer",132575297
"buffer","buffer","buffer","buffer","buffer","buffer","buffer","buffer","buffer","buffer",132587271
"buffer","buffer","buffer","buffer","buffer","buffer","buffer","buffer","buffer","buffer",132599276
"buffer","buffer","buffer","buffer","buffer","buffer","buffer","buffer","buffer","buffer",132611224
"buffer","buffer","buffer","buffer","buffer","buffer","buffer","buffer","buffer","buffer",132623577
"buffer","buffer","buffer","buffer","buffer","buffer","buffer","buffer","buffer","buffer",132635576
"buffer","buffer","buffer","buffer","buffer","buffer","buffer","buffer","buffer","buffer",132647693
"buffer","buffer","buffer","buffer","buffer","buffer","buffer","buffer","buffer","buffer",132659692
"buffer","buffer","buffer","buffer","buffer","buffer","buffer","buffer","buffer","buffer",132671497
"buffer","buffer","buffer","buffer","buffer","buffer","buffer","buffer","buffer","buffer",132683604
"buffer","buffer","buffer","buffer","buffer","buffer","buffer","buffer","buffer","buffer",132695704
"buffer","buffer","buffer","buffer","buffer","buffer","buffer","buffer","buffer","buffer",132707771
"buffer","buffer","buffer","buffer","buffer","buffer","buffer","buffer","buffer","buffer",132719863
"buffer","buffer","buffer","buffer","buffer","buffer","buffer","buffer","buffer","buffer",132731823
"buffer","buffer","buffer","buffer","buffer","buffer","buffer","buffer","buffer","buffer",132743783
"buffer","buffer","buffer","buffer","buffer","buffer","buffer","buffer","buffer","buffer",132755857
"buffer","buffer","buffer","buffer","buffer","buffer","buffer","buffer","buffer","buffer",132768134
"buffer","buffer","buffer","buffer","buffer","buffer","buffer","buffer","buffer","buffer",132780028
"buffer","buffer","buffer","buffer","buffer","buffer","buffer","buffer","buffer","buffer",132792174
"buffer","buffer","buffer","buffer","buffer","buffer","buffer","buffer","buffer","buffer",132804200
"buffer","buffer","buffer","buffer","buffer","buffer","buffer","buffer","buffer","buffer",132816051
"buffer","buffer","buffer","buffer","buffer","buffer","buffer","buffer","buffer","buffer",132828345
"buffer","buffer","buffer","buffer","buffer","buffer","buffer","buffer","buffer","buffer",132840121
"buffer","buffer","buffer","buffer","buffer","buffer","buffer","buffer","buffer","buffer",132852198
"buffer","buffer","buffer","buffer","buffer","buffer","buffer","buffer","buffer","buffer",132864352
"buffer","buffer","buffer","buffer","buffer","buffer","buffer","buffer","buffer","buffer",132876241
"buffer","buffer","buffer","buffer","buffer","buffer","buffer","buffer","buffer","buffer",132888374
"buffer","buffer","buffer","buffer","buffer","buffer","buffer","buffer","buffer","buffer",132900380
"buffer","buffer","buffer","buffer","buffer","buffer","buffer","buffer","buffer","buffer",132912576
"buffer","buffer","buffer","buffer","buffer","buffer","buffer","buffer","buffer","buffer",132924624
"buffer","buffer","buffer","buffer","buffer","buffer","buffer","buffer","buffer","buffer",132936502
"buffer","buffer","buffer","buffer","buffer","buffer","buffer","buffer","buffer","buffer",132948783
"buffer","buffer","buffer","buffer","buffer","buffer","buffer","buffer","buffer","buffer",132960427
"buffer","buffer","buffer","buffer","buffer","buffer","buffer","buffer","buffer","buffer",132972723
"buffer","buffer","buffer","buffer","buffer","buffer","buffer","buffer","buffer","buffer",132984596
"buffer","buffer","buffer","buffer","buffer","buffer","buffer","buffer","buffer","buffer",132996853
"buffer","buffer","buffer","buffer","buffer","buffer","buffer","buffer","buffer","buffer",133008751
"buffer","buffer","buffer","buffer","buffer","buffer","buffer","buffer","buffer","buffer",133021060
"buffer","buffer","buffer","buffer","buffer","buffer","buffer","buffer","buffer","buffer",133032993
"buffer","buffer","buffer","buffer","buffer","buffer","buffer","buffer","buffer","buffer",133044883
"buffer","buffer","buffer","buffer","buffer","buffer","buffer","buffer","buffer","buffer",133057070
"buffer","buffer","buffer","buffer","buffer","buffer","buffer","buffer","buffer","buffer",133069193
"buffer","buffer","buffer","buffer","buffer","buffer","buffer","buffer","buffer","buffer",133080983
"buffer","buffer","buffer","buffer","buffer","buffer","buffer","buffer","buffer","buffer",133093283
"buffer","buffer","buffer","buffer","buffer","buffer","buffer","buffer","buffer","buffer",133105429
"buffer","buffer","buffer","buffer","buffer","buffer","buffer","buffer","buffer","buffer",133117370
"buffer","buffer","buffer","buffer","buffer","buffer","buffer","buffer","buffer","buffer",133129334
"buffer","buffer","buffer","buffer","buffer","buffer","buffer","buffer","buffer","buffer",133141362
"buffer","buffer","buffer","buffer","buffer","buffer","buffer","buffer","buffer","buffer",133153354
"buffer","buffer","buffer","buffer","buffer","buffer","buffer","buffer","buffer","buffer",133165503
"buffer","buffer","buffer","buffer","buffer","buffer","buffer","buffer","buffer","buffer",133177590
"buffer","buffer","buffer","buffer","buffer","buffer","buffer","buffer","buffer","buffer",133189670
"buffer","buffer","buffer","buffer","buffer","buffer","buffer","buffer","buffer","buffer",133201557
"buffer","buffer","buffer","buffer","buffer","buffer","buffer","buffer","buffer","buffer",133213623
"buffer","buffer","buffer","buffer","buffer","buffer","buffer","buffer","buffer","buffer",133225700
"buffer","buffer","buffer","buffer","buffer","buffer","buffer","buffer","buffer","buffer",133237833
"buffer","buffer","buffer","buffer","buffer","buffer","buffer","buffer","buffer","buffer",133249826
"buffer","buffer","buffer","buffer","buffer","buffer","buffer","buffer","buffer","buffer",133261850
"buffer","buffer","buffer","buffer","buffer","buffer","buffer","buffer","buffer","buffer",133273873
"buffer","buffer","buffer","buffer","buffer","buffer","buffer","buffer","buffer","buffer",133285898
"buffer","buffer","buffer","buffer","buffer","buffer","buffer","buffer","buffer","buffer",133297796
"buffer","buffer","buffer","buffer","buffer","buffer","buffer","buffer","buffer","buffer",133310135
"buffer","buffer","buffer","buffer","buffer","buffer","buffer","buffer","buffer","buffer",133322156
"buffer","buffer","buffer","buffer","buffer","buffer","buffer","buffer","buffer","buffer",133334136
"buffer","buffer","buffer","buffer","buffer","buffer","buffer","buffer","buffer","buffer",133345990
"buffer","buffer","buffer","buffer","buffer","buffer","buffer","buffer","buffer","buffer",133358077
"buffer","buffer","buffer","buffer","buffer","buffer","buffer","buffer","buffer","buffer",133370232
"buffer","buffer","buffer","buffer","buffer","buffer","buffer","buffer","buffer","buffer",133382249
"buffer","buffer","buffer","buffer","buffer","buffer","buffer","buffer","buffer","buffer",133394419
"buffer","buffer","buffer","buffer","buffer","buffer","buffer","buffer","buffer","buffer",133406231
"buffer","buffer","buffer","buffer","buffer","buffer","buffer","buffer","buffer","buffer",133418367
"buffer","buffer","buffer","buffer","buffer","buffer","buffer","buffer","buffer","buffer",133430617
"buffer","buffer","buffer","buffer","buffer","buffer","buffer","buffer","buffer","buffer",133442420
"buffer","buffer","buffer","buffer","buffer","buffer","buffer","buffer","buffer","buffer",133454594
"buffer","buffer","buffer","buffer","buffer","buffer","buffer","buffer","buffer","buffer",133466566
"buffer","buffer","buffer","buffer","buffer","buffer","buffer","buffer","buffer","buffer",133478726
"buffer","buffer","buffer","buffer","buffer","buffer","buffer","buffer","buffer","buffer",133490744
"buffer","buffer","buffer","buffer","buffer","buffer","buffer","buffer","buffer","buffer",133502761
"buffer","buffer","buffer","buffer","buffer","buffer","buffer","buffer","buffer","buffer",133514829
"buffer","buffer","buffer","buffer","buffer","buffer","buffer","buffer","buffer","buffer",133526872
"buffer","buffer","buffer","buffer","buffer","buffer","buffer","buffer","buffer","buffer",133538941
"buffer","buffer","buffer","buffer","buffer","buffer","buffer","buffer","buffer","buffer",133550913
"buffer","buffer","buffer","buffer","buffer","buffer","buffer","buffer","buffer","buffer",133563042
"buffer","buffer","buffer","buffer","buffer","buffer","buffer","buffer","buffer","buffer",133574878
"buffer","buffer","buffer","buffer","buffer","buffer","buffer","buffer","buffer","buffer",133587206
"buffer","buffer","buffer","buffer","buffer","buffer","buffer","buffer","buffer","buffer",133599066
"buffer","buffer","buffer","buffer","buffer","buffer","buffer","buffer","buffer","buffer",133611068
"buffer","buffer","buffer","buffer","buffer","buffer","buffer","buffer","buffer","buffer",133623286
"buffer","buffer","buffer","buffer","buffer","buffer","buffer","buffer","buffer","buffer",133635162
"buffer","buffer","buffer","buffer","buffer","buffer","buffer","buffer","buffer","buffer",133647252
"buffer","buffer","buffer","buffer","buffer","buffer","buffer","buffer","buffer","buffer",133659238
"buffer","buffer","buffer","buffer","buffer","buffer","buffer","buffer","buffer","buffer",133671347
"buffer","buffer","buffer","buffer","buffer","buffer","buffer","buffer","buffer","buffer",133683782
"buffer","buffer","buffer","buffer","buffer","buffer","buffer","buffer","buffer","buffer",133695596
"buffer","buffer","buffer","buffer","buffer","buffer","buffer","buffer","buffer","buffer",133707326
"buffer","buffer","buffer","buffer","buffer","buffer","buffer","buffer","buffer","buffer",133719631
"buffer","buffer","buffer","buffer","buffer","buffer","buffer","buffer","buffer","buffer",133731772
"buffer","buffer","buffer","buffer","buffer","buffer","buffer","buffer","buffer","buffer",133743704
"buffer","buffer","buffer","buffer","buffer","buffer","buffer","buffer","buffer","buffer",133755541
"buffer","buffer","buffer","buffer","buffer","buffer","buffer","buffer","buffer","buffer",133767574
"buffer","buffer","buffer","buffer","buffer","buffer","buffer","buffer","buffer","buffer",133779949
"buffer","buffer","buffer","buffer","buffer","buffer","buffer","buffer","buffer","buffer",133791741
"buffer","buffer","buffer","buffer","buffer","buffer","buffer","buffer","buffer","buffer",133803991
"buffer","buffer","buffer","buffer","buffer","buffer","buffer","buffer","buffer","buffer",133816117
"buffer","buffer","buffer","buffer","buffer","buffer","buffer","buffer","buffer","buffer",133827854
"buffer","buffer","buffer","buffer","buffer","buffer","buffer","buffer","buffer","buffer",133840140
"buffer","buffer","buffer","buffer","buffer","buffer","buffer","buffer","buffer","buffer",133852167
"buffer","buffer","buffer","buffer","buffer","buffer","buffer","buffer","buffer","buffer",133864102
"buffer","buffer","buffer","buffer","buffer","buffer","buffer","buffer","buffer","buffer",133876170
"buffer","buffer","buffer","buffer","buffer","buffer","buffer","buffer","buffer","buffer",133888197
"buffer","buffer","buffer","buffer","buffer","buffer","buffer","buffer","buffer","buffer",133900209
"buffer","buffer","buffer","buffer","buffer","buffer","buffer","buffer","buffer","buffer",133912377
"buffer","buffer","buffer","buffer","buffer","buffer","buffer","buffer","buffer","buffer",133924281
"buffer","buffer","buffer","buffer","buffer","buffer","buffer","buffer","buffer","buffer",133936438
"buffer","buffer","buffer","buffer","buffer","buffer","buffer","buffer","buffer","buffer",133948465
"buffer","buffer","buffer","buffer","buffer","buffer","buffer","buffer","buffer","buffer",133960502
"buffer","buffer","buffer","buffer","buffer","buffer","buffer","buffer","buffer","buffer",133972506
"buffer","buffer","buffer","buffer","buffer","buffer","buffer","buffer","buffer","buffer",133984599
"buffer","buffer","buffer","buffer","buffer","buffer","buffer","buffer","buffer","buffer",133996626
"buffer","buffer","buffer","buffer","buffer","buffer","buffer","buffer","buffer","buffer",134008593
"buffer","buffer","buffer","buffer","buffer","buffer","buffer","buffer","buffer","buffer",134020950
"buffer","buffer","buffer","buffer","buffer","buffer","buffer","buffer","buffer","buffer",134032789
"buffer","buffer","buffer","buffer","buffer","buffer","buffer","buffer","buffer","buffer",134044798
"buffer","buffer","buffer","buffer","buffer","buffer","buffer","buffer","buffer","buffer",134056749
"buffer","buffer","buffer","buffer","buffer","buffer","buffer","buffer","buffer","buffer",134068955
"buffer","buffer","buffer","buffer","buffer","buffer","buffer","buffer","buffer","buffer",134081082
"buffer","buffer","buffer","buffer","buffer","buffer","buffer","buffer","buffer","buffer",134092992
"buffer","buffer","buffer","buffer","buffer","buffer","buffer","buffer","buffer","buffer",134104953
"buffer","buffer","buffer","buffer","buffer","buffer","buffer","buffer","buffer","buffer",134116958
"buffer","buffer","buffer","buffer","buffer","buffer","buffer","buffer","buffer","buffer",134128974
"buffer","buffer","buffer","buffer","buffer","buffer","buffer","buffer","buffer","buffer",134141131
"buffer","buffer","buffer","buffer","buffer","buffer","buffer","buffer","buffer","buffer",134153230
"buffer","buffer","buffer","buffer","buffer","buffer","buffer","buffer","buffer","buffer",134165275
"buffer","buffer","buffer","buffer","buffer","buffer","buffer","buffer","buffer","buffer",134177439
"buffer","buffer","buffer","buffer","buffer","buffer","buffer","buffer","buffer","buffer",134189402
"buffer","buffer","buffer","buffer","buffer","buffer","buffer","buffer","buffer","buffer",134201436
"buffer","buffer","buffer","buffer","buffer","buffer","buffer","buffer","buffer","buffer",134213357
"buffer","buffer","buffer","buffer","buffer","buffer","buffer","buffer","buffer","buffer",134225436
"buffer","buffer","buffer","buffer","buffer","buffer","buffer","buffer","buffer","buffer",134237566
"buffer","buffer","buffer","buffer","buffer","buffer","buffer","buffer","buffer","buffer",134249614
"buffer","buffer","buffer","buffer","buffer","buffer","buffer","buffer","buffer","buffer",134261613
"buffer","buffer","buffer","buffer","buffer","buffer","buffer","buffer","buffer","buffer",134273894
"buffer","buffer","buffer","buffer","buffer","buffer","buffer","buffer","buffer","buffer",134285688
"buffer","buffer","buffer","buffer","buffer","buffer","buffer","buffer","buffer","buffer",134297730
"buffer","buffer","buffer","buffer","buffer","buffer","buffer","buffer","buffer","buffer",134309765
"buffer","buffer","buffer","buffer","buffer","buffer","buffer","buffer","buffer","buffer",134321676
"buffer","buffer","buffer","buffer","buffer","buffer","buffer","buffer","buffer","buffer",134333728
"buffer","buffer","buffer","buffer","buffer","buffer","buffer","buffer","buffer","buffer",134345955
"buffer","buffer","buffer","buffer","buffer","buffer","buffer","buffer","buffer","buffer",134358039
"buffer","buffer","buffer","buffer","buffer","buffer","buffer","buffer","buffer","buffer",134369970
"buffer","buffer","buffer","buffer","buffer","buffer","buffer","buffer","buffer","buffer",134381979
"buffer","buffer","buffer","buffer","buffer","buffer","buffer","buffer","buffer","buffer",134394147
"buffer","buffer","buffer","buffer","buffer","buffer","buffer","buffer","buffer","buffer",134406201
"buffer","buffer","buffer","buffer","buffer","buffer","buffer","buffer","buffer","buffer",134418161
"buffer","buffer","buffer","buffer","buffer","buffer","buffer","buffer","buffer","buffer",134430264
"buffer","buffer","buffer","buffer","buffer","buffer","buffer","buffer","buffer","buffer",134442370
"buffer","buffer","buffer","buffer","buffer","buffer","buffer","buffer","buffer","buffer",134454295
"buffer","buffer","buffer","buffer","buffer","buffer","buffer","buffer","buffer","buffer",134466605
"buffer","buffer","buffer","buffer","buffer","buffer","buffer","buffer","buffer","buffer",134478441
"buffer","buffer","buffer","buffer","buffer","buffer","buffer","buffer","buffer","buffer",134490420
"buffer","buffer","buffer","buffer","buffer","buffer","buffer","buffer","buffer","buffer",134502667
"buffer","buffer","buffer","buffer","buffer","buffer","buffer","buffer","buffer","buffer",134514497
"buffer","buffer","buffer","buffer","buffer","buffer","buffer","buffer","buffer","buffer",134526609
"buffer","buffer","buffer","buffer","buffer","buffer","buffer","buffer","buffer","buffer",134538794
"buffer","buffer","buffer","buffer","buffer","buffer","buffer","buffer","buffer","buffer",134550658
"buffer","buffer","buffer","buffer","buffer","buffer","buffer","buffer","buffer","buffer",134562770
"buffer","buffer","buffer","buffer","buffer","buffer","buffer","buffer","buffer","buffer",134574845
"buffer","buffer","buffer","buffer","buffer","buffer","buffer","buffer","buffer","buffer",134586907
"buffer","buffer","buffer","buffer","buffer","buffer","buffer","buffer","buffer","buffer",134598844
"buffer","buffer","buffer","buffer","buffer","buffer","buffer","buffer","buffer","buffer",134611067
"buffer","buffer","buffer","buffer","buffer","buffer","buffer","buffer","buffer","buffer",134623078
"buffer","buffer","buffer","buffer","buffer","buffer","buffer","buffer","buffer","buffer",134634920
"buffer","buffer","buffer","buffer","buffer","buffer","buffer","buffer","buffer","buffer",134647011
"buffer","buffer","buffer","buffer","buffer","buffer","buffer","buffer","buffer","buffer",134659181
"buffer","buffer","buffer","buffer","buffer","buffer","buffer","buffer","buffer","buffer",134671225
"buffer","buffer","buffer","buffer","buffer","buffer","buffer","buffer","buffer","buffer",134683056
"buffer","buffer","buffer","buffer","buffer","buffer","buffer","buffer","buffer","buffer",134695259
"buffer","buffer","buffer","buffer","buffer","buffer","buffer","buffer","buffer","buffer",134707321
"buffer","buffer","buffer","buffer","buffer","buffer","buffer","buffer","buffer","buffer",134719422
"buffer","buffer","buffer","buffer","buffer","buffer","buffer","buffer","buffer","buffer",134731271
"buffer","buffer","buffer","buffer","buffer","buffer","buffer","buffer","buffer","buffer",134743439
"buffer","buffer","buffer","buffer","buffer","buffer","buffer","buffer","buffer","buffer",134755737
"buffer","buffer","buffer","buffer","buffer","buffer","buffer","buffer","buffer","buffer",134767481
"buffer","buffer","buffer","buffer","buffer","buffer","buffer","buffer","buffer","buffer",134779535
"buffer","buffer","buffer","buffer","buffer","buffer","buffer","buffer","buffer","buffer",134791597
"buffer","buffer","buffer","buffer","buffer","buffer","buffer","buffer","buffer","buffer",134803622
"buffer","buffer","buffer","buffer","buffer","buffer","buffer","buffer","buffer","buffer",134815762
"buffer","buffer","buffer","buffer","buffer","buffer","buffer","buffer","buffer","buffer",134827768
"buffer","buffer","buffer","buffer","buffer","buffer","buffer","buffer","buffer","buffer",134839799
"buffer","buffer","buffer","buffer","buffer","buffer","buffer","buffer","buffer","buffer",134851942
"buffer","buffer","buffer","buffer","buffer","buffer","buffer","buffer","buffer","buffer",134863915
"buffer","buffer","buffer","buffer","buffer","buffer","buffer","buffer","buffer","buffer",134875846
"buffer","buffer","buffer","buffer","buffer","buffer","buffer","buffer","buffer","buffer",134888018
"buffer","buffer","buffer","buffer","buffer","buffer","buffer","buffer","buffer","buffer",134899976
"buffer","buffer","buffer","buffer","buffer","buffer","buffer","buffer","buffer","buffer",134911921
"buffer","buffer","buffer","buffer","buffer","buffer","buffer","buffer","buffer","buffer",134924342
"buffer","buffer","buffer","buffer","buffer","buffer","buffer","buffer","buffer","buffer",134936057
"buffer","buffer","buffer","buffer","buffer","buffer","buffer","buffer","buffer","buffer",134948088
"buffer","buffer","buffer","buffer","buffer","buffer","buffer","buffer","buffer","buffer",134960340
"buffer","buffer","buffer","buffer","buffer","buffer","buffer","buffer","buffer","buffer",134972148
"buffer","buffer","buffer","buffer","buffer","buffer","buffer","buffer","buffer","buffer",134984442
"buffer","buffer","buffer","buffer","buffer","buffer","buffer","buffer","buffer","buffer",134996398
"buffer","buffer","buffer","buffer","buffer","buffer","buffer","buffer","buffer","buffer",135008475
"buffer","buffer","buffer","buffer","buffer","buffer","buffer","buffer","buffer","buffer",135020389
"buffer","buffer","buffer","buffer","buffer","buffer","buffer","buffer","buffer","buffer",135032701
"buffer","buffer","buffer","buffer","buffer","buffer","buffer","buffer","buffer","buffer",135044610
"buffer","buffer","buffer","buffer","buffer","buffer","buffer","buffer","buffer","buffer",135056632
"buffer","buffer","buffer","buffer","buffer","buffer","buffer","buffer","buffer","buffer",135068718
"buffer","buffer","buffer","buffer","buffer","buffer","buffer","buffer","buffer","buffer",135080806
"buffer","buffer","buffer","buffer","buffer","buffer","buffer","buffer","buffer","buffer",135092943
"buffer","buffer","buffer","buffer","buffer","buffer","buffer","buffer","buffer","buffer",135104803
"buffer","buffer","buffer","buffer","buffer","buffer","buffer","buffer","buffer","buffer",135116809
"buffer","buffer","buffer","buffer","buffer","buffer","buffer","buffer","buffer","buffer",135129051
"buffer","buffer","buffer","buffer","buffer","buffer","buffer","buffer","buffer","buffer",135140953
"buffer","buffer","buffer","buffer","buffer","buffer","buffer","buffer","buffer","buffer",135153090
"buffer","buffer","buffer","buffer","buffer","buffer","buffer","buffer","buffer","buffer",135165120
"buffer","buffer","buffer","buffer","buffer","buffer","buffer","buffer","buffer","buffer",135177297
"buffer","buffer","buffer","buffer","buffer","buffer","buffer","buffer","buffer","buffer",135188854
"buffer","buffer","buffer","buffer","buffer","buffer","buffer","buffer","buffer","buffer",135201216
"buffer","buffer","buffer","buffer","buffer","buffer","buffer","buffer","buffer","buffer",135213309
"buffer","buffer","buffer","buffer","buffer","buffer","buffer","buffer","buffer","buffer",135225558
"buffer","buffer","buffer","buffer","buffer","buffer","buffer","buffer","buffer","buffer",135237511
"buffer","buffer","buffer","buffer","buffer","buffer","buffer","buffer","buffer","buffer",135249475
"buffer","buffer","buffer","buffer","buffer","buffer","buffer","buffer","buffer","buffer",135261345
"buffer","buffer","buffer","buffer","buffer","buffer","buffer","buffer","buffer","buffer",135273437
"buffer","buffer","buffer","buffer","buffer","buffer","buffer","buffer","buffer","buffer",135285518
"buffer","buffer","buffer","buffer","buffer","buffer","buffer","buffer","buffer","buffer",135297599
"buffer","buffer","buffer","buffer","buffer","buffer","buffer","buffer","buffer","buffer",135309735
"buffer","buffer","buffer","buffer","buffer","buffer","buffer","buffer","buffer","buffer",135321892
"buffer","buffer","buffer","buffer","buffer","buffer","buffer","buffer","buffer","buffer",135333703
"buffer","buffer","buffer","buffer","buffer","buffer","buffer","buffer","buffer","buffer",135345697
"buffer","buffer","buffer","buffer","buffer","buffer","buffer","buffer","buffer","buffer",135357702
"buffer","buffer","buffer","buffer","buffer","buffer","buffer","buffer","buffer","buffer",135369712
"buffer","buffer","buffer","buffer","buffer","buffer","buffer","buffer","buffer","buffer",135381972
"buffer","buffer","buffer","buffer","buffer","buffer","buffer","buffer","buffer","buffer",135393862
"buffer","buffer","buffer","buffer","buffer","buffer","buffer","buffer","buffer","buffer",135406053
"buffer","buffer","buffer","buffer","buffer","buffer","buffer","buffer","buffer","buffer",135417995
"buffer","buffer","buffer","buffer","buffer","buffer","buffer","buffer","buffer","buffer",135430037
"buffer","buffer","buffer","buffer","buffer","buffer","buffer","buffer","buffer","buffer",135442259
"buffer","buffer","buffer","buffer","buffer","buffer","buffer","buffer","buffer","buffer",135454172
"buffer","buffer","buffer","buffer","buffer","buffer","buffer","buffer","buffer","buffer",135465871
"buffer","buffer","buffer","buffer","buffer","buffer","buffer","buffer","buffer","buffer",135478191
"buffer","buffer","buffer","buffer","buffer","buffer","buffer","buffer","buffer","buffer",135490254
"buffer","buffer","buffer","buffer","buffer","buffer","buffer","buffer","buffer","buffer",135502461
"buffer","buffer","buffer","buffer","buffer","buffer","buffer","buffer","buffer","buffer",135514435
"buffer","buffer","buffer","buffer","buffer","buffer","buffer","buffer","buffer","buffer",135526588
"buffer","buffer","buffer","buffer","buffer","buffer","buffer","buffer","buffer","buffer",135538561
"buffer","buffer","buffer","buffer","buffer","buffer","buffer","buffer","buffer","buffer",135550415
"buffer","buffer","buffer","buffer","buffer","buffer","buffer","buffer","buffer","buffer",135562466
"buffer","buffer","buffer","buffer","buffer","buffer","buffer","buffer","buffer","buffer",135574728
"buffer","buffer","buffer","buffer","buffer","buffer","buffer","buffer","buffer","buffer",135586550
"buffer","buffer","buffer","buffer","buffer","buffer","buffer","buffer","buffer","buffer",135598587
"buffer","buffer","buffer","buffer","buffer","buffer","buffer","buffer","buffer","buffer",135610708
"buffer","buffer","buffer","buffer","buffer","buffer","buffer","buffer","buffer","buffer",135622744
"buffer","buffer","buffer","buffer","buffer","buffer","buffer","buffer","buffer","buffer",135634796
"buffer","buffer","buffer","buffer","buffer","buffer","buffer","buffer","buffer","buffer",135646826
"buffer","buffer","buffer","buffer","buffer","buffer","buffer","buffer","buffer","buffer",135658809
"buffer","buffer","buffer","buffer","buffer","buffer","buffer","buffer","buffer","buffer",135670991
"buffer","buffer","buffer","buffer","buffer","buffer","buffer","buffer","buffer","buffer",135682982
"buffer","buffer","buffer","buffer","buffer","buffer","buffer","buffer","buffer","buffer",135695082
"buffer","buffer","buffer","buffer","buffer","buffer","buffer","buffer","buffer","buffer",135707073
"buffer","buffer","buffer","buffer","buffer","buffer","buffer","buffer","buffer","buffer",135719227
"buffer","buffer","buffer","buffer","buffer","buffer","buffer","buffer","buffer","buffer",135731228
"buffer","buffer","buffer","buffer","buffer","buffer","buffer","buffer","buffer","buffer",135743192
"buffer","buffer","buffer","buffer","buffer","buffer","buffer","buffer","buffer","buffer",135755359
"buffer","buffer","buffer","buffer","buffer","buffer","buffer","buffer","buffer","buffer",135767284
"buffer","buffer","buffer","buffer","buffer","buffer","buffer","buffer","buffer","buffer",135779584
"buffer","buffer","buffer","buffer","buffer","buffer","buffer","buffer","buffer","buffer",135791357
"buffer","buffer","buffer","buffer","buffer","buffer","buffer","buffer","buffer","buffer",135803457
"buffer","buffer","buffer","buffer","buffer","buffer","buffer","buffer","buffer","buffer",135815462
"buffer","buffer","buffer","buffer","buffer","buffer","buffer","buffer","buffer","buffer",135827469
"buffer","buffer","buffer","buffer","buffer","buffer","buffer","buffer","buffer","buffer",135839660
"buffer","buffer","buffer","buffer","buffer","buffer","buffer","buffer","buffer","buffer",135851616
"buffer","buffer","buffer","buffer","buffer","buffer","buffer","buffer","buffer","buffer",135863729
"buffer","buffer","buffer","buffer","buffer","buffer","buffer","buffer","buffer","buffer",135875870
"buffer","buffer","buffer","buffer","buffer","buffer","buffer","buffer","buffer","buffer",135887827
"buffer","buffer","buffer","buffer","buffer","buffer","buffer","buffer","buffer","buffer",135899965
"buffer","buffer","buffer","buffer","buffer","buffer","buffer","buffer","buffer","buffer",135912023
"buffer","buffer","buffer","buffer","buffer","buffer","buffer","buffer","buffer","buffer",135923923
"buffer","buffer","buffer","buffer","buffer","buffer","buffer","buffer","buffer","buffer",135935965
"buffer","buffer","buffer","buffer","buffer","buffer","buffer","buffer","buffer","buffer",135948020
"buffer","buffer","buffer","buffer","buffer","buffer","buffer","buffer","buffer","buffer",135960036
"buffer","buffer","buffer","buffer","buffer","buffer","buffer","buffer","buffer","buffer",135972102
"buffer","buffer","buffer","buffer","buffer","buffer","buffer","buffer","buffer","buffer",135984120
"buffer","buffer","buffer","buffer","buffer","buffer","buffer","buffer","buffer","buffer",135996140
"buffer","buffer","buffer","buffer","buffer","buffer","buffer","buffer","buffer","buffer",136008336
"buffer","buffer","buffer","buffer","buffer","buffer","buffer","buffer","buffer","buffer",136020285
"buffer","buffer","buffer","buffer","buffer","buffer","buffer","buffer","buffer","buffer",136032313
"buffer","buffer","buffer","buffer","buffer","buffer","buffer","buffer","buffer","buffer",136044466
"buffer","buffer","buffer","buffer","buffer","buffer","buffer","buffer","buffer","buffer",136056449
"buffer","buffer","buffer","buffer","buffer","buffer","buffer","buffer","buffer","buffer",136068595
"buffer","buffer","buffer","buffer","buffer","buffer","buffer","buffer","buffer","buffer",136080540
"buffer","buffer","buffer","buffer","buffer","buffer","buffer","buffer","buffer","buffer",136092391
"buffer","buffer","buffer","buffer","buffer","buffer","buffer","buffer","buffer","buffer",136104674
"buffer","buffer","buffer","buffer","buffer","buffer","buffer","buffer","buffer","buffer",136116719
"buffer","buffer","buffer","buffer","buffer","buffer","buffer","buffer","buffer","buffer",136128677
"buffer","buffer","buffer","buffer","buffer","buffer","buffer","buffer","buffer","buffer",136140760
"buffer","buffer","buffer","buffer","buffer","buffer","buffer","buffer","buffer","buffer",136152809
"buffer","buffer","buffer","buffer","buffer","buffer","buffer","buffer","buffer","buffer",136164852
"buffer","buffer","buffer","buffer","buffer","buffer","buffer","buffer","buffer","buffer",136176978
"buffer","buffer","buffer","buffer","buffer","buffer","buffer","buffer","buffer","buffer",136189177
"buffer","buffer","buffer","buffer","buffer","buffer","buffer","buffer","buffer","buffer",136200941
"buffer","buffer","buffer","buffer","buffer","buffer","buffer","buffer","buffer","buffer",136213141
"buffer","buffer","buffer","buffer","buffer","buffer","buffer","buffer","buffer","buffer",136224904
"buffer","buffer","buffer","buffer","buffer","buffer","buffer","buffer","buffer","buffer",136237156
"buffer","buffer","buffer","buffer","buffer","buffer","buffer","buffer","buffer","buffer",136249185
"buffer","buffer","buffer","buffer","buffer","buffer","buffer","buffer","buffer","buffer",136261344
"buffer","buffer","buffer","buffer","buffer","buffer","buffer","buffer","buffer","buffer",136273157
"buffer","buffer","buffer","buffer","buffer","buffer","buffer","buffer","buffer","buffer",136285166
"buffer","buffer","buffer","buffer","buffer","buffer","buffer","buffer","buffer","buffer",136297289
"buffer","buffer","buffer","buffer","buffer","buffer","buffer","buffer","buffer","buffer",136309143
"buffer","buffer","buffer","buffer","buffer","buffer","buffer","buffer","buffer","buffer",136321560
"buffer","buffer","buffer","buffer","buffer","buffer","buffer","buffer","buffer","buffer",136333513
"buffer","buffer","buffer","buffer","buffer","buffer","buffer","buffer","buffer","buffer",136345434
"buffer","buffer","buffer","buffer","buffer","buffer","buffer","buffer","buffer","buffer",136357562
"buffer","buffer","buffer","buffer","buffer","buffer","buffer","buffer","buffer","buffer",136369608
"buffer","buffer","buffer","buffer","buffer","buffer","buffer","buffer","buffer","buffer",136381728
"buffer","buffer","buffer","buffer","buffer","buffer","buffer","buffer","buffer","buffer",136393672
"buffer","buffer","buffer","buffer","buffer","buffer","buffer","buffer","buffer","buffer",136405924
"buffer","buffer","buffer","buffer","buffer","buffer","buffer","buffer","buffer","buffer",136417704
"buffer","buffer","buffer","buffer","buffer","buffer","buffer","buffer","buffer","buffer",136429774
"buffer","buffer","buffer","buffer","buffer","buffer","buffer","buffer","buffer","buffer",136441866
"buffer","buffer","buffer","buffer","buffer","buffer","buffer","buffer","buffer","buffer",136453897
"buffer","buffer","buffer","buffer","buffer","buffer","buffer","buffer","buffer","buffer",136465918
"buffer","buffer","buffer","buffer","buffer","buffer","buffer","buffer","buffer","buffer",136478037
"buffer","buffer","buffer","buffer","buffer","buffer","buffer","buffer","buffer","buffer",136490290
"buffer","buffer","buffer","buffer","buffer","buffer","buffer","buffer","buffer","buffer",136502051
"buffer","buffer","buffer","buffer","buffer","buffer","buffer","buffer","buffer","buffer",136514075
"buffer","buffer","buffer","buffer","buffer","buffer","buffer","buffer","buffer","buffer",136526392
"buffer","buffer","buffer","buffer","buffer","buffer","buffer","buffer","buffer","buffer",136538063
"buffer","buffer","buffer","buffer","buffer","buffer","buffer","buffer","buffer","buffer",136550497
"buffer","buffer","buffer","buffer","buffer","buffer","buffer","buffer","buffer","buffer",136562492
"buffer","buffer","buffer","buffer","buffer","buffer","buffer","buffer","buffer","buffer",136574251
"buffer","buffer","buffer","buffer","buffer","buffer","buffer","buffer","buffer","buffer",136586240
"buffer","buffer","buffer","buffer","buffer","buffer","buffer","buffer","buffer","buffer",136598610
"buffer","buffer","buffer","buffer","buffer","buffer","buffer","buffer","buffer","buffer",136610540
"buffer","buffer","buffer","buffer","buffer","buffer","buffer","buffer","buffer","buffer",136622562
"buffer","buffer","buffer","buffer","buffer","buffer","buffer","buffer","buffer","buffer",136634659
"buffer","buffer","buffer","buffer","buffer","buffer","buffer","buffer","buffer","buffer",136646683
"buffer","buffer","buffer","buffer","buffer","buffer","buffer","buffer","buffer","buffer",136658734
"buffer","buffer","buffer","buffer","buffer","buffer","buffer","buffer","buffer","buffer",136670856
"buffer","buffer","buffer","buffer","buffer","buffer","buffer","buffer","buffer","buffer",136682804
"buffer","buffer","buffer","buffer","buffer","buffer","buffer","buffer","buffer","buffer",136694888
"buffer","buffer","buffer","buffer","buffer","buffer","buffer","buffer","buffer","buffer",136706915
"buffer","buffer","buffer","buffer","buffer","buffer","buffer","buffer","buffer","buffer",136718862
"buffer","buffer","buffer","buffer","buffer","buffer","buffer","buffer","buffer","buffer",136730983
"buffer","buffer","buffer","buffer","buffer","buffer","buffer","buffer","buffer","buffer",136743026
"buffer","buffer","buffer","buffer","buffer","buffer","buffer","buffer","buffer","buffer",136755270
"buffer","buffer","buffer","buffer","buffer","buffer","buffer","buffer","buffer","buffer",136767116
"buffer","buffer","buffer","buffer","buffer","buffer","buffer","buffer","buffer","buffer",136779132
"buffer","buffer","buffer","buffer","buffer","buffer","buffer","buffer","buffer","buffer",136791205
"buffer","buffer","buffer","buffer","buffer","buffer","buffer","buffer","buffer","buffer",136803299
"buffer","buffer","buffer","buffer","buffer","buffer","buffer","buffer","buffer","buffer",136815275
"buffer","buffer","buffer","buffer","buffer","buffer","buffer","buffer","buffer","buffer",136827329
"buffer","buffer","buffer","buffer","buffer","buffer","buffer","buffer","buffer","buffer",136839434
"buffer","buffer","buffer","buffer","buffer","buffer","buffer","buffer","buffer","buffer",136851406
"buffer","buffer","buffer","buffer","buffer","buffer","buffer","buffer","buffer","buffer",136863602
"buffer","buffer","buffer","buffer","buffer","buffer","buffer","buffer","buffer","buffer",136875419
"buffer","buffer","buffer","buffer","buffer","buffer","buffer","buffer","buffer","buffer",136887667
"buffer","buffer","buffer","buffer","buffer","buffer","buffer","buffer","buffer","buffer",136899546
"buffer","buffer","buffer","buffer","buffer","buffer","buffer","buffer","buffer","buffer",136911787
"buffer","buffer","buffer","buffer","buffer","buffer","buffer","buffer","buffer","buffer",136923895
"buffer","buffer","buffer","buffer","buffer","buffer","buffer","buffer","buffer","buffer",136935640
"buffer","buffer","buffer","buffer","buffer","buffer","buffer","buffer","buffer","buffer",136947782
"buffer","buffer","buffer","buffer","buffer","buffer","buffer","buffer","buffer","buffer",136959817
"buffer","buffer","buffer","buffer","buffer","buffer","buffer","buffer","buffer","buffer",136971943
"buffer","buffer","buffer","buffer","buffer","buffer","buffer","buffer","buffer","buffer",136983970
"buffer","buffer","buffer","buffer","buffer","buffer","buffer","buffer","buffer","buffer",136996148
"buffer","buffer","buffer","buffer","buffer","buffer","buffer","buffer","buffer","buffer",137007976
"buffer","buffer","buffer","buffer","buffer","buffer","buffer","buffer","buffer","buffer",137020040
"buffer","buffer","buffer","buffer","buffer","buffer","buffer","buffer","buffer","buffer",137032170
"buffer","buffer","buffer","buffer","buffer","buffer","buffer","buffer","buffer","buffer",137044288
"buffer","buffer","buffer","buffer","buffer","buffer","buffer","buffer","buffer","buffer",137056329
"buffer","buffer","buffer","buffer","buffer","buffer","buffer","buffer","buffer","buffer",137068279
"buffer","buffer","buffer","buffer","buffer","buffer","buffer","buffer","buffer","buffer",137080200
"buffer","buffer","buffer","buffer","buffer","buffer","buffer","buffer","buffer","buffer",137092286
"buffer","buffer","buffer","buffer","buffer","buffer","buffer","buffer","buffer","buffer",137104569
"buffer","buffer","buffer","buffer","buffer","buffer","buffer","buffer","buffer","buffer",137116416
"buffer","buffer","buffer","buffer","buffer","buffer","buffer","buffer","buffer","buffer",137128627
"buffer","buffer","buffer","buffer","buffer","buffer","buffer","buffer","buffer","buffer",137140445
"buffer","buffer","buffer","buffer","buffer","buffer","buffer","buffer","buffer","buffer",137152486
"buffer","buffer","buffer","buffer","buffer","buffer","buffer","buffer","buffer","buffer",137164654
"buffer","buffer","buffer","buffer","buffer","buffer","buffer","buffer","buffer","buffer",137176623
"buffer","buffer","buffer","buffer","buffer","buffer","buffer","buffer","buffer","buffer",137188741
"buffer","buffer","buffer","buffer","buffer","buffer","buffer","buffer","buffer","buffer",137200778
"buffer","buffer","buffer","buffer","buffer","buffer","buffer","buffer","buffer","buffer",137212682
"buffer","buffer","buffer","buffer","buffer","buffer","buffer","buffer","buffer","buffer",137224906
"buffer","buffer","buffer","buffer","buffer","buffer","buffer","buffer","buffer","buffer",137236923
"buffer","buffer","buffer","buffer","buffer","buffer","buffer","buffer","buffer","buffer",137249075
"buffer","buffer","buffer","buffer","buffer","buffer","buffer","buffer","buffer","buffer",137260831
"buffer","buffer","buffer","buffer","buffer","buffer","buffer","buffer","buffer","buffer",137273252
"buffer","buffer","buffer","buffer","buffer","buffer","buffer","buffer","buffer","buffer",137285171
"buffer","buffer","buffer","buffer","buffer","buffer","buffer","buffer","buffer","buffer",137296971
"buffer","buffer","buffer","buffer","buffer","buffer","buffer","buffer","buffer","buffer",137309058
"buffer","buffer","buffer","buffer","buffer","buffer","buffer","buffer","buffer","buffer",137321220
"buffer","buffer","buffer","buffer","buffer","buffer","buffer","buffer","buffer","buffer",137333218
"buffer","buffer","buffer","buffer","buffer","buffer","buffer","buffer","buffer","buffer",137345342
"buffer","buffer","buffer","buffer","buffer","buffer","buffer","buffer","buffer","buffer",137357401
"buffer","buffer","buffer","buffer","buffer","buffer","buffer","buffer","buffer","buffer",137369480
"buffer","buffer","buffer","buffer","buffer","buffer","buffer","buffer","buffer","buffer",137381640
"buffer","buffer","buffer","buffer","buffer","buffer","buffer","buffer","buffer","buffer",137393585
"buffer","buffer","buffer","buffer","buffer","buffer","buffer","buffer","buffer","buffer",137405672
"buffer","buffer","buffer","buffer","buffer","buffer","buffer","buffer","buffer","buffer",137417530
"buffer","buffer","buffer","buffer","buffer","buffer","buffer","buffer","buffer","buffer",137429629
"buffer","buffer","buffer","buffer","buffer","buffer","buffer","buffer","buffer","buffer",137441826
"buffer","buffer","buffer","buffer","buffer","buffer","buffer","buffer","buffer","buffer",137453659
"buffer","buffer","buffer","buffer","buffer","buffer","buffer","buffer","buffer","buffer",137465788
"buffer","buffer","buffer","buffer","buffer","buffer","buffer","buffer","buffer","buffer",137477917
"buffer","buffer","buffer","buffer","buffer","buffer","buffer","buffer","buffer","buffer",137489845
"buffer","buffer","buffer","buffer","buffer","buffer","buffer","buffer","buffer","buffer",137501874
"buffer","buffer","buffer","buffer","buffer","buffer","buffer","buffer","buffer","buffer",137514049
"buffer","buffer","buffer","buffer","buffer","buffer","buffer","buffer","buffer","buffer",137526050
"buffer","buffer","buffer","buffer","buffer","buffer","buffer","buffer","buffer","buffer",137538171
"buffer","buffer","buffer","buffer","buffer","buffer","buffer","buffer","buffer","buffer",137550233
"buffer","buffer","buffer","buffer","buffer","buffer","buffer","buffer","buffer","buffer",137562175
"buffer","buffer","buffer","buffer","buffer","buffer","buffer","buffer","buffer","buffer",137574230
"buffer","buffer","buffer","buffer","buffer","buffer","buffer","buffer","buffer","buffer",137586323
"buffer","buffer","buffer","buffer","buffer","buffer","buffer","buffer","buffer","buffer",137598213
"buffer","buffer","buffer","buffer","buffer","buffer","buffer","buffer","buffer","buffer",137610254
"buffer","buffer","buffer","buffer","buffer","buffer","buffer","buffer","buffer","buffer",137622371
"buffer","buffer","buffer","buffer","buffer","buffer","buffer","buffer","buffer","buffer",137634381
"buffer","buffer","buffer","buffer","buffer","buffer","buffer","buffer","buffer","buffer",137646393
"buffer","buffer","buffer","buffer","buffer","buffer","buffer","buffer","buffer","buffer",137658413
"buffer","buffer","buffer","buffer","buffer","buffer","buffer","buffer","buffer","buffer",137670693
"buffer","buffer","buffer","buffer","buffer","buffer","buffer","buffer","buffer","buffer",137682500
"buffer","buffer","buffer","buffer","buffer","buffer","buffer","buffer","buffer","buffer",137694547
"buffer","buffer","buffer","buffer","buffer","buffer","buffer","buffer","buffer","buffer",137706602
"buffer","buffer","buffer","buffer","buffer","buffer","buffer","buffer","buffer","buffer",137718831
"buffer","buffer","buffer","buffer","buffer","buffer","buffer","buffer","buffer","buffer",137730740
"buffer","buffer","buffer","buffer","buffer","buffer","buffer","buffer","buffer","buffer",137742927
"buffer","buffer","buffer","buffer","buffer","buffer","buffer","buffer","buffer","buffer",137755104
"buffer","buffer","buffer","buffer","buffer","buffer","buffer","buffer","buffer","buffer",137766629
"buffer","buffer","buffer","buffer","buffer","buffer","buffer","buffer","buffer","buffer",137779143
"buffer","buffer","buffer","buffer","buffer","buffer","buffer","buffer","buffer","buffer",137791213
"buffer","buffer","buffer","buffer","buffer","buffer","buffer","buffer","buffer","buffer",137803073
"buffer","buffer","buffer","buffer","buffer","buffer","buffer","buffer","buffer","buffer",137815315
"buffer","buffer","buffer","buffer","buffer","buffer","buffer","buffer","buffer","buffer",137827185
"buffer","buffer","buffer","buffer","buffer","buffer","buffer","buffer","buffer","buffer",137839243
"buffer","buffer","buffer","buffer","buffer","buffer","buffer","buffer","buffer","buffer",137851102
"buffer","buffer","buffer","buffer","buffer","buffer","buffer","buffer","buffer","buffer",137863352
"buffer","buffer","buffer","buffer","buffer","buffer","buffer","buffer","buffer","buffer",137875295
"buffer","buffer","buffer","buffer","buffer","buffer","buffer","buffer","buffer","buffer",137887510
"buffer","buffer","buffer","buffer","buffer","buffer","buffer","buffer","buffer","buffer",137899526
"buffer","buffer","buffer","buffer","buffer","buffer","buffer","buffer","buffer","buffer",137911527
"buffer","buffer","buffer","buffer","buffer","buffer","buffer","buffer","buffer","buffer",137923391
"buffer","buffer","buffer","buffer","buffer","buffer","buffer","buffer","buffer","buffer",137935629
"buffer","buffer","buffer","buffer","buffer","buffer","buffer","buffer","buffer","buffer",137947542
"buffer","buffer","buffer","buffer","buffer","buffer","buffer","buffer","buffer","buffer",137959644
"buffer","buffer","buffer","buffer","buffer","buffer","buffer","buffer","buffer","buffer",137971721
"buffer","buffer","buffer","buffer","buffer","buffer","buffer","buffer","buffer","buffer",137983882
"buffer","buffer","buffer","buffer","buffer","buffer","buffer","buffer","buffer","buffer",137995919
"buffer","buffer","buffer","buffer","buffer","buffer","buffer","buffer","buffer","buffer",138007997
"buffer","buffer","buffer","buffer","buffer","buffer","buffer","buffer","buffer","buffer",138019919
"buffer","buffer","buffer","buffer","buffer","buffer","buffer","buffer","buffer","buffer",138031817
"buffer","buffer","buffer","buffer","buffer","buffer","buffer","buffer","buffer","buffer",138044125
"buffer","buffer","buffer","buffer","buffer","buffer","buffer","buffer","buffer","buffer",138055926
"buffer","buffer","buffer","buffer","buffer","buffer","buffer","buffer","buffer","buffer",138067945
"buffer","buffer","buffer","buffer","buffer","buffer","buffer","buffer","buffer","buffer",138080143
"buffer","buffer","buffer","buffer","buffer","buffer","buffer","buffer","buffer","buffer",138092081
"buffer","buffer","buffer","buffer","buffer","buffer","buffer","buffer","buffer","buffer",138104272
"buffer","buffer","buffer","buffer","buffer","buffer","buffer","buffer","buffer","buffer",138116385
"buffer","buffer","buffer","buffer","buffer","buffer","buffer","buffer","buffer","buffer",138128163
"buffer","buffer","buffer","buffer","buffer","buffer","buffer","buffer","buffer","buffer",138140261
"buffer","buffer","buffer","buffer","buffer","buffer","buffer","buffer","buffer","buffer",138152382
"buffer","buffer","buffer","buffer","buffer","buffer","buffer","buffer","buffer","buffer",138164326
"buffer","buffer","buffer","buffer","buffer","buffer","buffer","buffer","buffer","buffer",138176504
"buffer","buffer","buffer","buffer","buffer","buffer","buffer","buffer","buffer","buffer",138188537
"buffer","buffer","buffer","buffer","buffer","buffer","buffer","buffer","buffer","buffer",138200539
"buffer","buffer","buffer","buffer","buffer","buffer","buffer","buffer","buffer","buffer",138212464
"buffer","buffer","buffer","buffer","buffer","buffer","buffer","buffer","buffer","buffer",138224623
"buffer","buffer","buffer","buffer","buffer","buffer","buffer","buffer","buffer","buffer",138236792
"buffer","buffer","buffer","buffer","buffer","buffer","buffer","buffer","buffer","buffer",138248779
"buffer","buffer","buffer","buffer","buffer","buffer","buffer","buffer","buffer","buffer",138260844
"buffer","buffer","buffer","buffer","buffer","buffer","buffer","buffer","buffer","buffer",138272884
"buffer","buffer","buffer","buffer","buffer","buffer","buffer","buffer","buffer","buffer",138284831
"buffer","buffer","buffer","buffer","buffer","buffer","buffer","buffer","buffer","buffer",138296999
"buffer","buffer","buffer","buffer","buffer","buffer","buffer","buffer","buffer","buffer",138309050
"buffer","buffer","buffer","buffer","buffer","buffer","buffer","buffer","buffer","buffer",138321009
"buffer","buffer","buffer","buffer","buffer","buffer","buffer","buffer","buffer","buffer",138333184
"buffer","buffer","buffer","buffer","buffer","buffer","buffer","buffer","buffer","buffer",138345090
"buffer","buffer","buffer","buffer","buffer","buffer","buffer","buffer","buffer","buffer",138357126
"buffer","buffer","buffer","buffer","buffer","buffer","buffer","buffer","buffer","buffer",138369366
"buffer","buffer","buffer","buffer","buffer","buffer","buffer","buffer","buffer","buffer",138381182
"buffer","buffer","buffer","buffer","buffer","buffer","buffer","buffer","buffer","buffer",138393532
"buffer","buffer","buffer","buffer","buffer","buffer","buffer","buffer","buffer","buffer",138405315
"buffer","buffer","buffer","buffer","buffer","buffer","buffer","buffer","buffer","buffer",138417486
"buffer","buffer","buffer","buffer","buffer","buffer","buffer","buffer","buffer","buffer",138429476
"buffer","buffer","buffer","buffer","buffer","buffer","buffer","buffer","buffer","buffer",138441302
"buffer","buffer","buffer","buffer","buffer","buffer","buffer","buffer","buffer","buffer",138453688
"buffer","buffer","buffer","buffer","buffer","buffer","buffer","buffer","buffer","buffer",138465561
"buffer","buffer","buffer","buffer","buffer","buffer","buffer","buffer","buffer","buffer",138477739
"buffer","buffer","buffer","buffer","buffer","buffer","buffer","buffer","buffer","buffer",138489667
"buffer","buffer","buffer","buffer","buffer","buffer","buffer","buffer","buffer","buffer",138501631
"buffer","buffer","buffer","buffer","buffer","buffer","buffer","buffer","buffer","buffer",138513667
"buffer","buffer","buffer","buffer","buffer","buffer","buffer","buffer","buffer","buffer",138525807
"buffer","buffer","buffer","buffer","buffer","buffer","buffer","buffer","buffer","buffer",138537862
"buffer","buffer","buffer","buffer","buffer","buffer","buffer","buffer","buffer","buffer",138549829
"buffer","buffer","buffer","buffer","buffer","buffer","buffer","buffer","buffer","buffer",138561999
"buffer","buffer","buffer","buffer","buffer","buffer","buffer","buffer","buffer","buffer",138574020
"buffer","buffer","buffer","buffer","buffer","buffer","buffer","buffer","buffer","buffer",138586154
"buffer","buffer","buffer","buffer","buffer","buffer","buffer","buffer","buffer","buffer",138598129
"buffer","buffer","buffer","buffer","buffer","buffer","buffer","buffer","buffer","buffer",138610259
"buffer","buffer","buffer","buffer","buffer","buffer","buffer","buffer","buffer","buffer",138622214
"buffer","buffer","buffer","buffer","buffer","buffer","buffer","buffer","buffer","buffer",138634147
"buffer","buffer","buffer","buffer","buffer","buffer","buffer","buffer","buffer","buffer",138646090
"buffer","buffer","buffer","buffer","buffer","buffer","buffer","buffer","buffer","buffer",138658352
"buffer","buffer","buffer","buffer","buffer","buffer","buffer","buffer","buffer","buffer",138670504
"buffer","buffer","buffer","buffer","buffer","buffer","buffer","buffer","buffer","buffer",138682235
"buffer","buffer","buffer","buffer","buffer","buffer","buffer","buffer","buffer","buffer",138694518
"buffer","buffer","buffer","buffer","buffer","buffer","buffer","buffer","buffer","buffer",138706543
"buffer","buffer","buffer","buffer","buffer","buffer","buffer","buffer","buffer","buffer",138718510
"buffer","buffer","buffer","buffer","buffer","buffer","buffer","buffer","buffer","buffer",138730609
"buffer","buffer","buffer","buffer","buffer","buffer","buffer","buffer","buffer","buffer",138742596
"buffer","buffer","buffer","buffer","buffer","buffer","buffer","buffer","buffer","buffer",138754757
"buffer","buffer","buffer","buffer","buffer","buffer","buffer","buffer","buffer","buffer",138766609
"buffer","buffer","buffer","buffer","buffer","buffer","buffer","buffer","buffer","buffer",138778829
"buffer","buffer","buffer","buffer","buffer","buffer","buffer","buffer","buffer","buffer",138790677
"buffer","buffer","buffer","buffer","buffer","buffer","buffer","buffer","buffer","buffer",138802787
"buffer","buffer","buffer","buffer","buffer","buffer","buffer","buffer","buffer","buffer",138814876
"buffer","buffer","buffer","buffer","buffer","buffer","buffer","buffer","buffer","buffer",138826844
"buffer","buffer","buffer","buffer","buffer","buffer","buffer","buffer","buffer","buffer",138838730
"buffer","buffer","buffer","buffer","buffer","buffer","buffer","buffer","buffer","buffer",138851106
"buffer","buffer","buffer","buffer","buffer","buffer","buffer","buffer","buffer","buffer",138863146
"buffer","buffer","buffer","buffer","buffer","buffer","buffer","buffer","buffer","buffer",138875042
"buffer","buffer","buffer","buffer","buffer","buffer","buffer","buffer","buffer","buffer",138887158
"buffer","buffer","buffer","buffer","buffer","buffer","buffer","buffer","buffer","buffer",138899146
"buffer","buffer","buffer","buffer","buffer","buffer","buffer","buffer","buffer","buffer",138911289
"buffer","buffer","buffer","buffer","buffer","buffer","buffer","buffer","buffer","buffer",138923452
"buffer","buffer","buffer","buffer","buffer","buffer","buffer","buffer","buffer","buffer",138935287
"buffer","buffer","buffer","buffer","buffer","buffer","buffer","buffer","buffer","buffer",138947507
"buffer","buffer","buffer","buffer","buffer","buffer","buffer","buffer","buffer","buffer",138959496
"buffer","buffer","buffer","buffer","buffer","buffer","buffer","buffer","buffer","buffer",138971476
"buffer","buffer","buffer","buffer","buffer","buffer","buffer","buffer","buffer","buffer",138983648
"buffer","buffer","buffer","buffer","buffer","buffer","buffer","buffer","buffer","buffer",138995646
"buffer","buffer","buffer","buffer","buffer","buffer","buffer","buffer","buffer","buffer",139007761
"buffer","buffer","buffer","buffer","buffer","buffer","buffer","buffer","buffer","buffer",139019686
"buffer","buffer","buffer","buffer","buffer","buffer","buffer","buffer","buffer","buffer",139031683
"buffer","buffer","buffer","buffer","buffer","buffer","buffer","buffer","buffer","buffer",139043786
"buffer","buffer","buffer","buffer","buffer","buffer","buffer","buffer","buffer","buffer",139055831
"buffer","buffer","buffer","buffer","buffer","buffer","buffer","buffer","buffer","buffer",139067902
"buffer","buffer","buffer","buffer","buffer","buffer","buffer","buffer","buffer","buffer",139079888
"buffer","buffer","buffer","buffer","buffer","buffer","buffer","buffer","buffer","buffer",139091854
"buffer","buffer","buffer","buffer","buffer","buffer","buffer","buffer","buffer","buffer",139103974
"buffer","buffer","buffer","buffer","buffer","buffer","buffer","buffer","buffer","buffer",139116063
"buffer","buffer","buffer","buffer","buffer","buffer","buffer","buffer","buffer","buffer",139128120
"buffer","buffer","buffer","buffer","buffer","buffer","buffer","buffer","buffer","buffer",139140234
"buffer","buffer","buffer","buffer","buffer","buffer","buffer","buffer","buffer","buffer",139152254
"buffer","buffer","buffer","buffer","buffer","buffer","buffer","buffer","buffer","buffer",139164074
"buffer","buffer","buffer","buffer","buffer","buffer","buffer","buffer","buffer","buffer",139176295
"buffer","buffer","buffer","buffer","buffer","buffer","buffer","buffer","buffer","buffer",139188480
"buffer","buffer","buffer","buffer","buffer","buffer","buffer","buffer","buffer","buffer",139200367
"buffer","buffer","buffer","buffer","buffer","buffer","buffer","buffer","buffer","buffer",139212326
"buffer","buffer","buffer","buffer","buffer","buffer","buffer","buffer","buffer","buffer",139224583
"buffer","buffer","buffer","buffer","buffer","buffer","buffer","buffer","buffer","buffer",139236415
"buffer","buffer","buffer","buffer","buffer","buffer","buffer","buffer","buffer","buffer",139248673
"buffer","buffer","buffer","buffer","buffer","buffer","buffer","buffer","buffer","buffer",139260706
"buffer","buffer","buffer","buffer","buffer","buffer","buffer","buffer","buffer","buffer",139272572
"buffer","buffer","buffer","buffer","buffer","buffer","buffer","buffer","buffer","buffer",139284708
"buffer","buffer","buffer","buffer","buffer","buffer","buffer","buffer","buffer","buffer",139296743
"buffer","buffer","buffer","buffer","buffer","buffer","buffer","buffer","buffer","buffer",139308962
"buffer","buffer","buffer","buffer","buffer","buffer","buffer","buffer","buffer","buffer",139321070
"buffer","buffer","buffer","buffer","buffer","buffer","buffer","buffer","buffer","buffer",139332923
"buffer","buffer","buffer","buffer","buffer","buffer","buffer","buffer","buffer","buffer",139344850
"buffer","buffer","buffer","buffer","buffer","buffer","buffer","buffer","buffer","buffer",139356880
"buffer","buffer","buffer","buffer","buffer","buffer","buffer","buffer","buffer","buffer",139368958
"buffer","buffer","buffer","buffer","buffer","buffer","buffer","buffer","buffer","buffer",139380951
"buffer","buffer","buffer","buffer","buffer","buffer","buffer","buffer","buffer","buffer",139393215
"buffer","buffer","buffer","buffer","buffer","buffer","buffer","buffer","buffer","buffer",139405030
"buffer","buffer","buffer","buffer","buffer","buffer","buffer","buffer","buffer","buffer",139417112
"buffer","buffer","buffer","buffer","buffer","buffer","buffer","buffer","buffer","buffer",139429218
"buffer","buffer","buffer","buffer","buffer","buffer","buffer","buffer","buffer","buffer",139441276
"buffer","buffer","buffer","buffer","buffer","buffer","buffer","buffer","buffer","buffer",139453387
"buffer","buffer","buffer","buffer","buffer","buffer","buffer","buffer","buffer","buffer",139465258
"buffer","buffer","buffer","buffer","buffer","buffer","buffer","buffer","buffer","buffer",139477298
"buffer","buffer","buffer","buffer","buffer","buffer","buffer","buffer","buffer","buffer",139489317
"buffer","buffer","buffer","buffer","buffer","buffer","buffer","buffer","buffer","buffer",139501493
"buffer","buffer","buffer","buffer","buffer","buffer","buffer","buffer","buffer","buffer",139513526
"buffer","buffer","buffer","buffer","buffer","buffer","buffer","buffer","buffer","buffer",139525575
"buffer","buffer","buffer","buffer","buffer","buffer","buffer","buffer","buffer","buffer",139537635
"buffer","buffer","buffer","buffer","buffer","buffer","buffer","buffer","buffer","buffer",139549532
"buffer","buffer","buffer","buffer","buffer","buffer","buffer","buffer","buffer","buffer",139561820
"buffer","buffer","buffer","buffer","buffer","buffer","buffer","buffer","buffer","buffer",139573712
"buffer","buffer","buffer","buffer","buffer","buffer","buffer","buffer","buffer","buffer",139585844
"buffer","buffer","buffer","buffer","buffer","buffer","buffer","buffer","buffer","buffer",139597930
"buffer","buffer","buffer","buffer","buffer","buffer","buffer","buffer","buffer","buffer",139610016
"buffer","buffer","buffer","buffer","buffer","buffer","buffer","buffer","buffer","buffer",139621775
"buffer","buffer","buffer","buffer","buffer","buffer","buffer","buffer","buffer","buffer",139634094
"buffer","buffer","buffer","buffer","buffer","buffer","buffer","buffer","buffer","buffer",139646006
"buffer","buffer","buffer","buffer","buffer","buffer","buffer","buffer","buffer","buffer",139658152
"buffer","buffer","buffer","buffer","buffer","buffer","buffer","buffer","buffer","buffer",139670151
"buffer","buffer","buffer","buffer","buffer","buffer","buffer","buffer","buffer","buffer",139682054
"buffer","buffer","buffer","buffer","buffer","buffer","buffer","buffer","buffer","buffer",139694305
"buffer","buffer","buffer","buffer","buffer","buffer","buffer","buffer","buffer","buffer",139706341
"buffer","buffer","buffer","buffer","buffer","buffer","buffer","buffer","buffer","buffer",139718336
"buffer","buffer","buffer","buffer","buffer","buffer","buffer","buffer","buffer","buffer",139730389
"buffer","buffer","buffer","buffer","buffer","buffer","buffer","buffer","buffer","buffer",139742389
"buffer","buffer","buffer","buffer","buffer","buffer","buffer","buffer","buffer","buffer",139754466
"buffer","buffer","buffer","buffer","buffer","buffer","buffer","buffer","buffer","buffer",139766587
"buffer","buffer","buffer","buffer","buffer","buffer","buffer","buffer","buffer","buffer",139778503
"buffer","buffer","buffer","buffer","buffer","buffer","buffer","buffer","buffer","buffer",139790634
"buffer","buffer","buffer","buffer","buffer","buffer","buffer","buffer","buffer","buffer",139802745
"buffer","buffer","buffer","buffer","buffer","buffer","buffer","buffer","buffer","buffer",139814649
"buffer","buffer","buffer","buffer","buffer","buffer","buffer","buffer","buffer","buffer",139826735
"buffer","buffer","buffer","buffer","buffer","buffer","buffer","buffer","buffer","buffer",139838769
"buffer","buffer","buffer","buffer","buffer","buffer","buffer","buffer","buffer","buffer",139850724
"buffer","buffer","buffer","buffer","buffer","buffer","buffer","buffer","buffer","buffer",139862985
"buffer","buffer","buffer","buffer","buffer","buffer","buffer","buffer","buffer","buffer",139874912
"buffer","buffer","buffer","buffer","buffer","buffer","buffer","buffer","buffer","buffer",139886975
"buffer","buffer","buffer","buffer","buffer","buffer","buffer","buffer","buffer","buffer",139899128
"buffer","buffer","buffer","buffer","buffer","buffer","buffer","buffer","buffer","buffer",139911146
"buffer","buffer","buffer","buffer","buffer","buffer","buffer","buffer","buffer","buffer",139923160
"buffer","buffer","buffer","buffer","buffer","buffer","buffer","buffer","buffer","buffer",139935115
"buffer","buffer","buffer","buffer","buffer","buffer","buffer","buffer","buffer","buffer",139947298
"buffer","buffer","buffer","buffer","buffer","buffer","buffer","buffer","buffer","buffer",139959397
"buffer","buffer","buffer","buffer","buffer","buffer","buffer","buffer","buffer","buffer",139971065
"buffer","buffer","buffer","buffer","buffer","buffer","buffer","buffer","buffer","buffer",139983340
"buffer","buffer","buffer","buffer","buffer","buffer","buffer","buffer","buffer","buffer",139995421
"buffer","buffer","buffer","buffer","buffer","buffer","buffer","buffer","buffer","buffer",140007433
"buffer","buffer","buffer","buffer","buffer","buffer","buffer","buffer","buffer","buffer",140019340
"buffer","buffer","buffer","buffer","buffer","buffer","buffer","buffer","buffer","buffer",140031531
"buffer","buffer","buffer","buffer","buffer","buffer","buffer","buffer","buffer","buffer",140043588
"buffer","buffer","buffer","buffer","buffer","buffer","buffer","buffer","buffer","buffer",140055597
"buffer","buffer","buffer","buffer","buffer","buffer","buffer","buffer","buffer","buffer",140067550
"buffer","buffer","buffer","buffer","buffer","buffer","buffer","buffer","buffer","buffer",140079730
"buffer","buffer","buffer","buffer","buffer","buffer","buffer","buffer","buffer","buffer",140091804
"buffer","buffer","buffer","buffer","buffer","buffer","buffer","buffer","buffer","buffer",140103799
"buffer","buffer","buffer","buffer","buffer","buffer","buffer","buffer","buffer","buffer",140115733
"buffer","buffer","buffer","buffer","buffer","buffer","buffer","buffer","buffer","buffer",140128035
"buffer","buffer","buffer","buffer","buffer","buffer","buffer","buffer","buffer","buffer",140139981
"buffer","buffer","buffer","buffer","buffer","buffer","buffer","buffer","buffer","buffer",140152014
"buffer","buffer","buffer","buffer","buffer","buffer","buffer","buffer","buffer","buffer",140163929
"buffer","buffer","buffer","buffer","buffer","buffer","buffer","buffer","buffer","buffer",140175999
"buffer","buffer","buffer","buffer","buffer","buffer","buffer","buffer","buffer","buffer",140188183
"buffer","buffer","buffer","buffer","buffer","buffer","buffer","buffer","buffer","buffer",140200117
"buffer","buffer","buffer","buffer","buffer","buffer","buffer","buffer","buffer","buffer",140212194
"buffer","buffer","buffer","buffer","buffer","buffer","buffer","buffer","buffer","buffer",140224277
"buffer","buffer","buffer","buffer","buffer","buffer","buffer","buffer","buffer","buffer",140236275
"buffer","buffer","buffer","buffer","buffer","buffer","buffer","buffer","buffer","buffer",140248488
"buffer","buffer","buffer","buffer","buffer","buffer","buffer","buffer","buffer","buffer",140260354
"buffer","buffer","buffer","buffer","buffer","buffer","buffer","buffer","buffer","buffer",140272486
"buffer","buffer","buffer","buffer","buffer","buffer","buffer","buffer","buffer","buffer",140284624
"buffer","buffer","buffer","buffer","buffer","buffer","buffer","buffer","buffer","buffer",140296581
"buffer","buffer","buffer","buffer","buffer","buffer","buffer","buffer","buffer","buffer",140308739
"buffer","buffer","buffer","buffer","buffer","buffer","buffer","buffer","buffer","buffer",140320613
"buffer","buffer","buffer","buffer","buffer","buffer","buffer","buffer","buffer","buffer",140332754
"buffer","buffer","buffer","buffer","buffer","buffer","buffer","buffer","buffer","buffer",140344683
"buffer","buffer","buffer","buffer","buffer","buffer","buffer","buffer","buffer","buffer",140356688
"buffer","buffer","buffer","buffer","buffer","buffer","buffer","buffer","buffer","buffer",140368948
"buffer","buffer","buffer","buffer","buffer","buffer","buffer","buffer","buffer","buffer",140380829
"buffer","buffer","buffer","buffer","buffer","buffer","buffer","buffer","buffer","buffer",140392934
"buffer","buffer","buffer","buffer","buffer","buffer","buffer","buffer","buffer","buffer",140405033
"buffer","buffer","buffer","buffer","buffer","buffer","buffer","buffer","buffer","buffer",140416927
"buffer","buffer","buffer","buffer","buffer","buffer","buffer","buffer","buffer","buffer",140428874
"buffer","buffer","buffer","buffer","buffer","buffer","buffer","buffer","buffer","buffer",140441002
"buffer","buffer","buffer","buffer","buffer","buffer","buffer","buffer","buffer","buffer",140453281
"buffer","buffer","buffer","buffer","buffer","buffer","buffer","buffer","buffer","buffer",140465286
"buffer","buffer","buffer","buffer","buffer","buffer","buffer","buffer","buffer","buffer",140477380
"buffer","buffer","buffer","buffer","buffer","buffer","buffer","buffer","buffer","buffer",140489107
"buffer","buffer","buffer","buffer","buffer","buffer","buffer","buffer","buffer","buffer",140501160
"buffer","buffer","buffer","buffer","buffer","buffer","buffer","buffer","buffer","buffer",140513324
"buffer","buffer","buffer","buffer","buffer","buffer","buffer","buffer","buffer","buffer",140525405
"buffer","buffer","buffer","buffer","buffer","buffer","buffer","buffer","buffer","buffer",140537421
"buffer","buffer","buffer","buffer","buffer","buffer","buffer","buffer","buffer","buffer",140549531
"buffer","buffer","buffer","buffer","buffer","buffer","buffer","buffer","buffer","buffer",140561665
"buffer","buffer","buffer","buffer","buffer","buffer","buffer","buffer","buffer","buffer",140573616
"buffer","buffer","buffer","buffer","buffer","buffer","buffer","buffer","buffer","buffer",140585458
"buffer","buffer","buffer","buffer","buffer","buffer","buffer","buffer","buffer","buffer",140597722
"buffer","buffer","buffer","buffer","buffer","buffer","buffer","buffer","buffer","buffer",140609638
"buffer","buffer","buffer","buffer","buffer","buffer","buffer","buffer","buffer","buffer",140621859
"buffer","buffer","buffer","buffer","buffer","buffer","buffer","buffer","buffer","buffer",140633740
"buffer","buffer","buffer","buffer","buffer","buffer","buffer","buffer","buffer","buffer",140645957
"buffer","buffer","buffer","buffer","buffer","buffer","buffer","buffer","buffer","buffer",140657869
"buffer","buffer","buffer","buffer","buffer","buffer","buffer","buffer","buffer","buffer",140670184
"buffer","buffer","buffer","buffer","buffer","buffer","buffer","buffer","buffer","buffer",140682055
"buffer","buffer","buffer","buffer","buffer","buffer","buffer","buffer","buffer","buffer",140693981
"buffer","buffer","buffer","buffer","buffer","buffer","buffer","buffer","buffer","buffer",140706044
"buffer","buffer","buffer","buffer","buffer","buffer","buffer","buffer","buffer","buffer",140718064
"buffer","buffer","buffer","buffer","buffer","buffer","buffer","buffer","buffer","buffer",140730181
"buffer","buffer","buffer","buffer","buffer","buffer","buffer","buffer","buffer","buffer",140742269
"buffer","buffer","buffer","buffer","buffer","buffer","buffer","buffer","buffer","buffer",140754326
"buffer","buffer","buffer","buffer","buffer","buffer","buffer","buffer","buffer","buffer",140766420
"buffer","buffer","buffer","buffer","buffer","buffer","buffer","buffer","buffer","buffer",140778495
"buffer","buffer","buffer","buffer","buffer","buffer","buffer","buffer","buffer","buffer",140790416
"buffer","buffer","buffer","buffer","buffer","buffer","buffer","buffer","buffer","buffer",140802464
"buffer","buffer","buffer","buffer","buffer","buffer","buffer","buffer","buffer","buffer",140814492
"buffer","buffer","buffer","buffer","buffer","buffer","buffer","buffer","buffer","buffer",140826493
"buffer","buffer","buffer","buffer","buffer","buffer","buffer","buffer","buffer","buffer",140838661
"buffer","buffer","buffer","buffer","buffer","buffer","buffer","buffer","buffer","buffer",140850462
"buffer","buffer","buffer","buffer","buffer","buffer","buffer","buffer","buffer","buffer",140862590
"buffer","buffer","buffer","buffer","buffer","buffer","buffer","buffer","buffer","buffer",140874901
"buffer","buffer","buffer","buffer","buffer","buffer","buffer","buffer","buffer","buffer",140886795
"buffer","buffer","buffer","buffer","buffer","buffer","buffer","buffer","buffer","buffer",140898760
"buffer","buffer","buffer","buffer","buffer","buffer","buffer","buffer","buffer","buffer",140910833
"buffer","buffer","buffer","buffer","buffer","buffer","buffer","buffer","buffer","buffer",140922920
"buffer","buffer","buffer","buffer","buffer","buffer","buffer","buffer","buffer","buffer",140934963
"buffer","buffer","buffer","buffer","buffer","buffer","buffer","buffer","buffer","buffer",140947112
"buffer","buffer","buffer","buffer","buffer","buffer","buffer","buffer","buffer","buffer",140959096
"buffer","buffer","buffer","buffer","buffer","buffer","buffer","buffer","buffer","buffer",140971297
"buffer","buffer","buffer","buffer","buffer","buffer","buffer","buffer","buffer","buffer",140983175
"buffer","buffer","buffer","buffer","buffer","buffer","buffer","buffer","buffer","buffer",140995148
"buffer","buffer","buffer","buffer","buffer","buffer","buffer","buffer","buffer","buffer",141007230
"buffer","buffer","buffer","buffer","buffer","buffer","buffer","buffer","buffer","buffer",141019369
"buffer","buffer","buffer","buffer","buffer","buffer","buffer","buffer","buffer","buffer",141031297
"buffer","buffer","buffer","buffer","buffer","buffer","buffer","buffer","buffer","buffer",141043379
"buffer","buffer","buffer","buffer","buffer","buffer","buffer","buffer","buffer","buffer",141055399
"buffer","buffer","buffer","buffer","buffer","buffer","buffer","buffer","buffer","buffer",141067496
"buffer","buffer","buffer","buffer","buffer","buffer","buffer","buffer","buffer","buffer",141079597
"buffer","buffer","buffer","buffer","buffer","buffer","buffer","buffer","buffer","buffer",141091460
"buffer","buffer","buffer","buffer","buffer","buffer","buffer","buffer","buffer","buffer",141103467
"buffer","buffer","buffer","buffer","buffer","buffer","buffer","buffer","buffer","buffer",141115807
"buffer","buffer","buffer","buffer","buffer","buffer","buffer","buffer","buffer","buffer",141127749
"buffer","buffer","buffer","buffer","buffer","buffer","buffer","buffer","buffer","buffer",141139758
"buffer","buffer","buffer","buffer","buffer","buffer","buffer","buffer","buffer","buffer",141151695
"buffer","buffer","buffer","buffer","buffer","buffer","buffer","buffer","buffer","buffer",141163697
"buffer","buffer","buffer","buffer","buffer","buffer","buffer","buffer","buffer","buffer",141176071
"buffer","buffer","buffer","buffer","buffer","buffer","buffer","buffer","buffer","buffer",141187906
"buffer","buffer","buffer","buffer","buffer","buffer","buffer","buffer","buffer","buffer",141199856
"buffer","buffer","buffer","buffer","buffer","buffer","buffer","buffer","buffer","buffer",141212133
"buffer","buffer","buffer","buffer","buffer","buffer","buffer","buffer","buffer","buffer",141224090
"buffer","buffer","buffer","buffer","buffer","buffer","buffer","buffer","buffer","buffer",141236102
"buffer","buffer","buffer","buffer","buffer","buffer","buffer","buffer","buffer","buffer",141248333
"buffer","buffer","buffer","buffer","buffer","buffer","buffer","buffer","buffer","buffer",141260207
"buffer","buffer","buffer","buffer","buffer","buffer","buffer","buffer","buffer","buffer",141272257
"buffer","buffer","buffer","buffer","buffer","buffer","buffer","buffer","buffer","buffer",141284157
"buffer","buffer","buffer","buffer","buffer","buffer","buffer","buffer","buffer","buffer",141296333
"buffer","buffer","buffer","buffer","buffer","buffer","buffer","buffer","buffer","buffer",141308316
"buffer","buffer","buffer","buffer","buffer","buffer","buffer","buffer","buffer","buffer",141320258
"buffer","buffer","buffer","buffer","buffer","buffer","buffer","buffer","buffer","buffer",141332567
"buffer","buffer","buffer","buffer","buffer","buffer","buffer","buffer","buffer","buffer",141344435
"buffer","buffer","buffer","buffer","buffer","buffer","buffer","buffer","buffer","buffer",141356501
"buffer","buffer","buffer","buffer","buffer","buffer","buffer","buffer","buffer","buffer",141368690
"buffer","buffer","buffer","buffer","buffer","buffer","buffer","buffer","buffer","buffer",141380550
"buffer","buffer","buffer","buffer","buffer","buffer","buffer","buffer","buffer","buffer",141392717
"buffer","buffer","buffer","buffer","buffer","buffer","buffer","buffer","buffer","buffer",141404841
"buffer","buffer","buffer","buffer","buffer","buffer","buffer","buffer","buffer","buffer",141416871
"buffer","buffer","buffer","buffer","buffer","buffer","buffer","buffer","buffer","buffer",141428708
"buffer","buffer","buffer","buffer","buffer","buffer","buffer","buffer","buffer","buffer",141440933
"buffer","buffer","buffer","buffer","buffer","buffer","buffer","buffer","buffer","buffer",141453011
"buffer","buffer","buffer","buffer","buffer","buffer","buffer","buffer","buffer","buffer",141465061
"buffer","buffer","buffer","buffer","buffer","buffer","buffer","buffer","buffer","buffer",141477089
"buffer","buffer","buffer","buffer","buffer","buffer","buffer","buffer","buffer","buffer",141488888
"buffer","buffer","buffer","buffer","buffer","buffer","buffer","buffer","buffer","buffer",141501285
"buffer","buffer","buffer","buffer","buffer","buffer","buffer","buffer","buffer","buffer",141512967
"buffer","buffer","buffer","buffer","buffer","buffer","buffer","buffer","buffer","buffer",141525167
"buffer","buffer","buffer","buffer","buffer","buffer","buffer","buffer","buffer","buffer",141537209
"buffer","buffer","buffer","buffer","buffer","buffer","buffer","buffer","buffer","buffer",141549220
"buffer","buffer","buffer","buffer","buffer","buffer","buffer","buffer","buffer","buffer",141561243
"buffer","buffer","buffer","buffer","buffer","buffer","buffer","buffer","buffer","buffer",141573401
"buffer","buffer","buffer","buffer","buffer","buffer","buffer","buffer","buffer","buffer",141585451
"buffer","buffer","buffer","buffer","buffer","buffer","buffer","buffer","buffer","buffer",141597540
"buffer","buffer","buffer","buffer","buffer","buffer","buffer","buffer","buffer","buffer",141609466
"buffer","buffer","buffer","buffer","buffer","buffer","buffer","buffer","buffer","buffer",141621624
"buffer","buffer","buffer","buffer","buffer","buffer","buffer","buffer","buffer","buffer",141633804
"buffer","buffer","buffer","buffer","buffer","buffer","buffer","buffer","buffer","buffer",141645787
"buffer","buffer","buffer","buffer","buffer","buffer","buffer","buffer","buffer","buffer",141657773
"buffer","buffer","buffer","buffer","buffer","buffer","buffer","buffer","buffer","buffer",141669653
"buffer","buffer","buffer","buffer","buffer","buffer","buffer","buffer","buffer","buffer",141681866
"buffer","buffer","buffer","buffer","buffer","buffer","buffer","buffer","buffer","buffer",141693822
"buffer","buffer","buffer","buffer","buffer","buffer","buffer","buffer","buffer","buffer",141705874
"buffer","buffer","buffer","buffer","buffer","buffer","buffer","buffer","buffer","buffer",141717961
"buffer","buffer","buffer","buffer","buffer","buffer","buffer","buffer","buffer","buffer",141730004
"buffer","buffer","buffer","buffer","buffer","buffer","buffer","buffer","buffer","buffer",141741951
"buffer","buffer","buffer","buffer","buffer","buffer","buffer","buffer","buffer","buffer",141754060
"buffer","buffer","buffer","buffer","buffer","buffer","buffer","buffer","buffer","buffer",141765945
"buffer","buffer","buffer","buffer","buffer","buffer","buffer","buffer","buffer","buffer",141778246
"buffer","buffer","buffer","buffer","buffer","buffer","buffer","buffer","buffer","buffer",141790261
"buffer","buffer","buffer","buffer","buffer","buffer","buffer","buffer","buffer","buffer",141802284
"buffer","buffer","buffer","buffer","buffer","buffer","buffer","buffer","buffer","buffer",141814318
"buffer","buffer","buffer","buffer","buffer","buffer","buffer","buffer","buffer","buffer",141826429
"buffer","buffer","buffer","buffer","buffer","buffer","buffer","buffer","buffer","buffer",141838637
"buffer","buffer","buffer","buffer","buffer","buffer","buffer","buffer","buffer","buffer",141850301
"buffer","buffer","buffer","buffer","buffer","buffer","buffer","buffer","buffer","buffer",141862585
"buffer","buffer","buffer","buffer","buffer","buffer","buffer","buffer","buffer","buffer",141874354
"buffer","buffer","buffer","buffer","buffer","buffer","buffer","buffer","buffer","buffer",141886497
"buffer","buffer","buffer","buffer","buffer","buffer","buffer","buffer","buffer","buffer",141898771
"buffer","buffer","buffer","buffer","buffer","buffer","buffer","buffer","buffer","buffer",141910656
"buffer","buffer","buffer","buffer","buffer","buffer","buffer","buffer","buffer","buffer",141922563
"buffer","buffer","buffer","buffer","buffer","buffer","buffer","buffer","buffer","buffer",141934709
"buffer","buffer","buffer","buffer","buffer","buffer","buffer","buffer","buffer","buffer",141946806
"buffer","buffer","buffer","buffer","buffer","buffer","buffer","buffer","buffer","buffer",141958930
"buffer","buffer","buffer","buffer","buffer","buffer","buffer","buffer","buffer","buffer",141970914
"buffer","buffer","buffer","buffer","buffer","buffer","buffer","buffer","buffer","buffer",141982893
"buffer","buffer","buffer","buffer","buffer","buffer","buffer","buffer","buffer","buffer",141994874
"buffer","buffer","buffer","buffer","buffer","buffer","buffer","buffer","buffer","buffer",142006993
"buffer","buffer","buffer","buffer","buffer","buffer","buffer","buffer","buffer","buffer",142019033
"buffer","buffer","buffer","buffer","buffer","buffer","buffer","buffer","buffer","buffer",142031068
"buffer","buffer","buffer","buffer","buffer","buffer","buffer","buffer","buffer","buffer",142042960
"buffer","buffer","buffer","buffer","buffer","buffer","buffer","buffer","buffer","buffer",142055186
"buffer","buffer","buffer","buffer","buffer","buffer","buffer","buffer","buffer","buffer",142067192
"buffer","buffer","buffer","buffer","buffer","buffer","buffer","buffer","buffer","buffer",142079530
"buffer","buffer","buffer","buffer","buffer","buffer","buffer","buffer","buffer","buffer",142091124
"buffer","buffer","buffer","buffer","buffer","buffer","buffer","buffer","buffer","buffer",142103462
"buffer","buffer","buffer","buffer","buffer","buffer","buffer","buffer","buffer","buffer",142115431
"buffer","buffer","buffer","buffer","buffer","buffer","buffer","buffer","buffer","buffer",142127641
"buffer","buffer","buffer","buffer","buffer","buffer","buffer","buffer","buffer","buffer",142139561
"buffer","buffer","buffer","buffer","buffer","buffer","buffer","buffer","buffer","buffer",142151576
"buffer","buffer","buffer","buffer","buffer","buffer","buffer","buffer","buffer","buffer",142163690
"buffer","buffer","buffer","buffer","buffer","buffer","buffer","buffer","buffer","buffer",142175711
"buffer","buffer","buffer","buffer","buffer","buffer","buffer","buffer","buffer","buffer",142187817
"buffer","buffer","buffer","buffer","buffer","buffer","buffer","buffer","buffer","buffer",142199693
"buffer","buffer","buffer","buffer","buffer","buffer","buffer","buffer","buffer","buffer",142211794
"buffer","buffer","buffer","buffer","buffer","buffer","buffer","buffer","buffer","buffer",142224068
"buffer","buffer","buffer","buffer","buffer","buffer","buffer","buffer","buffer","buffer",142236045
"buffer","buffer","buffer","buffer","buffer","buffer","buffer","buffer","buffer","buffer",142248162
"buffer","buffer","buffer","buffer","buffer","buffer","buffer","buffer","buffer","buffer",142260004
"buffer","buffer","buffer","buffer","buffer","buffer","buffer","buffer","buffer","buffer",142271961
"buffer","buffer","buffer","buffer","buffer","buffer","buffer","buffer","buffer","buffer",142284142
"buffer","buffer","buffer","buffer","buffer","buffer","buffer","buffer","buffer","buffer",142296044
"buffer","buffer","buffer","buffer","buffer","buffer","buffer","buffer","buffer","buffer",142308137
"buffer","buffer","buffer","buffer","buffer","buffer","buffer","buffer","buffer","buffer",142320286
"buffer","buffer","buffer","buffer","buffer","buffer","buffer","buffer","buffer","buffer",142332215
"buffer","buffer","buffer","buffer","buffer","buffer","buffer","buffer","buffer","buffer",142344259
"buffer","buffer","buffer","buffer","buffer","buffer","buffer","buffer","buffer","buffer",142356449
"buffer","buffer","buffer","buffer","buffer","buffer","buffer","buffer","buffer","buffer",142368376
"buffer","buffer","buffer","buffer","buffer","buffer","buffer","buffer","buffer","buffer",142380481
"buffer","buffer","buffer","buffer","buffer","buffer","buffer","buffer","buffer","buffer",142392568
"buffer","buffer","buffer","buffer","buffer","buffer","buffer","buffer","buffer","buffer",142404651
"buffer","buffer","buffer","buffer","buffer","buffer","buffer","buffer","buffer","buffer",142416572
"buffer","buffer","buffer","buffer","buffer","buffer","buffer","buffer","buffer","buffer",142428649
"buffer","buffer","buffer","buffer","buffer","buffer","buffer","buffer","buffer","buffer",142440641
"buffer","buffer","buffer","buffer","buffer","buffer","buffer","buffer","buffer","buffer",142452740
"buffer","buffer","buffer","buffer","buffer","buffer","buffer","buffer","buffer","buffer",142464697
"buffer","buffer","buffer","buffer","buffer","buffer","buffer","buffer","buffer","buffer",142476828
"buffer","buffer","buffer","buffer","buffer","buffer","buffer","buffer","buffer","buffer",142489064
"buffer","buffer","buffer","buffer","buffer","buffer","buffer","buffer","buffer","buffer",142500707
"buffer","buffer","buffer","buffer","buffer","buffer","buffer","buffer","buffer","buffer",142513073
"buffer","buffer","buffer","buffer","buffer","buffer","buffer","buffer","buffer","buffer",142525119
"buffer","buffer","buffer","buffer","buffer","buffer","buffer","buffer","buffer","buffer",142537034
"buffer","buffer","buffer","buffer","buffer","buffer","buffer","buffer","buffer","buffer",142549080
"buffer","buffer","buffer","buffer","buffer","buffer","buffer","buffer","buffer","buffer",142561085
"buffer","buffer","buffer","buffer","buffer","buffer","buffer","buffer","buffer","buffer",142573164
"buffer","buffer","buffer","buffer","buffer","buffer","buffer","buffer","buffer","buffer",142585277
"buffer","buffer","buffer","buffer","buffer","buffer","buffer","buffer","buffer","buffer",142597059
"buffer","buffer","buffer","buffer","buffer","buffer","buffer","buffer","buffer","buffer",142609443
"buffer","buffer","buffer","buffer","buffer","buffer","buffer","buffer","buffer","buffer",142621424
"buffer","buffer","buffer","buffer","buffer","buffer","buffer","buffer","buffer","buffer",142633364
"buffer","buffer","buffer","buffer","buffer","buffer","buffer","buffer","buffer","buffer",142645491
"buffer","buffer","buffer","buffer","buffer","buffer","buffer","buffer","buffer","buffer",142657457
"buffer","buffer","buffer","buffer","buffer","buffer","buffer","buffer","buffer","buffer",142669649
"buffer","buffer","buffer","buffer","buffer","buffer","buffer","buffer","buffer","buffer",142681460
"buffer","buffer","buffer","buffer","buffer","buffer","buffer","buffer","buffer","buffer",142693610
"buffer","buffer","buffer","buffer","buffer","buffer","buffer","buffer","buffer","buffer",142705521
"buffer","buffer","buffer","buffer","buffer","buffer","buffer","buffer","buffer","buffer",142717689
"buffer","buffer","buffer","buffer","buffer","buffer","buffer","buffer","buffer","buffer",142729545
"buffer","buffer","buffer","buffer","buffer","buffer","buffer","buffer","buffer","buffer",142741659
"buffer","buffer","buffer","buffer","buffer","buffer","buffer","buffer","buffer","buffer",142753806
"buffer","buffer","buffer","buffer","buffer","buffer","buffer","buffer","buffer","buffer",142765907
"buffer","buffer","buffer","buffer","buffer","buffer","buffer","buffer","buffer","buffer",142777852
"buffer","buffer","buffer","buffer","buffer","buffer","buffer","buffer","buffer","buffer",142790098
"buffer","buffer","buffer","buffer","buffer","buffer","buffer","buffer","buffer","buffer",142801987
"buffer","buffer","buffer","buffer","buffer","buffer","buffer","buffer","buffer","buffer",142814105
"buffer","buffer","buffer","buffer","buffer","buffer","buffer","buffer","buffer","buffer",142826183
"buffer","buffer","buffer","buffer","buffer","buffer","buffer","buffer","buffer","buffer",142838225
"buffer","buffer","buffer","buffer","buffer","buffer","buffer","buffer","buffer","buffer",142850217
"buffer","buffer","buffer","buffer","buffer","buffer","buffer","buffer","buffer","buffer",142862212
"buffer","buffer","buffer","buffer","buffer","buffer","buffer","buffer","buffer","buffer",142874271
"buffer","buffer","buffer","buffer","buffer","buffer","buffer","buffer","buffer","buffer",142886236
"buffer","buffer","buffer","buffer","buffer","buffer","buffer","buffer","buffer","buffer",142898329
"buffer","buffer","buffer","buffer","buffer","buffer","buffer","buffer","buffer","buffer",142910349
"buffer","buffer","buffer","buffer","buffer","buffer","buffer","buffer","buffer","buffer",142922368
"buffer","buffer","buffer","buffer","buffer","buffer","buffer","buffer","buffer","buffer",142934529
"buffer","buffer","buffer","buffer","buffer","buffer","buffer","buffer","buffer","buffer",142946744
"buffer","buffer","buffer","buffer","buffer","buffer","buffer","buffer","buffer","buffer",142958836
"buffer","buffer","buffer","buffer","buffer","buffer","buffer","buffer","buffer","buffer",142970685
"buffer","buffer","buffer","buffer","buffer","buffer","buffer","buffer","buffer","buffer",142982830
"buffer","buffer","buffer","buffer","buffer","buffer","buffer","buffer","buffer","buffer",142994753
"buffer","buffer","buffer","buffer","buffer","buffer","buffer","buffer","buffer","buffer",143006857
"buffer","buffer","buffer","buffer","buffer","buffer","buffer","buffer","buffer","buffer",143018932
"buffer","buffer","buffer","buffer","buffer","buffer","buffer","buffer","buffer","buffer",143030774
"buffer","buffer","buffer","buffer","buffer","buffer","buffer","buffer","buffer","buffer",143043258
"buffer","buffer","buffer","buffer","buffer","buffer","buffer","buffer","buffer","buffer",143055095
"buffer","buffer","buffer","buffer","buffer","buffer","buffer","buffer","buffer","buffer",143067182
"buffer","buffer","buffer","buffer","buffer","buffer","buffer","buffer","buffer","buffer",143079007
"buffer","buffer","buffer","buffer","buffer","buffer","buffer","buffer","buffer","buffer",143091090
"buffer","buffer","buffer","buffer","buffer","buffer","buffer","buffer","buffer","buffer",143103275
"buffer","buffer","buffer","buffer","buffer","buffer","buffer","buffer","buffer","buffer",143115178
"buffer","buffer","buffer","buffer","buffer","buffer","buffer","buffer","buffer","buffer",143127468
"buffer","buffer","buffer","buffer","buffer","buffer","buffer","buffer","buffer","buffer",143139331
"buffer","buffer","buffer","buffer","buffer","buffer","buffer","buffer","buffer","buffer",143151378
"buffer","buffer","buffer","buffer","buffer","buffer","buffer","buffer","buffer","buffer",143163242
"buffer","buffer","buffer","buffer","buffer","buffer","buffer","buffer","buffer","buffer",143175449
"buffer","buffer","buffer","buffer","buffer","buffer","buffer","buffer","buffer","buffer",143187647
"buffer","buffer","buffer","buffer","buffer","buffer","buffer","buffer","buffer","buffer",143199589
"buffer","buffer","buffer","buffer","buffer","buffer","buffer","buffer","buffer","buffer",143211522
"buffer","buffer","buffer","buffer","buffer","buffer","buffer","buffer","buffer","buffer",143223605
"buffer","buffer","buffer","buffer","buffer","buffer","buffer","buffer","buffer","buffer",143235790
"buffer","buffer","buffer","buffer","buffer","buffer","buffer","buffer","buffer","buffer",143247793
"buffer","buffer","buffer","buffer","buffer","buffer","buffer","buffer","buffer","buffer",143259762
"buffer","buffer","buffer","buffer","buffer","buffer","buffer","buffer","buffer","buffer",143271778
"buffer","buffer","buffer","buffer","buffer","buffer","buffer","buffer","buffer","buffer",143283961
"buffer","buffer","buffer","buffer","buffer","buffer","buffer","buffer","buffer","buffer",143296031
"buffer","buffer","buffer","buffer","buffer","buffer","buffer","buffer","buffer","buffer",143307825
"buffer","buffer","buffer","buffer","buffer","buffer","buffer","buffer","buffer","buffer",143320010
"buffer","buffer","buffer","buffer","buffer","buffer","buffer","buffer","buffer","buffer",143331877
"buffer","buffer","buffer","buffer","buffer","buffer","buffer","buffer","buffer","buffer",143344229
"buffer","buffer","buffer","buffer","buffer","buffer","buffer","buffer","buffer","buffer",143356245
"buffer","buffer","buffer","buffer","buffer","buffer","buffer","buffer","buffer","buffer",143368059
"buffer","buffer","buffer","buffer","buffer","buffer","buffer","buffer","buffer","buffer",143380371
"buffer","buffer","buffer","buffer","buffer","buffer","buffer","buffer","buffer","buffer",143392439
"buffer","buffer","buffer","buffer","buffer","buffer","buffer","buffer","buffer","buffer",143404489
"buffer","buffer","buffer","buffer","buffer","buffer","buffer","buffer","buffer","buffer",143416516
"buffer","buffer","buffer","buffer","buffer","buffer","buffer","buffer","buffer","buffer",143428407
"buffer","buffer","buffer","buffer","buffer","buffer","buffer","buffer","buffer","buffer",143440432
"buffer","buffer","buffer","buffer","buffer","buffer","buffer","buffer","buffer","buffer",143452289
"buffer","buffer","buffer","buffer","buffer","buffer","buffer","buffer","buffer","buffer",143464714
"buffer","buffer","buffer","buffer","buffer","buffer","buffer","buffer","buffer","buffer",143476604
"buffer","buffer","buffer","buffer","buffer","buffer","buffer","buffer","buffer","buffer",143488630
"buffer","buffer","buffer","buffer","buffer","buffer","buffer","buffer","buffer","buffer",143500498
"buffer","buffer","buffer","buffer","buffer","buffer","buffer","buffer","buffer","buffer",143512526
"buffer","buffer","buffer","buffer","buffer","buffer","buffer","buffer","buffer","buffer",143524799
"buffer","buffer","buffer","buffer","buffer","buffer","buffer","buffer","buffer","buffer",143536667
"buffer","buffer","buffer","buffer","buffer","buffer","buffer","buffer","buffer","buffer",143548883
"buffer","buffer","buffer","buffer","buffer","buffer","buffer","buffer","buffer","buffer",143561023
"buffer","buffer","buffer","buffer","buffer","buffer","buffer","buffer","buffer","buffer",143572972
"buffer","buffer","buffer","buffer","buffer","buffer","buffer","buffer","buffer","buffer",143584957
"buffer","buffer","buffer","buffer","buffer","buffer","buffer","buffer","buffer","buffer",143596923
"buffer","buffer","buffer","buffer","buffer","buffer","buffer","buffer","buffer","buffer",143609045
"buffer","buffer","buffer","buffer","buffer","buffer","buffer","buffer","buffer","buffer",143620994
"buffer","buffer","buffer","buffer","buffer","buffer","buffer","buffer","buffer","buffer",143633309
"buffer","buffer","buffer","buffer","buffer","buffer","buffer","buffer","buffer","buffer",143645401
"buffer","buffer","buffer","buffer","buffer","buffer","buffer","buffer","buffer","buffer",143657362
"buffer","buffer","buffer","buffer","buffer","buffer","buffer","buffer","buffer","buffer",143669276
"buffer","buffer","buffer","buffer","buffer","buffer","buffer","buffer","buffer","buffer",143681287
"buffer","buffer","buffer","buffer","buffer","buffer","buffer","buffer","buffer","buffer",143693562
"buffer","buffer","buffer","buffer","buffer","buffer","buffer","buffer","buffer","buffer",143705578
"buffer","buffer","buffer","buffer","buffer","buffer","buffer","buffer","buffer","buffer",143717481
"buffer","buffer","buffer","buffer","buffer","buffer","buffer","buffer","buffer","buffer",143729504
"buffer","buffer","buffer","buffer","buffer","buffer","buffer","buffer","buffer","buffer",143741612
"buffer","buffer","buffer","buffer","buffer","buffer","buffer","buffer","buffer","buffer",143753565
"buffer","buffer","buffer","buffer","buffer","buffer","buffer","buffer","buffer","buffer",143765914
"buffer","buffer","buffer","buffer","buffer","buffer","buffer","buffer","buffer","buffer",143777725
"buffer","buffer","buffer","buffer","buffer","buffer","buffer","buffer","buffer","buffer",143789844
"buffer","buffer","buffer","buffer","buffer","buffer","buffer","buffer","buffer","buffer",143801827
"buffer","buffer","buffer","buffer","buffer","buffer","buffer","buffer","buffer","buffer",143813865
"buffer","buffer","buffer","buffer","buffer","buffer","buffer","buffer","buffer","buffer",143825935
"buffer","buffer","buffer","buffer","buffer","buffer","buffer","buffer","buffer","buffer",143838204
"buffer","buffer","buffer","buffer","buffer","buffer","buffer","buffer","buffer","buffer",143850072
"buffer","buffer","buffer","buffer","buffer","buffer","buffer","buffer","buffer","buffer",143862135
"buffer","buffer","buffer","buffer","buffer","buffer","buffer","buffer","buffer","buffer",143874130
"buffer","buffer","buffer","buffer","buffer","buffer","buffer","buffer","buffer","buffer",143885957
"buffer","buffer","buffer","buffer","buffer","buffer","buffer","buffer","buffer","buffer",143898270
"buffer","buffer","buffer","buffer","buffer","buffer","buffer","buffer","buffer","buffer",143910102
"buffer","buffer","buffer","buffer","buffer","buffer","buffer","buffer","buffer","buffer",143922483
"buffer","buffer","buffer","buffer","buffer","buffer","buffer","buffer","buffer","buffer",143934397
"buffer","buffer","buffer","buffer","buffer","buffer","buffer","buffer","buffer","buffer",143946324
"buffer","buffer","buffer","buffer","buffer","buffer","buffer","buffer","buffer","buffer",143958430
"buffer","buffer","buffer","buffer","buffer","buffer","buffer","buffer","buffer","buffer",143970489
"buffer","buffer","buffer","buffer","buffer","buffer","buffer","buffer","buffer","buffer",143982531
"buffer","buffer","buffer","buffer","buffer","buffer","buffer","buffer","buffer","buffer",143994575
"buffer","buffer","buffer","buffer","buffer","buffer","buffer","buffer","buffer","buffer",144006712
"buffer","buffer","buffer","buffer","buffer","buffer","buffer","buffer","buffer","buffer",144018678
"buffer","buffer","buffer","buffer","buffer","buffer","buffer","buffer","buffer","buffer",144030755
"buffer","buffer","buffer","buffer","buffer","buffer","buffer","buffer","buffer","buffer",144042960
"buffer","buffer","buffer","buffer","buffer","buffer","buffer","buffer","buffer","buffer",144054868
"buffer","buffer","buffer","buffer","buffer","buffer","buffer","buffer","buffer","buffer",144066873
"buffer","buffer","buffer","buffer","buffer","buffer","buffer","buffer","buffer","buffer",144078963
"buffer","buffer","buffer","buffer","buffer","buffer","buffer","buffer","buffer","buffer",144091005
"buffer","buffer","buffer","buffer","buffer","buffer","buffer","buffer","buffer","buffer",144103115
"buffer","buffer","buffer","buffer","buffer","buffer","buffer","buffer","buffer","buffer",144115022
"buffer","buffer","buffer","buffer","buffer","buffer","buffer","buffer","buffer","buffer",144127081
"buffer","buffer","buffer","buffer","buffer","buffer","buffer","buffer","buffer","buffer",144139250
"buffer","buffer","buffer","buffer","buffer","buffer","buffer","buffer","buffer","buffer",144151179
"buffer","buffer","buffer","buffer","buffer","buffer","buffer","buffer","buffer","buffer",144163144
"buffer","buffer","buffer","buffer","buffer","buffer","buffer","buffer","buffer","buffer",144175185
"buffer","buffer","buffer","buffer","buffer","buffer","buffer","buffer","buffer","buffer",144187375
"buffer","buffer","buffer","buffer","buffer","buffer","buffer","buffer","buffer","buffer",144199346
"buffer","buffer","buffer","buffer","buffer","buffer","buffer","buffer","buffer","buffer",144211443
"buffer","buffer","buffer","buffer","buffer","buffer","buffer","buffer","buffer","buffer",144223375
"buffer","buffer","buffer","buffer","buffer","buffer","buffer","buffer","buffer","buffer",144235583
"buffer","buffer","buffer","buffer","buffer","buffer","buffer","buffer","buffer","buffer",144247663
"buffer","buffer","buffer","buffer","buffer","buffer","buffer","buffer","buffer","buffer",144259537
"buffer","buffer","buffer","buffer","buffer","buffer","buffer","buffer","buffer","buffer",144271580
"buffer","buffer","buffer","buffer","buffer","buffer","buffer","buffer","buffer","buffer",144283473
"buffer","buffer","buffer","buffer","buffer","buffer","buffer","buffer","buffer","buffer",144295799
"buffer","buffer","buffer","buffer","buffer","buffer","buffer","buffer","buffer","buffer",144307887
"buffer","buffer","buffer","buffer","buffer","buffer","buffer","buffer","buffer","buffer",144319795
"buffer","buffer","buffer","buffer","buffer","buffer","buffer","buffer","buffer","buffer",144331978
"buffer","buffer","buffer","buffer","buffer","buffer","buffer","buffer","buffer","buffer",144343977
"buffer","buffer","buffer","buffer","buffer","buffer","buffer","buffer","buffer","buffer",144355881
"buffer","buffer","buffer","buffer","buffer","buffer","buffer","buffer","buffer","buffer",144368071
"buffer","buffer","buffer","buffer","buffer","buffer","buffer","buffer","buffer","buffer",144380077
"buffer","buffer","buffer","buffer","buffer","buffer","buffer","buffer","buffer","buffer",144392157
"buffer","buffer","buffer","buffer","buffer","buffer","buffer","buffer","buffer","buffer",144404073
"buffer","buffer","buffer","buffer","buffer","buffer","buffer","buffer","buffer","buffer",144416105
"buffer","buffer","buffer","buffer","buffer","buffer","buffer","buffer","buffer","buffer",144428037
"buffer","buffer","buffer","buffer","buffer","buffer","buffer","buffer","buffer","buffer",144440346
"buffer","buffer","buffer","buffer","buffer","buffer","buffer","buffer","buffer","buffer",144452464
"buffer","buffer","buffer","buffer","buffer","buffer","buffer","buffer","buffer","buffer",144464210
"buffer","buffer","buffer","buffer","buffer","buffer","buffer","buffer","buffer","buffer",144476338
"buffer","buffer","buffer","buffer","buffer","buffer","buffer","buffer","buffer","buffer",144488645
"buffer","buffer","buffer","buffer","buffer","buffer","buffer","buffer","buffer","buffer",144500471
"buffer","buffer","buffer","buffer","buffer","buffer","buffer","buffer","buffer","buffer",144512540
"buffer","buffer","buffer","buffer","buffer","buffer","buffer","buffer","buffer","buffer",144524684
"buffer","buffer","buffer","buffer","buffer","buffer","buffer","buffer","buffer","buffer",144536582
"buffer","buffer","buffer","buffer","buffer","buffer","buffer","buffer","buffer","buffer",144548650
"buffer","buffer","buffer","buffer","buffer","buffer","buffer","buffer","buffer","buffer",144560541
"buffer","buffer","buffer","buffer","buffer","buffer","buffer","buffer","buffer","buffer",144572698
"buffer","buffer","buffer","buffer","buffer","buffer","buffer","buffer","buffer","buffer",144584682
"buffer","buffer","buffer","buffer","buffer","buffer","buffer","buffer","buffer","buffer",144596818
"buffer","buffer","buffer","buffer","buffer","buffer","buffer","buffer","buffer","buffer",144608770
"buffer","buffer","buffer","buffer","buffer","buffer","buffer","buffer","buffer","buffer",144621056
"buffer","buffer","buffer","buffer","buffer","buffer","buffer","buffer","buffer","buffer",144632908
"buffer","buffer","buffer","buffer","buffer","buffer","buffer","buffer","buffer","buffer",144645031
"buffer","buffer","buffer","buffer","buffer","buffer","buffer","buffer","buffer","buffer",144657130
"buffer","buffer","buffer","buffer","buffer","buffer","buffer","buffer","buffer","buffer",144669158
"buffer","buffer","buffer","buffer","buffer","buffer","buffer","buffer","buffer","buffer",144681184
"buffer","buffer","buffer","buffer","buffer","buffer","buffer","buffer","buffer","buffer",144693317
"buffer","buffer","buffer","buffer","buffer","buffer","buffer","buffer","buffer","buffer",144705297
"buffer","buffer","buffer","buffer","buffer","buffer","buffer","buffer","buffer","buffer",144717381
"buffer","buffer","buffer","buffer","buffer","buffer","buffer","buffer","buffer","buffer",144729237
"buffer","buffer","buffer","buffer","buffer","buffer","buffer","buffer","buffer","buffer",144741259
"buffer","buffer","buffer","buffer","buffer","buffer","buffer","buffer","buffer","buffer",144753485
"buffer","buffer","buffer","buffer","buffer","buffer","buffer","buffer","buffer","buffer",144765596
"buffer","buffer","buffer","buffer","buffer","buffer","buffer","buffer","buffer","buffer",144777473
"buffer","buffer","buffer","buffer","buffer","buffer","buffer","buffer","buffer","buffer",144789665
"buffer","buffer","buffer","buffer","buffer","buffer","buffer","buffer","buffer","buffer",144801664
"buffer","buffer","buffer","buffer","buffer","buffer","buffer","buffer","buffer","buffer",144813702
"buffer","buffer","buffer","buffer","buffer","buffer","buffer","buffer","buffer","buffer",144825798
"buffer","buffer","buffer","buffer","buffer","buffer","buffer","buffer","buffer","buffer",144837744
"buffer","buffer","buffer","buffer","buffer","buffer","buffer","buffer","buffer","buffer",144849916
"buffer","buffer","buffer","buffer","buffer","buffer","buffer","buffer","buffer","buffer",144861895
"buffer","buffer","buffer","buffer","buffer","buffer","buffer","buffer","buffer","buffer",144873940
"buffer","buffer","buffer","buffer","buffer","buffer","buffer","buffer","buffer","buffer",144885916
"buffer","buffer","buffer","buffer","buffer","buffer","buffer","buffer","buffer","buffer",144898132
"buffer","buffer","buffer","buffer","buffer","buffer","buffer","buffer","buffer","buffer",144910158
"buffer","buffer","buffer","buffer","buffer","buffer","buffer","buffer","buffer","buffer",144921989
"buffer","buffer","buffer","buffer","buffer","buffer","buffer","buffer","buffer","buffer",144934097
"buffer","buffer","buffer","buffer","buffer","buffer","buffer","buffer","buffer","buffer",144946167
"buffer","buffer","buffer","buffer","buffer","buffer","buffer","buffer","buffer","buffer",144958281
"buffer","buffer","buffer","buffer","buffer","buffer","buffer","buffer","buffer","buffer",144970334
"buffer","buffer","buffer","buffer","buffer","buffer","buffer","buffer","buffer","buffer",144982354
"buffer","buffer","buffer","buffer","buffer","buffer","buffer","buffer","buffer","buffer",144994253
"buffer","buffer","buffer","buffer","buffer","buffer","buffer","buffer","buffer","buffer",145006379
"buffer","buffer","buffer","buffer","buffer","buffer","buffer","buffer","buffer","buffer",145018441
"buffer","buffer","buffer","buffer","buffer","buffer","buffer","buffer","buffer","buffer",145030621
"buffer","buffer","buffer","buffer","buffer","buffer","buffer","buffer","buffer","buffer",145042669
"buffer","buffer","buffer","buffer","buffer","buffer","buffer","buffer","buffer","buffer",145054633
"buffer","buffer","buffer","buffer","buffer","buffer","buffer","buffer","buffer","buffer",145066560
"buffer","buffer","buffer","buffer","buffer","buffer","buffer","buffer","buffer","buffer",145078488
"buffer","buffer","buffer","buffer","buffer","buffer","buffer","buffer","buffer","buffer",145090654
"buffer","buffer","buffer","buffer","buffer","buffer","buffer","buffer","buffer","buffer",145103043
"buffer","buffer","buffer","buffer","buffer","buffer","buffer","buffer","buffer","buffer",145115036
"buffer","buffer","buffer","buffer","buffer","buffer","buffer","buffer","buffer","buffer",145126949
"buffer","buffer","buffer","buffer","buffer","buffer","buffer","buffer","buffer","buffer",145138723
"buffer","buffer","buffer","buffer","buffer","buffer","buffer","buffer","buffer","buffer",145150960
"buffer","buffer","buffer","buffer","buffer","buffer","buffer","buffer","buffer","buffer",145163129
"buffer","buffer","buffer","buffer","buffer","buffer","buffer","buffer","buffer","buffer",145174981
"buffer","buffer","buffer","buffer","buffer","buffer","buffer","buffer","buffer","buffer",145187502
"buffer","buffer","buffer","buffer","buffer","buffer","buffer","buffer","buffer","buffer",145199195
"buffer","buffer","buffer","buffer","buffer","buffer","buffer","buffer","buffer","buffer",145211227
"buffer","buffer","buffer","buffer","buffer","buffer","buffer","buffer","buffer","buffer",145223267
"buffer","buffer","buffer","buffer","buffer","buffer","buffer","buffer","buffer","buffer",145235307
"buffer","buffer","buffer","buffer","buffer","buffer","buffer","buffer","buffer","buffer",145247473
"buffer","buffer","buffer","buffer","buffer","buffer","buffer","buffer","buffer","buffer",145259332
"buffer","buffer","buffer","buffer","buffer","buffer","buffer","buffer","buffer","buffer",145271414
"buffer","buffer","buffer","buffer","buffer","buffer","buffer","buffer","buffer","buffer",145283553
"buffer","buffer","buffer","buffer","buffer","buffer","buffer","buffer","buffer","buffer",145295521
"buffer","buffer","buffer","buffer","buffer","buffer","buffer","buffer","buffer","buffer",145307525
"buffer","buffer","buffer","buffer","buffer","buffer","buffer","buffer","buffer","buffer",145319583
"buffer","buffer","buffer","buffer","buffer","buffer","buffer","buffer","buffer","buffer",145331534
"buffer","buffer","buffer","buffer","buffer","buffer","buffer","buffer","buffer","buffer",145343733
"buffer","buffer","buffer","buffer","buffer","buffer","buffer","buffer","buffer","buffer",145355623
"buffer","buffer","buffer","buffer","buffer","buffer","buffer","buffer","buffer","buffer",145367874
"buffer","buffer","buffer","buffer","buffer","buffer","buffer","buffer","buffer","buffer",145379795
"buffer","buffer","buffer","buffer","buffer","buffer","buffer","buffer","buffer","buffer",145391861
"buffer","buffer","buffer","buffer","buffer","buffer","buffer","buffer","buffer","buffer",145403934
"buffer","buffer","buffer","buffer","buffer","buffer","buffer","buffer","buffer","buffer",145415929
"buffer","buffer","buffer","buffer","buffer","buffer","buffer","buffer","buffer","buffer",145427936
"buffer","buffer","buffer","buffer","buffer","buffer","buffer","buffer","buffer","buffer",145439997
"buffer","buffer","buffer","buffer","buffer","buffer","buffer","buffer","buffer","buffer",145452019
"buffer","buffer","buffer","buffer","buffer","buffer","buffer","buffer","buffer","buffer",145464149
"buffer","buffer","buffer","buffer","buffer","buffer","buffer","buffer","buffer","buffer",145476443
"buffer","buffer","buffer","buffer","buffer","buffer","buffer","buffer","buffer","buffer",145488372
"buffer","buffer","buffer","buffer","buffer","buffer","buffer","buffer","buffer","buffer",145500507
"buffer","buffer","buffer","buffer","buffer","buffer","buffer","buffer","buffer","buffer",145512205
"buffer","buffer","buffer","buffer","buffer","buffer","buffer","buffer","buffer","buffer",145524274
"buffer","buffer","buffer","buffer","buffer","buffer","buffer","buffer","buffer","buffer",145536291
"buffer","buffer","buffer","buffer","buffer","buffer","buffer","buffer","buffer","buffer",145548501
"buffer","buffer","buffer","buffer","buffer","buffer","buffer","buffer","buffer","buffer",145560580
"buffer","buffer","buffer","buffer","buffer","buffer","buffer","buffer","buffer","buffer",145572634
"buffer","buffer","buffer","buffer","buffer","buffer","buffer","buffer","buffer","buffer",145584579
"buffer","buffer","buffer","buffer","buffer","buffer","buffer","buffer","buffer","buffer",145596667
"buffer","buffer","buffer","buffer","buffer","buffer","buffer","buffer","buffer","buffer",145608563
"buffer","buffer","buffer","buffer","buffer","buffer","buffer","buffer","buffer","buffer",145620913
"buffer","buffer","buffer","buffer","buffer","buffer","buffer","buffer","buffer","buffer",145632620
"buffer","buffer","buffer","buffer","buffer","buffer","buffer","buffer","buffer","buffer",145644825
"buffer","buffer","buffer","buffer","buffer","buffer","buffer","buffer","buffer","buffer",145656887
"buffer","buffer","buffer","buffer","buffer","buffer","buffer","buffer","buffer","buffer",145668961
"buffer","buffer","buffer","buffer","buffer","buffer","buffer","buffer","buffer","buffer",145680953
"buffer","buffer","buffer","buffer","buffer","buffer","buffer","buffer","buffer","buffer",145692941
"buffer","buffer","buffer","buffer","buffer","buffer","buffer","buffer","buffer","buffer",145705230
"buffer","buffer","buffer","buffer","buffer","buffer","buffer","buffer","buffer","buffer",145717033
"buffer","buffer","buffer","buffer","buffer","buffer","buffer","buffer","buffer","buffer",145729089
"buffer","buffer","buffer","buffer","buffer","buffer","buffer","buffer","buffer","buffer",145741207
"buffer","buffer","buffer","buffer","buffer","buffer","buffer","buffer","buffer","buffer",145753187
"buffer","buffer","buffer","buffer","buffer","buffer","buffer","buffer","buffer","buffer",145765494
"buffer","buffer","buffer","buffer","buffer","buffer","buffer","buffer","buffer","buffer",145777363
"buffer","buffer","buffer","buffer","buffer","buffer","buffer","buffer","buffer","buffer",145789384
"buffer","buffer","buffer","buffer","buffer","buffer","buffer","buffer","buffer","buffer",145801664
"buffer","buffer","buffer","buffer","buffer","buffer","buffer","buffer","buffer","buffer",145813680
"buffer","buffer","buffer","buffer","buffer","buffer","buffer","buffer","buffer","buffer",145825595
"buffer","buffer","buffer","buffer","buffer","buffer","buffer","buffer","buffer","buffer",145837623
"buffer","buffer","buffer","buffer","buffer","buffer","buffer","buffer","buffer","buffer",145849678
"buffer","buffer","buffer","buffer","buffer","buffer","buffer","buffer","buffer","buffer",145861663
"buffer","buffer","buffer","buffer","buffer","buffer","buffer","buffer","buffer","buffer",145873649
"buffer","buffer","buffer","buffer","buffer","buffer","buffer","buffer","buffer","buffer",145885727
"buffer","buffer","buffer","buffer","buffer","buffer","buffer","buffer","buffer","buffer",145897852
"buffer","buffer","buffer","buffer","buffer","buffer","buffer","buffer","buffer","buffer",145909887
"buffer","buffer","buffer","buffer","buffer","buffer","buffer","buffer","buffer","buffer",145921987
"buffer","buffer","buffer","buffer","buffer","buffer","buffer","buffer","buffer","buffer",145933901
"buffer","buffer","buffer","buffer","buffer","buffer","buffer","buffer","buffer","buffer",145946050
"buffer","buffer","buffer","buffer","buffer","buffer","buffer","buffer","buffer","buffer",145958212
"buffer","buffer","buffer","buffer","buffer","buffer","buffer","buffer","buffer","buffer",145970168
"buffer","buffer","buffer","buffer","buffer","buffer","buffer","buffer","buffer","buffer",145982045
"buffer","buffer","buffer","buffer","buffer","buffer","buffer","buffer","buffer","buffer",145994337
"buffer","buffer","buffer","buffer","buffer","buffer","buffer","buffer","buffer","buffer",146006377
"buffer","buffer","buffer","buffer","buffer","buffer","buffer","buffer","buffer","buffer",146018256
"buffer","buffer","buffer","buffer","buffer","buffer","buffer","buffer","buffer","buffer",146030193
"buffer","buffer","buffer","buffer","buffer","buffer","buffer","buffer","buffer","buffer",146042383
"buffer","buffer","buffer","buffer","buffer","buffer","buffer","buffer","buffer","buffer",146054210
"buffer","buffer","buffer","buffer","buffer","buffer","buffer","buffer","buffer","buffer",146066588
"buffer","buffer","buffer","buffer","buffer","buffer","buffer","buffer","buffer","buffer",146078621
"buffer","buffer","buffer","buffer","buffer","buffer","buffer","buffer","buffer","buffer",146090437
"buffer","buffer","buffer","buffer","buffer","buffer","buffer","buffer","buffer","buffer",146102397
"buffer","buffer","buffer","buffer","buffer","buffer","buffer","buffer","buffer","buffer",146114677
"buffer","buffer","buffer","buffer","buffer","buffer","buffer","buffer","buffer","buffer",146126663
"buffer","buffer","buffer","buffer","buffer","buffer","buffer","buffer","buffer","buffer",146138636
"buffer","buffer","buffer","buffer","buffer","buffer","buffer","buffer","buffer","buffer",146150821
"buffer","buffer","buffer","buffer","buffer","buffer","buffer","buffer","buffer","buffer",146162724
"buffer","buffer","buffer","buffer","buffer","buffer","buffer","buffer","buffer","buffer",146174793
"buffer","buffer","buffer","buffer","buffer","buffer","buffer","buffer","buffer","buffer",146187152
"buffer","buffer","buffer","buffer","buffer","buffer","buffer","buffer","buffer","buffer",146198906
"buffer","buffer","buffer","buffer","buffer","buffer","buffer","buffer","buffer","buffer",146210960
"buffer","buffer","buffer","buffer","buffer","buffer","buffer","buffer","buffer","buffer",146222995
"buffer","buffer","buffer","buffer","buffer","buffer","buffer","buffer","buffer","buffer",146235120
"buffer","buffer","buffer","buffer","buffer","buffer","buffer","buffer","buffer","buffer",146247209
"buffer","buffer","buffer","buffer","buffer","buffer","buffer","buffer","buffer","buffer",146259101
"buffer","buffer","buffer","buffer","buffer","buffer","buffer","buffer","buffer","buffer",146271393
"buffer","buffer","buffer","buffer","buffer","buffer","buffer","buffer","buffer","buffer",146283306
"buffer","buffer","buffer","buffer","buffer","buffer","buffer","buffer","buffer","buffer",146295385
"buffer","buffer","buffer","buffer","buffer","buffer","buffer","buffer","buffer","buffer",146307374
"buffer","buffer","buffer","buffer","buffer","buffer","buffer","buffer","buffer","buffer",146319409
"buffer","buffer","buffer","buffer","buffer","buffer","buffer","buffer","buffer","buffer",146331387
"buffer","buffer","buffer","buffer","buffer","buffer","buffer","buffer","buffer","buffer",146343452
"buffer","buffer","buffer","buffer","buffer","buffer","buffer","buffer","buffer","buffer",146355287
"buffer","buffer","buffer","buffer","buffer","buffer","buffer","buffer","buffer","buffer",146367546
"buffer","buffer","buffer","buffer","buffer","buffer","buffer","buffer","buffer","buffer",146379630
"buffer","buffer","buffer","buffer","buffer","buffer","buffer","buffer","buffer","buffer",146391677
"buffer","buffer","buffer","buffer","buffer","buffer","buffer","buffer","buffer","buffer",146403667
"buffer","buffer","buffer","buffer","buffer","buffer","buffer","buffer","buffer","buffer",146415588
"buffer","buffer","buffer","buffer","buffer","buffer","buffer","buffer","buffer","buffer",146427914
"buffer","buffer","buffer","buffer","buffer","buffer","buffer","buffer","buffer","buffer",146439941
"buffer","buffer","buffer","buffer","buffer","buffer","buffer","buffer","buffer","buffer",146452001
"buffer","buffer","buffer","buffer","buffer","buffer","buffer","buffer","buffer","buffer",146463928
"buffer","buffer","buffer","buffer","buffer","buffer","buffer","buffer","buffer","buffer",146475984
"buffer","buffer","buffer","buffer","buffer","buffer","buffer","buffer","buffer","buffer",146488043
"buffer","buffer","buffer","buffer","buffer","buffer","buffer","buffer","buffer","buffer",146500099
"buffer","buffer","buffer","buffer","buffer","buffer","buffer","buffer","buffer","buffer",146512319
"buffer","buffer","buffer","buffer","buffer","buffer","buffer","buffer","buffer","buffer",146524196
"buffer","buffer","buffer","buffer","buffer","buffer","buffer","buffer","buffer","buffer",146536261
"buffer","buffer","buffer","buffer","buffer","buffer","buffer","buffer","buffer","buffer",146548293
"buffer","buffer","buffer","buffer","buffer","buffer","buffer","buffer","buffer","buffer",146560347
"buffer","buffer","buffer","buffer","buffer","buffer","buffer","buffer","buffer","buffer",146572357
"buffer","buffer","buffer","buffer","buffer","buffer","buffer","buffer","buffer","buffer",146584378
"buffer","buffer","buffer","buffer","buffer","buffer","buffer","buffer","buffer","buffer",146596478
"buffer","buffer","buffer","buffer","buffer","buffer","buffer","buffer","buffer","buffer",146608458
"buffer","buffer","buffer","buffer","buffer","buffer","buffer","buffer","buffer","buffer",146620531
"buffer","buffer","buffer","buffer","buffer","buffer","buffer","buffer","buffer","buffer",146632667
"buffer","buffer","buffer","buffer","buffer","buffer","buffer","buffer","buffer","buffer",146644467
"buffer","buffer","buffer","buffer","buffer","buffer","buffer","buffer","buffer","buffer",146656556
"buffer","buffer","buffer","buffer","buffer","buffer","buffer","buffer","buffer","buffer",146668771
"buffer","buffer","buffer","buffer","buffer","buffer","buffer","buffer","buffer","buffer",146680563
"buffer","buffer","buffer","buffer","buffer","buffer","buffer","buffer","buffer","buffer",146692806
"buffer","buffer","buffer","buffer","buffer","buffer","buffer","buffer","buffer","buffer",146704680
"buffer","buffer","buffer","buffer","buffer","buffer","buffer","buffer","buffer","buffer",146716772
"buffer","buffer","buffer","buffer","buffer","buffer","buffer","buffer","buffer","buffer",146728908
"buffer","buffer","buffer","buffer","buffer","buffer","buffer","buffer","buffer","buffer",146740894
"buffer","buffer","buffer","buffer","buffer","buffer","buffer","buffer","buffer","buffer",146753052
"buffer","buffer","buffer","buffer","buffer","buffer","buffer","buffer","buffer","buffer",146765113
"buffer","buffer","buffer","buffer","buffer","buffer","buffer","buffer","buffer","buffer",146777117
"buffer","buffer","buffer","buffer","buffer","buffer","buffer","buffer","buffer","buffer",146789368
"buffer","buffer","buffer","buffer","buffer","buffer","buffer","buffer","buffer","buffer",146801355
"buffer","buffer","buffer","buffer","buffer","buffer","buffer","buffer","buffer","buffer",146813073
"buffer","buffer","buffer","buffer","buffer","buffer","buffer","buffer","buffer","buffer",146825363
"buffer","buffer","buffer","buffer","buffer","buffer","buffer","buffer","buffer","buffer",146837382
"buffer","buffer","buffer","buffer","buffer","buffer","buffer","buffer","buffer","buffer",146849396
"buffer","buffer","buffer","buffer","buffer","buffer","buffer","buffer","buffer","buffer",146861594
"buffer","buffer","buffer","buffer","buffer","buffer","buffer","buffer","buffer","buffer",146873636
"buffer","buffer","buffer","buffer","buffer","buffer","buffer","buffer","buffer","buffer",146885586
"buffer","buffer","buffer","buffer","buffer","buffer","buffer","buffer","buffer","buffer",146897653
"buffer","buffer","buffer","buffer","buffer","buffer","buffer","buffer","buffer","buffer",146909585
"buffer","buffer","buffer","buffer","buffer","buffer","buffer","buffer","buffer","buffer",146921680
"buffer","buffer","buffer","buffer","buffer","buffer","buffer","buffer","buffer","buffer",146933762
"buffer","buffer","buffer","buffer","buffer","buffer","buffer","buffer","buffer","buffer",146945534
"buffer","buffer","buffer","buffer","buffer","buffer","buffer","buffer","buffer","buffer",146957842
"buffer","buffer","buffer","buffer","buffer","buffer","buffer","buffer","buffer","buffer",146969997
"buffer","buffer","buffer","buffer","buffer","buffer","buffer","buffer","buffer","buffer",146981980
"buffer","buffer","buffer","buffer","buffer","buffer","buffer","buffer","buffer","buffer",146994002
"buffer","buffer","buffer","buffer","buffer","buffer","buffer","buffer","buffer","buffer",147006005
"buffer","buffer","buffer","buffer","buffer","buffer","buffer","buffer","buffer","buffer",147018214
"buffer","buffer","buffer","buffer","buffer","buffer","buffer","buffer","buffer","buffer",147029975
"buffer","buffer","buffer","buffer","buffer","buffer","buffer","buffer","buffer","buffer",147042209
"buffer","buffer","buffer","buffer","buffer","buffer","buffer","buffer","buffer","buffer",147054297
"buffer","buffer","buffer","buffer","buffer","buffer","buffer","buffer","buffer","buffer",147066148
"buffer","buffer","buffer","buffer","buffer","buffer","buffer","buffer","buffer","buffer",147078217
"buffer","buffer","buffer","buffer","buffer","buffer","buffer","buffer","buffer","buffer",147090285
"buffer","buffer","buffer","buffer","buffer","buffer","buffer","buffer","buffer","buffer",147102332
"buffer","buffer","buffer","buffer","buffer","buffer","buffer","buffer","buffer","buffer",147114325
"buffer","buffer","buffer","buffer","buffer","buffer","buffer","buffer","buffer","buffer",147126485
"buffer","buffer","buffer","buffer","buffer","buffer","buffer","buffer","buffer","buffer",147138582
"buffer","buffer","buffer","buffer","buffer","buffer","buffer","buffer","buffer","buffer",147150652
"buffer","buffer","buffer","buffer","buffer","buffer","buffer","buffer","buffer","buffer",147162688
"buffer","buffer","buffer","buffer","buffer","buffer","buffer","buffer","buffer","buffer",147174669
"buffer","buffer","buffer","buffer","buffer","buffer","buffer","buffer","buffer","buffer",147186661
"buffer","buffer","buffer","buffer","buffer","buffer","buffer","buffer","buffer","buffer",147198519
"buffer","buffer","buffer","buffer","buffer","buffer","buffer","buffer","buffer","buffer",147210810
"buffer","buffer","buffer","buffer","buffer","buffer","buffer","buffer","buffer","buffer",147222746
"buffer","buffer","buffer","buffer","buffer","buffer","buffer","buffer","buffer","buffer",147235040
"buffer","buffer","buffer","buffer","buffer","buffer","buffer","buffer","buffer","buffer",147246732
"buffer","buffer","buffer","buffer","buffer","buffer","buffer","buffer","buffer","buffer",147258955
"buffer","buffer","buffer","buffer","buffer","buffer","buffer","buffer","buffer","buffer",147270765
"buffer","buffer","buffer","buffer","buffer","buffer","buffer","buffer","buffer","buffer",147283106
"buffer","buffer","buffer","buffer","buffer","buffer","buffer","buffer","buffer","buffer",147295051
"buffer","buffer","buffer","buffer","buffer","buffer","buffer","buffer","buffer","buffer",147307080
"buffer","buffer","buffer","buffer","buffer","buffer","buffer","buffer","buffer","buffer",147319212
"buffer","buffer","buffer","buffer","buffer","buffer","buffer","buffer","buffer","buffer",147331235
"buffer","buffer","buffer","buffer","buffer","buffer","buffer","buffer","buffer","buffer",147343411
"buffer","buffer","buffer","buffer","buffer","buffer","buffer","buffer","buffer","buffer",147355409
"buffer","buffer","buffer","buffer","buffer","buffer","buffer","buffer","buffer","buffer",147367371
"buffer","buffer","buffer","buffer","buffer","buffer","buffer","buffer","buffer","buffer",147379309
"buffer","buffer","buffer","buffer","buffer","buffer","buffer","buffer","buffer","buffer",147391484
"buffer","buffer","buffer","buffer","buffer","buffer","buffer","buffer","buffer","buffer",147403508
"buffer","buffer","buffer","buffer","buffer","buffer","buffer","buffer","buffer","buffer",147415602
"buffer","buffer","buffer","buffer","buffer","buffer","buffer","buffer","buffer","buffer",147427732
"buffer","buffer","buffer","buffer","buffer","buffer","buffer","buffer","buffer","buffer",147439648
"buffer","buffer","buffer","buffer","buffer","buffer","buffer","buffer","buffer","buffer",147451897
"buffer","buffer","buffer","buffer","buffer","buffer","buffer","buffer","buffer","buffer",147463733
"buffer","buffer","buffer","buffer","buffer","buffer","buffer","buffer","buffer","buffer",147475870
"buffer","buffer","buffer","buffer","buffer","buffer","buffer","buffer","buffer","buffer",147487670
"buffer","buffer","buffer","buffer","buffer","buffer","buffer","buffer","buffer","buffer",147499804
"buffer","buffer","buffer","buffer","buffer","buffer","buffer","buffer","buffer","buffer",147511901
"buffer","buffer","buffer","buffer","buffer","buffer","buffer","buffer","buffer","buffer",147524048
"buffer","buffer","buffer","buffer","buffer","buffer","buffer","buffer","buffer","buffer",147536061
"buffer","buffer","buffer","buffer","buffer","buffer","buffer","buffer","buffer","buffer",147548030
"buffer","buffer","buffer","buffer","buffer","buffer","buffer","buffer","buffer","buffer",147560012
"buffer","buffer","buffer","buffer","buffer","buffer","buffer","buffer","buffer","buffer",147571894
"buffer","buffer","buffer","buffer","buffer","buffer","buffer","buffer","buffer","buffer",147584172
"buffer","buffer","buffer","buffer","buffer","buffer","buffer","buffer","buffer","buffer",147596367
"buffer","buffer","buffer","buffer","buffer","buffer","buffer","buffer","buffer","buffer",147608338
"buffer","buffer","buffer","buffer","buffer","buffer","buffer","buffer","buffer","buffer",147620311
"buffer","buffer","buffer","buffer","buffer","buffer","buffer","buffer","buffer","buffer",147632295
"buffer","buffer","buffer","buffer","buffer","buffer","buffer","buffer","buffer","buffer",147644291
"buffer","buffer","buffer","buffer","buffer","buffer","buffer","buffer","buffer","buffer",147656437
"buffer","buffer","buffer","buffer","buffer","buffer","buffer","buffer","buffer","buffer",147668576
"buffer","buffer","buffer","buffer","buffer","buffer","buffer","buffer","buffer","buffer",147680547
"buffer","buffer","buffer","buffer","buffer","buffer","buffer","buffer","buffer","buffer",147692450
"buffer","buffer","buffer","buffer","buffer","buffer","buffer","buffer","buffer","buffer",147704685
"buffer","buffer","buffer","buffer","buffer","buffer","buffer","buffer","buffer","buffer",147716608
"buffer","buffer","buffer","buffer","buffer","buffer","buffer","buffer","buffer","buffer",147728657
"buffer","buffer","buffer","buffer","buffer","buffer","buffer","buffer","buffer","buffer",147740990
"buffer","buffer","buffer","buffer","buffer","buffer","buffer","buffer","buffer","buffer",147753005
"buffer","buffer","buffer","buffer","buffer","buffer","buffer","buffer","buffer","buffer",147765058
"buffer","buffer","buffer","buffer","buffer","buffer","buffer","buffer","buffer","buffer",147776855
"buffer","buffer","buffer","buffer","buffer","buffer","buffer","buffer","buffer","buffer",147788971
"buffer","buffer","buffer","buffer","buffer","buffer","buffer","buffer","buffer","buffer",147800960
"buffer","buffer","buffer","buffer","buffer","buffer","buffer","buffer","buffer","buffer",147813130
"buffer","buffer","buffer","buffer","buffer","buffer","buffer","buffer","buffer","buffer",147825078
"buffer","buffer","buffer","buffer","buffer","buffer","buffer","buffer","buffer","buffer",147837064
"buffer","buffer","buffer","buffer","buffer","buffer","buffer","buffer","buffer","buffer",147849274
"buffer","buffer","buffer","buffer","buffer","buffer","buffer","buffer","buffer","buffer",147861039
"buffer","buffer","buffer","buffer","buffer","buffer","buffer","buffer","buffer","buffer",147873293
"buffer","buffer","buffer","buffer","buffer","buffer","buffer","buffer","buffer","buffer",147885456
"buffer","buffer","buffer","buffer","buffer","buffer","buffer","buffer","buffer","buffer",147897383
"buffer","buffer","buffer","buffer","buffer","buffer","buffer","buffer","buffer","buffer",147909483
"buffer","buffer","buffer","buffer","buffer","buffer","buffer","buffer","buffer","buffer",147921415
"buffer","buffer","buffer","buffer","buffer","buffer","buffer","buffer","buffer","buffer",147933519
"buffer","buffer","buffer","buffer","buffer","buffer","buffer","buffer","buffer","buffer",147945547
"buffer","buffer","buffer","buffer","buffer","buffer","buffer","buffer","buffer","buffer",147957554
"buffer","buffer","buffer","buffer","buffer","buffer","buffer","buffer","buffer","buffer",147969748
"buffer","buffer","buffer","buffer","buffer","buffer","buffer","buffer","buffer","buffer",147981567
"buffer","buffer","buffer","buffer","buffer","buffer","buffer","buffer","buffer","buffer",147993798
"buffer","buffer","buffer","buffer","buffer","buffer","buffer","buffer","buffer","buffer",148005745
"buffer","buffer","buffer","buffer","buffer","buffer","buffer","buffer","buffer","buffer",148017781
"buffer","buffer","buffer","buffer","buffer","buffer","buffer","buffer","buffer","buffer",148029773
"buffer","buffer","buffer","buffer","buffer","buffer","buffer","buffer","buffer","buffer",148041962
"buffer","buffer","buffer","buffer","buffer","buffer","buffer","buffer","buffer","buffer",148053855
"buffer","buffer","buffer","buffer","buffer","buffer","buffer","buffer","buffer","buffer",148066208
"buffer","buffer","buffer","buffer","buffer","buffer","buffer","buffer","buffer","buffer",148078113
"buffer","buffer","buffer","buffer","buffer","buffer","buffer","buffer","buffer","buffer",148090169
"buffer","buffer","buffer","buffer","buffer","buffer","buffer","buffer","buffer","buffer",148102089
"buffer","buffer","buffer","buffer","buffer","buffer","buffer","buffer","buffer","buffer",148114239
"buffer","buffer","buffer","buffer","buffer","buffer","buffer","buffer","buffer","buffer",148126270
"buffer","buffer","buffer","buffer","buffer","buffer","buffer","buffer","buffer","buffer",148138512
"buffer","buffer","buffer","buffer","buffer","buffer","buffer","buffer","buffer","buffer",148150196
"buffer","buffer","buffer","buffer","buffer","buffer","buffer","buffer","buffer","buffer",148162505
"buffer","buffer","buffer","buffer","buffer","buffer","buffer","buffer","buffer","buffer",148174537
"buffer","buffer","buffer","buffer","buffer","buffer","buffer","buffer","buffer","buffer",148186470
"buffer","buffer","buffer","buffer","buffer","buffer","buffer","buffer","buffer","buffer",148198546
"buffer","buffer","buffer","buffer","buffer","buffer","buffer","buffer","buffer","buffer",148210743
"buffer","buffer","buffer","buffer","buffer","buffer","buffer","buffer","buffer","buffer",148222613
"buffer","buffer","buffer","buffer","buffer","buffer","buffer","buffer","buffer","buffer",148234738
"buffer","buffer","buffer","buffer","buffer","buffer","buffer","buffer","buffer","buffer",148246674
"buffer","buffer","buffer","buffer","buffer","buffer","buffer","buffer","buffer","buffer",148258679
"buffer","buffer","buffer","buffer","buffer","buffer","buffer","buffer","buffer","buffer",148270786
"buffer","buffer","buffer","buffer","buffer","buffer","buffer","buffer","buffer","buffer",148282890
"buffer","buffer","buffer","buffer","buffer","buffer","buffer","buffer","buffer","buffer",148294872
"buffer","buffer","buffer","buffer","buffer","buffer","buffer","buffer","buffer","buffer",148306916
"buffer","buffer","buffer","buffer","buffer","buffer","buffer","buffer","buffer","buffer",148319046
"buffer","buffer","buffer","buffer","buffer","buffer","buffer","buffer","buffer","buffer",148331030
"buffer","buffer","buffer","buffer","buffer","buffer","buffer","buffer","buffer","buffer",148343160
"buffer","buffer","buffer","buffer","buffer","buffer","buffer","buffer","buffer","buffer",148355264
"buffer","buffer","buffer","buffer","buffer","buffer","buffer","buffer","buffer","buffer",148367000
"buffer","buffer","buffer","buffer","buffer","buffer","buffer","buffer","buffer","buffer",148379316
"buffer","buffer","buffer","buffer","buffer","buffer","buffer","buffer","buffer","buffer",148391203
"buffer","buffer","buffer","buffer","buffer","buffer","buffer","buffer","buffer","buffer",148403123
"buffer","buffer","buffer","buffer","buffer","buffer","buffer","buffer","buffer","buffer",148415272
"buffer","buffer","buffer","buffer","buffer","buffer","buffer","buffer","buffer","buffer",148427494
"buffer","buffer","buffer","buffer","buffer","buffer","buffer","buffer","buffer","buffer",148439400
"buffer","buffer","buffer","buffer","buffer","buffer","buffer","buffer","buffer","buffer",148451401
"buffer","buffer","buffer","buffer","buffer","buffer","buffer","buffer","buffer","buffer",148463546
"buffer","buffer","buffer","buffer","buffer","buffer","buffer","buffer","buffer","buffer",148475641
"buffer","buffer","buffer","buffer","buffer","buffer","buffer","buffer","buffer","buffer",148487797
"buffer","buffer","buffer","buffer","buffer","buffer","buffer","buffer","buffer","buffer",148499613
"buffer","buffer","buffer","buffer","buffer","buffer","buffer","buffer","buffer","buffer",148511674
"buffer","buffer","buffer","buffer","buffer","buffer","buffer","buffer","buffer","buffer",148523737
"buffer","buffer","buffer","buffer","buffer","buffer","buffer","buffer","buffer","buffer",148535775
"buffer","buffer","buffer","buffer","buffer","buffer","buffer","buffer","buffer","buffer",148547842
"buffer","buffer","buffer","buffer","buffer","buffer","buffer","buffer","buffer","buffer",148559940
"buffer","buffer","buffer","buffer","buffer","buffer","buffer","buffer","buffer","buffer",148571990
"buffer","buffer","buffer","buffer","buffer","buffer","buffer","buffer","buffer","buffer",148584116
"buffer","buffer","buffer","buffer","buffer","buffer","buffer","buffer","buffer","buffer",148596219
"buffer","buffer","buffer","buffer","buffer","buffer","buffer","buffer","buffer","buffer",148608093
"buffer","buffer","buffer","buffer","buffer","buffer","buffer","buffer","buffer","buffer",148619940
"buffer","buffer","buffer","buffer","buffer","buffer","buffer","buffer","buffer","buffer",148632132
"buffer","buffer","buffer","buffer","buffer","buffer","buffer","buffer","buffer","buffer",148643991
"buffer","buffer","buffer","buffer","buffer","buffer","buffer","buffer","buffer","buffer",148656253
"buffer","buffer","buffer","buffer","buffer","buffer","buffer","buffer","buffer","buffer",148668233
"buffer","buffer","buffer","buffer","buffer","buffer","buffer","buffer","buffer","buffer",148680372
"buffer","buffer","buffer","buffer","buffer","buffer","buffer","buffer","buffer","buffer",148692608
"buffer","buffer","buffer","buffer","buffer","buffer","buffer","buffer","buffer","buffer",148704330
"buffer","buffer","buffer","buffer","buffer","buffer","buffer","buffer","buffer","buffer",148716616
"buffer","buffer","buffer","buffer","buffer","buffer","buffer","buffer","buffer","buffer",148728628
"buffer","buffer","buffer","buffer","buffer","buffer","buffer","buffer","buffer","buffer",148740809
"buffer","buffer","buffer","buffer","buffer","buffer","buffer","buffer","buffer","buffer",148752795
"buffer","buffer","buffer","buffer","buffer","buffer","buffer","buffer","buffer","buffer",148764596
"buffer","buffer","buffer","buffer","buffer","buffer","buffer","buffer","buffer","buffer",148776747
"buffer","buffer","buffer","buffer","buffer","buffer","buffer","buffer","buffer","buffer",148788711
"buffer","buffer","buffer","buffer","buffer","buffer","buffer","buffer","buffer","buffer",148800828
"buffer","buffer","buffer","buffer","buffer","buffer","buffer","buffer","buffer","buffer",148812868
"buffer","buffer","buffer","buffer","buffer","buffer","buffer","buffer","buffer","buffer",148824800
"buffer","buffer","buffer","buffer","buffer","buffer","buffer","buffer","buffer","buffer",148836997
"buffer","buffer","buffer","buffer","buffer","buffer","buffer","buffer","buffer","buffer",148848870
"buffer","buffer","buffer","buffer","buffer","buffer","buffer","buffer","buffer","buffer",148860922
"buffer","buffer","buffer","buffer","buffer","buffer","buffer","buffer","buffer","buffer",148872986
"buffer","buffer","buffer","buffer","buffer","buffer","buffer","buffer","buffer","buffer",148885082
"buffer","buffer","buffer","buffer","buffer","buffer","buffer","buffer","buffer","buffer",148897082
"buffer","buffer","buffer","buffer","buffer","buffer","buffer","buffer","buffer","buffer",148909297
"buffer","buffer","buffer","buffer","buffer","buffer","buffer","buffer","buffer","buffer",148921222
"buffer","buffer","buffer","buffer","buffer","buffer","buffer","buffer","buffer","buffer",148933225
"buffer","buffer","buffer","buffer","buffer","buffer","buffer","buffer","buffer","buffer",148945235
"buffer","buffer","buffer","buffer","buffer","buffer","buffer","buffer","buffer","buffer",148957326
"buffer","buffer","buffer","buffer","buffer","buffer","buffer","buffer","buffer","buffer",148969538
"buffer","buffer","buffer","buffer","buffer","buffer","buffer","buffer","buffer","buffer",148981470
"buffer","buffer","buffer","buffer","buffer","buffer","buffer","buffer","buffer","buffer",148993459
"buffer","buffer","buffer","buffer","buffer","buffer","buffer","buffer","buffer","buffer",149005639
"buffer","buffer","buffer","buffer","buffer","buffer","buffer","buffer","buffer","buffer",149017437
"buffer","buffer","buffer","buffer","buffer","buffer","buffer","buffer","buffer","buffer",149029701
"buffer","buffer","buffer","buffer","buffer","buffer","buffer","buffer","buffer","buffer",149041927
"buffer","buffer","buffer","buffer","buffer","buffer","buffer","buffer","buffer","buffer",149053898
"buffer","buffer","buffer","buffer","buffer","buffer","buffer","buffer","buffer","buffer",149065814
"buffer","buffer","buffer","buffer","buffer","buffer","buffer","buffer","buffer","buffer",149078064
"buffer","buffer","buffer","buffer","buffer","buffer","buffer","buffer","buffer","buffer",149089903
"buffer","buffer","buffer","buffer","buffer","buffer","buffer","buffer","buffer","buffer",149102193
"buffer","buffer","buffer","buffer","buffer","buffer","buffer","buffer","buffer","buffer",149113947
"buffer","buffer","buffer","buffer","buffer","buffer","buffer","buffer","buffer","buffer",149126176
"buffer","buffer","buffer","buffer","buffer","buffer","buffer","buffer","buffer","buffer",149138073
"buffer","buffer","buffer","buffer","buffer","buffer","buffer","buffer","buffer","buffer",149150095
"buffer","buffer","buffer","buffer","buffer","buffer","buffer","buffer","buffer","buffer",149162201
"buffer","buffer","buffer","buffer","buffer","buffer","buffer","buffer","buffer","buffer",149174020
"buffer","buffer","buffer","buffer","buffer","buffer","buffer","buffer","buffer","buffer",149186192
"buffer","buffer","buffer","buffer","buffer","buffer","buffer","buffer","buffer","buffer",149198471
"buffer","buffer","buffer","buffer","buffer","buffer","buffer","buffer","buffer","buffer",149210358
"buffer","buffer","buffer","buffer","buffer","buffer","buffer","buffer","buffer","buffer",149222371
"buffer","buffer","buffer","buffer","buffer","buffer","buffer","buffer","buffer","buffer",149234608
"buffer","buffer","buffer","buffer","buffer","buffer","buffer","buffer","buffer","buffer",149246586
"buffer","buffer","buffer","buffer","buffer","buffer","buffer","buffer","buffer","buffer",149258575
"buffer","buffer","buffer","buffer","buffer","buffer","buffer","buffer","buffer","buffer",149270526
"buffer","buffer","buffer","buffer","buffer","buffer","buffer","buffer","buffer","buffer",149282548
"buffer","buffer","buffer","buffer","buffer","buffer","buffer","buffer","buffer","buffer",149294891
"buffer","buffer","buffer","buffer","buffer","buffer","buffer","buffer","buffer","buffer",149306724
"buffer","buffer","buffer","buffer","buffer","buffer","buffer","buffer","buffer","buffer",149318862
"buffer","buffer","buffer","buffer","buffer","buffer","buffer","buffer","buffer","buffer",149331024
"buffer","buffer","buffer","buffer","buffer","buffer","buffer","buffer","buffer","buffer",149342969
"buffer","buffer","buffer","buffer","buffer","buffer","buffer","buffer","buffer","buffer",149354892
"buffer","buffer","buffer","buffer","buffer","buffer","buffer","buffer","buffer","buffer",149367000
"buffer","buffer","buffer","buffer","buffer","buffer","buffer","buffer","buffer","buffer",149379138
"buffer","buffer","buffer","buffer","buffer","buffer","buffer","buffer","buffer","buffer",149390935
"buffer","buffer","buffer","buffer","buffer","buffer","buffer","buffer","buffer","buffer",149403104
"buffer","buffer","buffer","buffer","buffer","buffer","buffer","buffer","buffer","buffer",149415181
"buffer","buffer","buffer","buffer","buffer","buffer","buffer","buffer","buffer","buffer",149427216
"buffer","buffer","buffer","buffer","buffer","buffer","buffer","buffer","buffer","buffer",149439201
"buffer","buffer","buffer","buffer","buffer","buffer","buffer","buffer","buffer","buffer",149451260
"buffer","buffer","buffer","buffer","buffer","buffer","buffer","buffer","buffer","buffer",149463487
"buffer","buffer","buffer","buffer","buffer","buffer","buffer","buffer","buffer","buffer",149475540
"buffer","buffer","buffer","buffer","buffer","buffer","buffer","buffer","buffer","buffer",149487359
"buffer","buffer","buffer","buffer","buffer","buffer","buffer","buffer","buffer","buffer",149499329
"buffer","buffer","buffer","buffer","buffer","buffer","buffer","buffer","buffer","buffer",149511618
"buffer","buffer","buffer","buffer","buffer","buffer","buffer","buffer","buffer","buffer",149523534
"buffer","buffer","buffer","buffer","buffer","buffer","buffer","buffer","buffer","buffer",149535695
"buffer","buffer","buffer","buffer","buffer","buffer","buffer","buffer","buffer","buffer",149547745
"buffer","buffer","buffer","buffer","buffer","buffer","buffer","buffer","buffer","buffer",149559705
"buffer","buffer","buffer","buffer","buffer","buffer","buffer","buffer","buffer","buffer",149571682
"buffer","buffer","buffer","buffer","buffer","buffer","buffer","buffer","buffer","buffer",149583719
"buffer","buffer","buffer","buffer","buffer","buffer","buffer","buffer","buffer","buffer",149595830
"buffer","buffer","buffer","buffer","buffer","buffer","buffer","buffer","buffer","buffer",149608087
"buffer","buffer","buffer","buffer","buffer","buffer","buffer","buffer","buffer","buffer",149619946
"buffer","buffer","buffer","buffer","buffer","buffer","buffer","buffer","buffer","buffer",149631967
"buffer","buffer","buffer","buffer","buffer","buffer","buffer","buffer","buffer","buffer",149643803
"buffer","buffer","buffer","buffer","buffer","buffer","buffer","buffer","buffer","buffer",149655963
"buffer","buffer","buffer","buffer","buffer","buffer","buffer","buffer","buffer","buffer",149668194
"buffer","buffer","buffer","buffer","buffer","buffer","buffer","buffer","buffer","buffer",149680323
"buffer","buffer","buffer","buffer","buffer","buffer","buffer","buffer","buffer","buffer",149692168
"buffer","buffer","buffer","buffer","buffer","buffer","buffer","buffer","buffer","buffer",149704163
"buffer","buffer","buffer","buffer","buffer","buffer","buffer","buffer","buffer","buffer",149716250
"buffer","buffer","buffer","buffer","buffer","buffer","buffer","buffer","buffer","buffer",149728305
"buffer","buffer","buffer","buffer","buffer","buffer","buffer","buffer","buffer","buffer",149740360
"buffer","buffer","buffer","buffer","buffer","buffer","buffer","buffer","buffer","buffer",149752651
"buffer","buffer","buffer","buffer","buffer","buffer","buffer","buffer","buffer","buffer",149764305
"buffer","buffer","buffer","buffer","buffer","buffer","buffer","buffer","buffer","buffer",149776538
"buffer","buffer","buffer","buffer","buffer","buffer","buffer","buffer","buffer","buffer",149788624
"buffer","buffer","buffer","buffer","buffer","buffer","buffer","buffer","buffer","buffer",149800623
"buffer","buffer","buffer","buffer","buffer","buffer","buffer","buffer","buffer","buffer",149812497
"buffer","buffer","buffer","buffer","buffer","buffer","buffer","buffer","buffer","buffer",149824649
"buffer","buffer","buffer","buffer","buffer","buffer","buffer","buffer","buffer","buffer",149836801
"buffer","buffer","buffer","buffer","buffer","buffer","buffer","buffer","buffer","buffer",149848698
"buffer","buffer","buffer","buffer","buffer","buffer","buffer","buffer","buffer","buffer",149860839
"buffer","buffer","buffer","buffer","buffer","buffer","buffer","buffer","buffer","buffer",149873012
"buffer","buffer","buffer","buffer","buffer","buffer","buffer","buffer","buffer","buffer",149884937
"buffer","buffer","buffer","buffer","buffer","buffer","buffer","buffer","buffer","buffer",149897252
"buffer","buffer","buffer","buffer","buffer","buffer","buffer","buffer","buffer","buffer",149908990
"buffer","buffer","buffer","buffer","buffer","buffer","buffer","buffer","buffer","buffer",149921240
"buffer","buffer","buffer","buffer","buffer","buffer","buffer","buffer","buffer","buffer",149933060
"buffer","buffer","buffer","buffer","buffer","buffer","buffer","buffer","buffer","buffer",149945176
"buffer","buffer","buffer","buffer","buffer","buffer","buffer","buffer","buffer","buffer",149957153
"buffer","buffer","buffer","buffer","buffer","buffer","buffer","buffer","buffer","buffer",149969402
"buffer","buffer","buffer","buffer","buffer","buffer","buffer","buffer","buffer","buffer",149981242
"buffer","buffer","buffer","buffer","buffer","buffer","buffer","buffer","buffer","buffer",149993328
"buffer","buffer","buffer","buffer","buffer","buffer","buffer","buffer","buffer","buffer",150005389
"buffer","buffer","buffer","buffer","buffer","buffer","buffer","buffer","buffer","buffer",150017319
"buffer","buffer","buffer","buffer","buffer","buffer","buffer","buffer","buffer","buffer",150029508
"buffer","buffer","buffer","buffer","buffer","buffer","buffer","buffer","buffer","buffer",150041303
"buffer","buffer","buffer","buffer","buffer","buffer","buffer","buffer","buffer","buffer",150053635
"buffer","buffer","buffer","buffer","buffer","buffer","buffer","buffer","buffer","buffer",150065646
"buffer","buffer","buffer","buffer","buffer","buffer","buffer","buffer","buffer","buffer",150077517
"buffer","buffer","buffer","buffer","buffer","buffer","buffer","buffer","buffer","buffer",150089688
"buffer","buffer","buffer","buffer","buffer","buffer","buffer","buffer","buffer","buffer",150101870
"buffer","buffer","buffer","buffer","buffer","buffer","buffer","buffer","buffer","buffer",150113720
"buffer","buffer","buffer","buffer","buffer","buffer","buffer","buffer","buffer","buffer",150125772
"buffer","buffer","buffer","buffer","buffer","buffer","buffer","buffer","buffer","buffer",150137936
"buffer","buffer","buffer","buffer","buffer","buffer","buffer","buffer","buffer","buffer",150149911
"buffer","buffer","buffer","buffer","buffer","buffer","buffer","buffer","buffer","buffer",150161982
"buffer","buffer","buffer","buffer","buffer","buffer","buffer","buffer","buffer","buffer",150174096
"buffer","buffer","buffer","buffer","buffer","buffer","buffer","buffer","buffer","buffer",150186027
"buffer","buffer","buffer","buffer","buffer","buffer","buffer","buffer","buffer","buffer",150198173
"buffer","buffer","buffer","buffer","buffer","buffer","buffer","buffer","buffer","buffer",150210165
"buffer","buffer","buffer","buffer","buffer","buffer","buffer","buffer","buffer","buffer",150222168
"buffer","buffer","buffer","buffer","buffer","buffer","buffer","buffer","buffer","buffer",150234233
"buffer","buffer","buffer","buffer","buffer","buffer","buffer","buffer","buffer","buffer",150246201
"buffer","buffer","buffer","buffer","buffer","buffer","buffer","buffer","buffer","buffer",150258301
"buffer","buffer","buffer","buffer","buffer","buffer","buffer","buffer","buffer","buffer",150270261
"buffer","buffer","buffer","buffer","buffer","buffer","buffer","buffer","buffer","buffer",150282291
"buffer","buffer","buffer","buffer","buffer","buffer","buffer","buffer","buffer","buffer",150294453
"buffer","buffer","buffer","buffer","buffer","buffer","buffer","buffer","buffer","buffer",150306555
"buffer","buffer","buffer","buffer","buffer","buffer","buffer","buffer","buffer","buffer",150318697
"buffer","buffer","buffer","buffer","buffer","buffer","buffer","buffer","buffer","buffer",150330553
"buffer","buffer","buffer","buffer","buffer","buffer","buffer","buffer","buffer","buffer",150342747
"buffer","buffer","buffer","buffer","buffer","buffer","buffer","buffer","buffer","buffer",150354740
"buffer","buffer","buffer","buffer","buffer","buffer","buffer","buffer","buffer","buffer",150366855
"buffer","buffer","buffer","buffer","buffer","buffer","buffer","buffer","buffer","buffer",150378615
"buffer","buffer","buffer","buffer","buffer","buffer","buffer","buffer","buffer","buffer",150390740
"buffer","buffer","buffer","buffer","buffer","buffer","buffer","buffer","buffer","buffer",150402849
"buffer","buffer","buffer","buffer","buffer","buffer","buffer","buffer","buffer","buffer",150415068
"buffer","buffer","buffer","buffer","buffer","buffer","buffer","buffer","buffer","buffer",150427016
"buffer","buffer","buffer","buffer","buffer","buffer","buffer","buffer","buffer","buffer",150439084
"buffer","buffer","buffer","buffer","buffer","buffer","buffer","buffer","buffer","buffer",150451224
"buffer","buffer","buffer","buffer","buffer","buffer","buffer","buffer","buffer","buffer",150462980
"buffer","buffer","buffer","buffer","buffer","buffer","buffer","buffer","buffer","buffer",150475153
"buffer","buffer","buffer","buffer","buffer","buffer","buffer","buffer","buffer","buffer",150487322
"buffer","buffer","buffer","buffer","buffer","buffer","buffer","buffer","buffer","buffer",150499217
"buffer","buffer","buffer","buffer","buffer","buffer","buffer","buffer","buffer","buffer",150511416
"buffer","buffer","buffer","buffer","buffer","buffer","buffer","buffer","buffer","buffer",150523433
"buffer","buffer","buffer","buffer","buffer","buffer","buffer","buffer","buffer","buffer",150535507
"buffer","buffer","buffer","buffer","buffer","buffer","buffer","buffer","buffer","buffer",150547608
"buffer","buffer","buffer","buffer","buffer","buffer","buffer","buffer","buffer","buffer",150559524
"buffer","buffer","buffer","buffer","buffer","buffer","buffer","buffer","buffer","buffer",150571425
"buffer","buffer","buffer","buffer","buffer","buffer","buffer","buffer","buffer","buffer",150583552
"buffer","buffer","buffer","buffer","buffer","buffer","buffer","buffer","buffer","buffer",150595674
"buffer","buffer","buffer","buffer","buffer","buffer","buffer","buffer","buffer","buffer",150607733
"buffer","buffer","buffer","buffer","buffer","buffer","buffer","buffer","buffer","buffer",150619791
"buffer","buffer","buffer","buffer","buffer","buffer","buffer","buffer","buffer","buffer",150631791
"buffer","buffer","buffer","buffer","buffer","buffer","buffer","buffer","buffer","buffer",150643714
"buffer","buffer","buffer","buffer","buffer","buffer","buffer","buffer","buffer","buffer",150655949
"buffer","buffer","buffer","buffer","buffer","buffer","buffer","buffer","buffer","buffer",150667873
"buffer","buffer","buffer","buffer","buffer","buffer","buffer","buffer","buffer","buffer",150680142
"buffer","buffer","buffer","buffer","buffer","buffer","buffer","buffer","buffer","buffer",150691935
"buffer","buffer","buffer","buffer","buffer","buffer","buffer","buffer","buffer","buffer",150703842
"buffer","buffer","buffer","buffer","buffer","buffer","buffer","buffer","buffer","buffer",150716085
"buffer","buffer","buffer","buffer","buffer","buffer","buffer","buffer","buffer","buffer",150728087
"buffer","buffer","buffer","buffer","buffer","buffer","buffer","buffer","buffer","buffer",150740344
"buffer","buffer","buffer","buffer","buffer","buffer","buffer","buffer","buffer","buffer",150752242
"buffer","buffer","buffer","buffer","buffer","buffer","buffer","buffer","buffer","buffer",150764173
"buffer","buffer","buffer","buffer","buffer","buffer","buffer","buffer","buffer","buffer",150776223
"buffer","buffer","buffer","buffer","buffer","buffer","buffer","buffer","buffer","buffer",150788266
"buffer","buffer","buffer","buffer","buffer","buffer","buffer","buffer","buffer","buffer",150800288
"buffer","buffer","buffer","buffer","buffer","buffer","buffer","buffer","buffer","buffer",150812537
"buffer","buffer","buffer","buffer","buffer","buffer","buffer","buffer","buffer","buffer",150824677
"buffer","buffer","buffer","buffer","buffer","buffer","buffer","buffer","buffer","buffer",150836494
"buffer","buffer","buffer","buffer","buffer","buffer","buffer","buffer","buffer","buffer",150848530
"buffer","buffer","buffer","buffer","buffer","buffer","buffer","buffer","buffer","buffer",150860622
"buffer","buffer","buffer","buffer","buffer","buffer","buffer","buffer","buffer","buffer",150872760
"buffer","buffer","buffer","buffer","buffer","buffer","buffer","buffer","buffer","buffer",150884692
"buffer","buffer","buffer","buffer","buffer","buffer","buffer","buffer","buffer","buffer",150896782
"buffer","buffer","buffer","buffer","buffer","buffer","buffer","buffer","buffer","buffer",150908541
"buffer","buffer","buffer","buffer","buffer","buffer","buffer","buffer","buffer","buffer",150920899
"buffer","buffer","buffer","buffer","buffer","buffer","buffer","buffer","buffer","buffer",150932757
"buffer","buffer","buffer","buffer","buffer","buffer","buffer","buffer","buffer","buffer",150944827
"buffer","buffer","buffer","buffer","buffer","buffer","buffer","buffer","buffer","buffer",150956991
"buffer","buffer","buffer","buffer","buffer","buffer","buffer","buffer","buffer","buffer",150969303
"buffer","buffer","buffer","buffer","buffer","buffer","buffer","buffer","buffer","buffer",150981217
"buffer","buffer","buffer","buffer","buffer","buffer","buffer","buffer","buffer","buffer",150993112
"buffer","buffer","buffer","buffer","buffer","buffer","buffer","buffer","buffer","buffer",151005105
"buffer","buffer","buffer","buffer","buffer","buffer","buffer","buffer","buffer","buffer",151017198
"buffer","buffer","buffer","buffer","buffer","buffer","buffer","buffer","buffer","buffer",151029273
"buffer","buffer","buffer","buffer","buffer","buffer","buffer","buffer","buffer","buffer",151041427
"buffer","buffer","buffer","buffer","buffer","buffer","buffer","buffer","buffer","buffer",151053393
"buffer","buffer","buffer","buffer","buffer","buffer","buffer","buffer","buffer","buffer",151065356
"buffer","buffer","buffer","buffer","buffer","buffer","buffer","buffer","buffer","buffer",151077559
"buffer","buffer","buffer","buffer","buffer","buffer","buffer","buffer","buffer","buffer",151089517
"buffer","buffer","buffer","buffer","buffer","buffer","buffer","buffer","buffer","buffer",151101471
"buffer","buffer","buffer","buffer","buffer","buffer","buffer","buffer","buffer","buffer",151113632
"buffer","buffer","buffer","buffer","buffer","buffer","buffer","buffer","buffer","buffer",151125635
"buffer","buffer","buffer","buffer","buffer","buffer","buffer","buffer","buffer","buffer",151137860
"buffer","buffer","buffer","buffer","buffer","buffer","buffer","buffer","buffer","buffer",151149521
"buffer","buffer","buffer","buffer","buffer","buffer","buffer","buffer","buffer","buffer",151161833
"buffer","buffer","buffer","buffer","buffer","buffer","buffer","buffer","buffer","buffer",151173748
"buffer","buffer","buffer","buffer","buffer","buffer","buffer","buffer","buffer","buffer",151185717
"buffer","buffer","buffer","buffer","buffer","buffer","buffer","buffer","buffer","buffer",151197999
"buffer","buffer","buffer","buffer","buffer","buffer","buffer","buffer","buffer","buffer",151210090
"buffer","buffer","buffer","buffer","buffer","buffer","buffer","buffer","buffer","buffer",151221976
"buffer","buffer","buffer","buffer","buffer","buffer","buffer","buffer","buffer","buffer",151234116
"buffer","buffer","buffer","buffer","buffer","buffer","buffer","buffer","buffer","buffer",151246197
"buffer","buffer","buffer","buffer","buffer","buffer","buffer","buffer","buffer","buffer",151258133
"buffer","buffer","buffer","buffer","buffer","buffer","buffer","buffer","buffer","buffer",151270243
"buffer","buffer","buffer","buffer","buffer","buffer","buffer","buffer","buffer","buffer",151282309
"buffer","buffer","buffer","buffer","buffer","buffer","buffer","buffer","buffer","buffer",151294164
"buffer","buffer","buffer","buffer","buffer","buffer","buffer","buffer","buffer","buffer",151306483
"buffer","buffer","buffer","buffer","buffer","buffer","buffer","buffer","buffer","buffer",151318636
"buffer","buffer","buffer","buffer","buffer","buffer","buffer","buffer","buffer","buffer",151330200
"buffer","buffer","buffer","buffer","buffer","buffer","buffer","buffer","buffer","buffer",151342498
"buffer","buffer","buffer","buffer","buffer","buffer","buffer","buffer","buffer","buffer",151354615
"buffer","buffer","buffer","buffer","buffer","buffer","buffer","buffer","buffer","buffer",151366724
"buffer","buffer","buffer","buffer","buffer","buffer","buffer","buffer","buffer","buffer",151378466
"buffer","buffer","buffer","buffer","buffer","buffer","buffer","buffer","buffer","buffer",151390630
"buffer","buffer","buffer","buffer","buffer","buffer","buffer","buffer","buffer","buffer",151402753
"buffer","buffer","buffer","buffer","buffer","buffer","buffer","buffer","buffer","buffer",151414553
"buffer","buffer","buffer","buffer","buffer","buffer","buffer","buffer","buffer","buffer",151426779
"buffer","buffer","buffer","buffer","buffer","buffer","buffer","buffer","buffer","buffer",151438979
"buffer","buffer","buffer","buffer","buffer","buffer","buffer","buffer","buffer","buffer",151450925
"buffer","buffer","buffer","buffer","buffer","buffer","buffer","buffer","buffer","buffer",151462902
"buffer","buffer","buffer","buffer","buffer","buffer","buffer","buffer","buffer","buffer",151475098
"buffer","buffer","buffer","buffer","buffer","buffer","buffer","buffer","buffer","buffer",151486952
"buffer","buffer","buffer","buffer","buffer","buffer","buffer","buffer","buffer","buffer",151499105
"buffer","buffer","buffer","buffer","buffer","buffer","buffer","buffer","buffer","buffer",151511078
"buffer","buffer","buffer","buffer","buffer","buffer","buffer","buffer","buffer","buffer",151523297
"buffer","buffer","buffer","buffer","buffer","buffer","buffer","buffer","buffer","buffer",151535116
"buffer","buffer","buffer","buffer","buffer","buffer","buffer","buffer","buffer","buffer",151547318
"buffer","buffer","buffer","buffer","buffer","buffer","buffer","buffer","buffer","buffer",151559265
"buffer","buffer","buffer","buffer","buffer","buffer","buffer","buffer","buffer","buffer",151571373
"buffer","buffer","buffer","buffer","buffer","buffer","buffer","buffer","buffer","buffer",151583314
"buffer","buffer","buffer","buffer","buffer","buffer","buffer","buffer","buffer","buffer",151595406
"buffer","buffer","buffer","buffer","buffer","buffer","buffer","buffer","buffer","buffer",151607559
"buffer","buffer","buffer","buffer","buffer","buffer","buffer","buffer","buffer","buffer",151619699
"buffer","buffer","buffer","buffer","buffer","buffer","buffer","buffer","buffer","buffer",151631542
"buffer","buffer","buffer","buffer","buffer","buffer","buffer","buffer","buffer","buffer",151643527
"buffer","buffer","buffer","buffer","buffer","buffer","buffer","buffer","buffer","buffer",151655647
"buffer","buffer","buffer","buffer","buffer","buffer","buffer","buffer","buffer","buffer",151667600
"buffer","buffer","buffer","buffer","buffer","buffer","buffer","buffer","buffer","buffer",151679745
"buffer","buffer","buffer","buffer","buffer","buffer","buffer","buffer","buffer","buffer",151691821
"buffer","buffer","buffer","buffer","buffer","buffer","buffer","buffer","buffer","buffer",151703801
"buffer","buffer","buffer","buffer","buffer","buffer","buffer","buffer","buffer","buffer",151715881
"buffer","buffer","buffer","buffer","buffer","buffer","buffer","buffer","buffer","buffer",151727911
"buffer","buffer","buffer","buffer","buffer","buffer","buffer","buffer","buffer","buffer",151739968
"buffer","buffer","buffer","buffer","buffer","buffer","buffer","buffer","buffer","buffer",151752079
"buffer","buffer","buffer","buffer","buffer","buffer","buffer","buffer","buffer","buffer",151764087
"buffer","buffer","buffer","buffer","buffer","buffer","buffer","buffer","buffer","buffer",151776036
"buffer","buffer","buffer","buffer","buffer","buffer","buffer","buffer","buffer","buffer",151788124
"buffer","buffer","buffer","buffer","buffer","buffer","buffer","buffer","buffer","buffer",151800139
"buffer","buffer","buffer","buffer","buffer","buffer","buffer","buffer","buffer","buffer",151812248
"buffer","buffer","buffer","buffer","buffer","buffer","buffer","buffer","buffer","buffer",151824172
"buffer","buffer","buffer","buffer","buffer","buffer","buffer","buffer","buffer","buffer",151836220
"buffer","buffer","buffer","buffer","buffer","buffer","buffer","buffer","buffer","buffer",151848227
"buffer","buffer","buffer","buffer","buffer","buffer","buffer","buffer","buffer","buffer",151860539
"buffer","buffer","buffer","buffer","buffer","buffer","buffer","buffer","buffer","buffer",151872386
"buffer","buffer","buffer","buffer","buffer","buffer","buffer","buffer","buffer","buffer",151884487
"buffer","buffer","buffer","buffer","buffer","buffer","buffer","buffer","buffer","buffer",151896578
"buffer","buffer","buffer","buffer","buffer","buffer","buffer","buffer","buffer","buffer",151908565
"buffer","buffer","buffer","buffer","buffer","buffer","buffer","buffer","buffer","buffer",151920619
"buffer","buffer","buffer","buffer","buffer","buffer","buffer","buffer","buffer","buffer",151932675
"buffer","buffer","buffer","buffer","buffer","buffer","buffer","buffer","buffer","buffer",151944621
"buffer","buffer","buffer","buffer","buffer","buffer","buffer","buffer","buffer","buffer",151956773
"buffer","buffer","buffer","buffer","buffer","buffer","buffer","buffer","buffer","buffer",151968912
"buffer","buffer","buffer","buffer","buffer","buffer","buffer","buffer","buffer","buffer",151980885
"buffer","buffer","buffer","buffer","buffer","buffer","buffer","buffer","buffer","buffer",151993011
"buffer","buffer","buffer","buffer","buffer","buffer","buffer","buffer","buffer","buffer",152004976
"buffer","buffer","buffer","buffer","buffer","buffer","buffer","buffer","buffer","buffer",152017013
"buffer","buffer","buffer","buffer","buffer","buffer","buffer","buffer","buffer","buffer",152029136
"buffer","buffer","buffer","buffer","buffer","buffer","buffer","buffer","buffer","buffer",152041100
"buffer","buffer","buffer","buffer","buffer","buffer","buffer","buffer","buffer","buffer",152053144
"buffer","buffer","buffer","buffer","buffer","buffer","buffer","buffer","buffer","buffer",152065148
"buffer","buffer","buffer","buffer","buffer","buffer","buffer","buffer","buffer","buffer",152077349
"buffer","buffer","buffer","buffer","buffer","buffer","buffer","buffer","buffer","buffer",152089280
"buffer","buffer","buffer","buffer","buffer","buffer","buffer","buffer","buffer","buffer",152101341
"buffer","buffer","buffer","buffer","buffer","buffer","buffer","buffer","buffer","buffer",152113165
"buffer","buffer","buffer","buffer","buffer","buffer","buffer","buffer","buffer","buffer",152125643
"buffer","buffer","buffer","buffer","buffer","buffer","buffer","buffer","buffer","buffer",152137612
"buffer","buffer","buffer","buffer","buffer","buffer","buffer","buffer","buffer","buffer",152149519
"buffer","buffer","buffer","buffer","buffer","buffer","buffer","buffer","buffer","buffer",152161596
"buffer","buffer","buffer","buffer","buffer","buffer","buffer","buffer","buffer","buffer",152173652
"buffer","buffer","buffer","buffer","buffer","buffer","buffer","buffer","buffer","buffer",152185685
"buffer","buffer","buffer","buffer","buffer","buffer","buffer","buffer","buffer","buffer",152197819
"buffer","buffer","buffer","buffer","buffer","buffer","buffer","buffer","buffer","buffer",152209861
"buffer","buffer","buffer","buffer","buffer","buffer","buffer","buffer","buffer","buffer",152221868
"buffer","buffer","buffer","buffer","buffer","buffer","buffer","buffer","buffer","buffer",152233897
"buffer","buffer","buffer","buffer","buffer","buffer","buffer","buffer","buffer","buffer",152245928
"buffer","buffer","buffer","buffer","buffer","buffer","buffer","buffer","buffer","buffer",152258026
"buffer","buffer","buffer","buffer","buffer","buffer","buffer","buffer","buffer","buffer",152270215
"buffer","buffer","buffer","buffer","buffer","buffer","buffer","buffer","buffer","buffer",152281954
"buffer","buffer","buffer","buffer","buffer","buffer","buffer","buffer","buffer","buffer",152294075
"buffer","buffer","buffer","buffer","buffer","buffer","buffer","buffer","buffer","buffer",152306165
"buffer","buffer","buffer","buffer","buffer","buffer","buffer","buffer","buffer","buffer",152318073
"buffer","buffer","buffer","buffer","buffer","buffer","buffer","buffer","buffer","buffer",152330154
"buffer","buffer","buffer","buffer","buffer","buffer","buffer","buffer","buffer","buffer",152342266
"buffer","buffer","buffer","buffer","buffer","buffer","buffer","buffer","buffer","buffer",152354302
"buffer","buffer","buffer","buffer","buffer","buffer","buffer","buffer","buffer","buffer",152366393
"buffer","buffer","buffer","buffer","buffer","buffer","buffer","buffer","buffer","buffer",152378447
"buffer","buffer","buffer","buffer","buffer","buffer","buffer","buffer","buffer","buffer",152390666
"buffer","buffer","buffer","buffer","buffer","buffer","buffer","buffer","buffer","buffer",152402669
"buffer","buffer","buffer","buffer","buffer","buffer","buffer","buffer","buffer","buffer",152414624
"buffer","buffer","buffer","buffer","buffer","buffer","buffer","buffer","buffer","buffer",152426675
"buffer","buffer","buffer","buffer","buffer","buffer","buffer","buffer","buffer","buffer",152438768
"buffer","buffer","buffer","buffer","buffer","buffer","buffer","buffer","buffer","buffer",152450599
"buffer","buffer","buffer","buffer","buffer","buffer","buffer","buffer","buffer","buffer",152462925
"buffer","buffer","buffer","buffer","buffer","buffer","buffer","buffer","buffer","buffer",152474884
"buffer","buffer","buffer","buffer","buffer","buffer","buffer","buffer","buffer","buffer",152486792
"buffer","buffer","buffer","buffer","buffer","buffer","buffer","buffer","buffer","buffer",152498750
"buffer","buffer","buffer","buffer","buffer","buffer","buffer","buffer","buffer","buffer",152510998
"buffer","buffer","buffer","buffer","buffer","buffer","buffer","buffer","buffer","buffer",152522832
"buffer","buffer","buffer","buffer","buffer","buffer","buffer","buffer","buffer","buffer",152535137
"buffer","buffer","buffer","buffer","buffer","buffer","buffer","buffer","buffer","buffer",152547083
"buffer","buffer","buffer","buffer","buffer","buffer","buffer","buffer","buffer","buffer",152559116
"buffer","buffer","buffer","buffer","buffer","buffer","buffer","buffer","buffer","buffer",152571031
"buffer","buffer","buffer","buffer","buffer","buffer","buffer","buffer","buffer","buffer",152583072
"buffer","buffer","buffer","buffer","buffer","buffer","buffer","buffer","buffer","buffer",152594948
"buffer","buffer","buffer","buffer","buffer","buffer","buffer","buffer","buffer","buffer",152607338
"buffer","buffer","buffer","buffer","buffer","buffer","buffer","buffer","buffer","buffer",152619186
"buffer","buffer","buffer","buffer","buffer","buffer","buffer","buffer","buffer","buffer",152631268
"buffer","buffer","buffer","buffer","buffer","buffer","buffer","buffer","buffer","buffer",152643463
"buffer","buffer","buffer","buffer","buffer","buffer","buffer","buffer","buffer","buffer",152655296
"buffer","buffer","buffer","buffer","buffer","buffer","buffer","buffer","buffer","buffer",152667640
"buffer","buffer","buffer","buffer","buffer","buffer","buffer","buffer","buffer","buffer",152679474
"buffer","buffer","buffer","buffer","buffer","buffer","buffer","buffer","buffer","buffer",152691479
"buffer","buffer","buffer","buffer","buffer","buffer","buffer","buffer","buffer","buffer",152703730
"buffer","buffer","buffer","buffer","buffer","buffer","buffer","buffer","buffer","buffer",152715688
"buffer","buffer","buffer","buffer","buffer","buffer","buffer","buffer","buffer","buffer",152727780
"buffer","buffer","buffer","buffer","buffer","buffer","buffer","buffer","buffer","buffer",152739816
"buffer","buffer","buffer","buffer","buffer","buffer","buffer","buffer","buffer","buffer",152751604
"buffer","buffer","buffer","buffer","buffer","buffer","buffer","buffer","buffer","buffer",152763814
"buffer","buffer","buffer","buffer","buffer","buffer","buffer","buffer","buffer","buffer",152776115
"buffer","buffer","buffer","buffer","buffer","buffer","buffer","buffer","buffer","buffer",152787886
"buffer","buffer","buffer","buffer","buffer","buffer","buffer","buffer","buffer","buffer",152800028
"buffer","buffer","buffer","buffer","buffer","buffer","buffer","buffer","buffer","buffer",152812045
"buffer","buffer","buffer","buffer","buffer","buffer","buffer","buffer","buffer","buffer",152824309
"buffer","buffer","buffer","buffer","buffer","buffer","buffer","buffer","buffer","buffer",152836221
"buffer","buffer","buffer","buffer","buffer","buffer","buffer","buffer","buffer","buffer",152848262
"buffer","buffer","buffer","buffer","buffer","buffer","buffer","buffer","buffer","buffer",152860217
"buffer","buffer","buffer","buffer","buffer","buffer","buffer","buffer","buffer","buffer",152872253
"buffer","buffer","buffer","buffer","buffer","buffer","buffer","buffer","buffer","buffer",152884090
"buffer","buffer","buffer","buffer","buffer","buffer","buffer","buffer","buffer","buffer",152896181
"buffer","buffer","buffer","buffer","buffer","buffer","buffer","buffer","buffer","buffer",152908285
"buffer","buffer","buffer","buffer","buffer","buffer","buffer","buffer","buffer","buffer",152920442
"buffer","buffer","buffer","buffer","buffer","buffer","buffer","buffer","buffer","buffer",152932499
"buffer","buffer","buffer","buffer","buffer","buffer","buffer","buffer","buffer","buffer",152944549
"buffer","buffer","buffer","buffer","buffer","buffer","buffer","buffer","buffer","buffer",152956762
"buffer","buffer","buffer","buffer","buffer","buffer","buffer","buffer","buffer","buffer",152968747
"buffer","buffer","buffer","buffer","buffer","buffer","buffer","buffer","buffer","buffer",152980633
"buffer","buffer","buffer","buffer","buffer","buffer","buffer","buffer","buffer","buffer",152992531
"buffer","buffer","buffer","buffer","buffer","buffer","buffer","buffer","buffer","buffer",153005077
"buffer","buffer","buffer","buffer","buffer","buffer","buffer","buffer","buffer","buffer",153016712
"buffer","buffer","buffer","buffer","buffer","buffer","buffer","buffer","buffer","buffer",153029071
"buffer","buffer","buffer","buffer","buffer","buffer","buffer","buffer","buffer","buffer",153041059
"buffer","buffer","buffer","buffer","buffer","buffer","buffer","buffer","buffer","buffer",153052905
"buffer","buffer","buffer","buffer","buffer","buffer","buffer","buffer","buffer","buffer",153064998
"buffer","buffer","buffer","buffer","buffer","buffer","buffer","buffer","buffer","buffer",153077032
"buffer","buffer","buffer","buffer","buffer","buffer","buffer","buffer","buffer","buffer",153089139
"buffer","buffer","buffer","buffer","buffer","buffer","buffer","buffer","buffer","buffer",153100989
"buffer","buffer","buffer","buffer","buffer","buffer","buffer","buffer","buffer","buffer",153113264
"buffer","buffer","buffer","buffer","buffer","buffer","buffer","buffer","buffer","buffer",153125407
"buffer","buffer","buffer","buffer","buffer","buffer","buffer","buffer","buffer","buffer",153137165
"buffer","buffer","buffer","buffer","buffer","buffer","buffer","buffer","buffer","buffer",153149253
"buffer","buffer","buffer","buffer","buffer","buffer","buffer","buffer","buffer","buffer",153161297
"buffer","buffer","buffer","buffer","buffer","buffer","buffer","buffer","buffer","buffer",153173410
"buffer","buffer","buffer","buffer","buffer","buffer","buffer","buffer","buffer","buffer",153185487
"buffer","buffer","buffer","buffer","buffer","buffer","buffer","buffer","buffer","buffer",153197547
"buffer","buffer","buffer","buffer","buffer","buffer","buffer","buffer","buffer","buffer",153209596
"buffer","buffer","buffer","buffer","buffer","buffer","buffer","buffer","buffer","buffer",153221646
"buffer","buffer","buffer","buffer","buffer","buffer","buffer","buffer","buffer","buffer",153233649
"buffer","buffer","buffer","buffer","buffer","buffer","buffer","buffer","buffer","buffer",153245729
"buffer","buffer","buffer","buffer","buffer","buffer","buffer","buffer","buffer","buffer",153257862
"buffer","buffer","buffer","buffer","buffer","buffer","buffer","buffer","buffer","buffer",153269824
"buffer","buffer","buffer","buffer","buffer","buffer","buffer","buffer","buffer","buffer",153281783
"buffer","buffer","buffer","buffer","buffer","buffer","buffer","buffer","buffer","buffer",153293847
"buffer","buffer","buffer","buffer","buffer","buffer","buffer","buffer","buffer","buffer",153306200
"buffer","buffer","buffer","buffer","buffer","buffer","buffer","buffer","buffer","buffer",153317944
"buffer","buffer","buffer","buffer","buffer","buffer","buffer","buffer","buffer","buffer",153329962
"buffer","buffer","buffer","buffer","buffer","buffer","buffer","buffer","buffer","buffer",153342191
"buffer","buffer","buffer","buffer","buffer","buffer","buffer","buffer","buffer","buffer",153354053
"buffer","buffer","buffer","buffer","buffer","buffer","buffer","buffer","buffer","buffer",153366078
"buffer","buffer","buffer","buffer","buffer","buffer","buffer","buffer","buffer","buffer",153378094
"buffer","buffer","buffer","buffer","buffer","buffer","buffer","buffer","buffer","buffer",153390160
"buffer","buffer","buffer","buffer","buffer","buffer","buffer","buffer","buffer","buffer",153402291
"buffer","buffer","buffer","buffer","buffer","buffer","buffer","buffer","buffer","buffer",153414529
"buffer","buffer","buffer","buffer","buffer","buffer","buffer","buffer","buffer","buffer",153426504
"buffer","buffer","buffer","buffer","buffer","buffer","buffer","buffer","buffer","buffer",153438353
"buffer","buffer","buffer","buffer","buffer","buffer","buffer","buffer","buffer","buffer",153450424
"buffer","buffer","buffer","buffer","buffer","buffer","buffer","buffer","buffer","buffer",153462684
"buffer","buffer","buffer","buffer","buffer","buffer","buffer","buffer","buffer","buffer",153474419
"buffer","buffer","buffer","buffer","buffer","buffer","buffer","buffer","buffer","buffer",153486529
"buffer","buffer","buffer","buffer","buffer","buffer","buffer","buffer","buffer","buffer",153498543
"buffer","buffer","buffer","buffer","buffer","buffer","buffer","buffer","buffer","buffer",153510616
"buffer","buffer","buffer","buffer","buffer","buffer","buffer","buffer","buffer","buffer",153522830
"buffer","buffer","buffer","buffer","buffer","buffer","buffer","buffer","buffer","buffer",153534998
"buffer","buffer","buffer","buffer","buffer","buffer","buffer","buffer","buffer","buffer",153546824
"buffer","buffer","buffer","buffer","buffer","buffer","buffer","buffer","buffer","buffer",153558896
"buffer","buffer","buffer","buffer","buffer","buffer","buffer","buffer","buffer","buffer",153570914
"buffer","buffer","buffer","buffer","buffer","buffer","buffer","buffer","buffer","buffer",153583012
"buffer","buffer","buffer","buffer","buffer","buffer","buffer","buffer","buffer","buffer",153595084
"buffer","buffer","buffer","buffer","buffer","buffer","buffer","buffer","buffer","buffer",153607086
"buffer","buffer","buffer","buffer","buffer","buffer","buffer","buffer","buffer","buffer",153619051
"buffer","buffer","buffer","buffer","buffer","buffer","buffer","buffer","buffer","buffer",153630843
"buffer","buffer","buffer","buffer","buffer","buffer","buffer","buffer","buffer","buffer",153643142
"buffer","buffer","buffer","buffer","buffer","buffer","buffer","buffer","buffer","buffer",153655185
"buffer","buffer","buffer","buffer","buffer","buffer","buffer","buffer","buffer","buffer",153667315
"buffer","buffer","buffer","buffer","buffer","buffer","buffer","buffer","buffer","buffer",153679323
"buffer","buffer","buffer","buffer","buffer","buffer","buffer","buffer","buffer","buffer",153691220
"buffer","buffer","buffer","buffer","buffer","buffer","buffer","buffer","buffer","buffer",153703312
"buffer","buffer","buffer","buffer","buffer","buffer","buffer","buffer","buffer","buffer",153715399
"buffer","buffer","buffer","buffer","buffer","buffer","buffer","buffer","buffer","buffer",153727460
"buffer","buffer","buffer","buffer","buffer","buffer","buffer","buffer","buffer","buffer",153739606
"buffer","buffer","buffer","buffer","buffer","buffer","buffer","buffer","buffer","buffer",153751721
"buffer","buffer","buffer","buffer","buffer","buffer","buffer","buffer","buffer","buffer",153763607
"buffer","buffer","buffer","buffer","buffer","buffer","buffer","buffer","buffer","buffer",153775625
"buffer","buffer","buffer","buffer","buffer","buffer","buffer","buffer","buffer","buffer",153787676
"buffer","buffer","buffer","buffer","buffer","buffer","buffer","buffer","buffer","buffer",153799558
"buffer","buffer","buffer","buffer","buffer","buffer","buffer","buffer","buffer","buffer",153811895
"buffer","buffer","buffer","buffer","buffer","buffer","buffer","buffer","buffer","buffer",153823818
"buffer","buffer","buffer","buffer","buffer","buffer","buffer","buffer","buffer","buffer",153835819
"buffer","buffer","buffer","buffer","buffer","buffer","buffer","buffer","buffer","buffer",153847756
"buffer","buffer","buffer","buffer","buffer","buffer","buffer","buffer","buffer","buffer",153860077
"buffer","buffer","buffer","buffer","buffer","buffer","buffer","buffer","buffer","buffer",153871958
"buffer","buffer","buffer","buffer","buffer","buffer","buffer","buffer","buffer","buffer",153884154
"buffer","buffer","buffer","buffer","buffer","buffer","buffer","buffer","buffer","buffer",153896174
"buffer","buffer","buffer","buffer","buffer","buffer","buffer","buffer","buffer","buffer",153908228
"buffer","buffer","buffer","buffer","buffer","buffer","buffer","buffer","buffer","buffer",153920257
"buffer","buffer","buffer","buffer","buffer","buffer","buffer","buffer","buffer","buffer",153932174
"buffer","buffer","buffer","buffer","buffer","buffer","buffer","buffer","buffer","buffer",153944417
"buffer","buffer","buffer","buffer","buffer","buffer","buffer","buffer","buffer","buffer",153956408
"buffer","buffer","buffer","buffer","buffer","buffer","buffer","buffer","buffer","buffer",153968536
"buffer","buffer","buffer","buffer","buffer","buffer","buffer","buffer","buffer","buffer",153980500
"buffer","buffer","buffer","buffer","buffer","buffer","buffer","buffer","buffer","buffer",153992647
"buffer","buffer","buffer","buffer","buffer","buffer","buffer","buffer","buffer","buffer",154004614
"buffer","buffer","buffer","buffer","buffer","buffer","buffer","buffer","buffer","buffer",154016597
"buffer","buffer","buffer","buffer","buffer","buffer","buffer","buffer","buffer","buffer",154028716
"buffer","buffer","buffer","buffer","buffer","buffer","buffer","buffer","buffer","buffer",154040746
"buffer","buffer","buffer","buffer","buffer","buffer","buffer","buffer","buffer","buffer",154052741
"buffer","buffer","buffer","buffer","buffer","buffer","buffer","buffer","buffer","buffer",154064861
"buffer","buffer","buffer","buffer","buffer","buffer","buffer","buffer","buffer","buffer",154076857
"buffer","buffer","buffer","buffer","buffer","buffer","buffer","buffer","buffer","buffer",154089010
"buffer","buffer","buffer","buffer","buffer","buffer","buffer","buffer","buffer","buffer",154100939
"buffer","buffer","buffer","buffer","buffer","buffer","buffer","buffer","buffer","buffer",154112926
"buffer","buffer","buffer","buffer","buffer","buffer","buffer","buffer","buffer","buffer",154124956
"buffer","buffer","buffer","buffer","buffer","buffer","buffer","buffer","buffer","buffer",154137057
"buffer","buffer","buffer","buffer","buffer","buffer","buffer","buffer","buffer","buffer",154149153
"buffer","buffer","buffer","buffer","buffer","buffer","buffer","buffer","buffer","buffer",154161329
"buffer","buffer","buffer","buffer","buffer","buffer","buffer","buffer","buffer","buffer",154173434
"buffer","buffer","buffer","buffer","buffer","buffer","buffer","buffer","buffer","buffer",154185086
"buffer","buffer","buffer","buffer","buffer","buffer","buffer","buffer","buffer","buffer",154197275
"buffer","buffer","buffer","buffer","buffer","buffer","buffer","buffer","buffer","buffer",154209387
"buffer","buffer","buffer","buffer","buffer","buffer","buffer","buffer","buffer","buffer",154221487
"buffer","buffer","buffer","buffer","buffer","buffer","buffer","buffer","buffer","buffer",154233413
"buffer","buffer","buffer","buffer","buffer","buffer","buffer","buffer","buffer","buffer",154245358
"buffer","buffer","buffer","buffer","buffer","buffer","buffer","buffer","buffer","buffer",154257459
"buffer","buffer","buffer","buffer","buffer","buffer","buffer","buffer","buffer","buffer",154269547
"buffer","buffer","buffer","buffer","buffer","buffer","buffer","buffer","buffer","buffer",154281632
"buffer","buffer","buffer","buffer","buffer","buffer","buffer","buffer","buffer","buffer",154293790
"buffer","buffer","buffer","buffer","buffer","buffer","buffer","buffer","buffer","buffer",154305694
"buffer","buffer","buffer","buffer","buffer","buffer","buffer","buffer","buffer","buffer",154317735
"buffer","buffer","buffer","buffer","buffer","buffer","buffer","buffer","buffer","buffer",154329608
"buffer","buffer","buffer","buffer","buffer","buffer","buffer","buffer","buffer","buffer",154341761
"buffer","buffer","buffer","buffer","buffer","buffer","buffer","buffer","buffer","buffer",154354032
"buffer","buffer","buffer","buffer","buffer","buffer","buffer","buffer","buffer","buffer",154365917
"buffer","buffer","buffer","buffer","buffer","buffer","buffer","buffer","buffer","buffer",154378137
"buffer","buffer","buffer","buffer","buffer","buffer","buffer","buffer","buffer","buffer",154390127
"buffer","buffer","buffer","buffer","buffer","buffer","buffer","buffer","buffer","buffer",154401952
"buffer","buffer","buffer","buffer","buffer","buffer","buffer","buffer","buffer","buffer",154414063
"buffer","buffer","buffer","buffer","buffer","buffer","buffer","buffer","buffer","buffer",154426256
"buffer","buffer","buffer","buffer","buffer","buffer","buffer","buffer","buffer","buffer",154438340
"buffer","buffer","buffer","buffer","buffer","buffer","buffer","buffer","buffer","buffer",154449962
"buffer","buffer","buffer","buffer","buffer","buffer","buffer","buffer","buffer","buffer",154462335
"buffer","buffer","buffer","buffer","buffer","buffer","buffer","buffer","buffer","buffer",154474470
"buffer","buffer","buffer","buffer","buffer","buffer","buffer","buffer","buffer","buffer",154486452
"buffer","buffer","buffer","buffer","buffer","buffer","buffer","buffer","buffer","buffer",154498454
"buffer","buffer","buffer","buffer","buffer","buffer","buffer","buffer","buffer","buffer",154510407
"buffer","buffer","buffer","buffer","buffer","buffer","buffer","buffer","buffer","buffer",154522576
"buffer","buffer","buffer","buffer","buffer","buffer","buffer","buffer","buffer","buffer",154534715
"buffer","buffer","buffer","buffer","buffer","buffer","buffer","buffer","buffer","buffer",154546775
"buffer","buffer","buffer","buffer","buffer","buffer","buffer","buffer","buffer","buffer",154558604
"buffer","buffer","buffer","buffer","buffer","buffer","buffer","buffer","buffer","buffer",154570918
"buffer","buffer","buffer","buffer","buffer","buffer","buffer","buffer","buffer","buffer",154582732
"buffer","buffer","buffer","buffer","buffer","buffer","buffer","buffer","buffer","buffer",154594533
"buffer","buffer","buffer","buffer","buffer","buffer","buffer","buffer","buffer","buffer",154606768
"buffer","buffer","buffer","buffer","buffer","buffer","buffer","buffer","buffer","buffer",154619004
"buffer","buffer","buffer","buffer","buffer","buffer","buffer","buffer","buffer","buffer",154630904
"buffer","buffer","buffer","buffer","buffer","buffer","buffer","buffer","buffer","buffer",154643055
"buffer","buffer","buffer","buffer","buffer","buffer","buffer","buffer","buffer","buffer",154655070
"buffer","buffer","buffer","buffer","buffer","buffer","buffer","buffer","buffer","buffer",154667214
"buffer","buffer","buffer","buffer","buffer","buffer","buffer","buffer","buffer","buffer",154678926
"buffer","buffer","buffer","buffer","buffer","buffer","buffer","buffer","buffer","buffer",154691175
"buffer","buffer","buffer","buffer","buffer","buffer","buffer","buffer","buffer","buffer",154703332
"buffer","buffer","buffer","buffer","buffer","buffer","buffer","buffer","buffer","buffer",154715301
"buffer","buffer","buffer","buffer","buffer","buffer","buffer","buffer","buffer","buffer",154727426
"buffer","buffer","buffer","buffer","buffer","buffer","buffer","buffer","buffer","buffer",154739416
"buffer","buffer","buffer","buffer","buffer","buffer","buffer","buffer","buffer","buffer",154751338
"buffer","buffer","buffer","buffer","buffer","buffer","buffer","buffer","buffer","buffer",154763649
"buffer","buffer","buffer","buffer","buffer","buffer","buffer","buffer","buffer","buffer",154775460
"buffer","buffer","buffer","buffer","buffer","buffer","buffer","buffer","buffer","buffer",154787652
"buffer","buffer","buffer","buffer","buffer","buffer","buffer","buffer","buffer","buffer",154799623
"buffer","buffer","buffer","buffer","buffer","buffer","buffer","buffer","buffer","buffer",154811558
"buffer","buffer","buffer","buffer","buffer","buffer","buffer","buffer","buffer","buffer",154823700
"buffer","buffer","buffer","buffer","buffer","buffer","buffer","buffer","buffer","buffer",154835847
"buffer","buffer","buffer","buffer","buffer","buffer","buffer","buffer","buffer","buffer",154847770
"buffer","buffer","buffer","buffer","buffer","buffer","buffer","buffer","buffer","buffer",154859912
"buffer","buffer","buffer","buffer","buffer","buffer","buffer","buffer","buffer","buffer",154871870
"buffer","buffer","buffer","buffer","buffer","buffer","buffer","buffer","buffer","buffer",154883909
"buffer","buffer","buffer","buffer","buffer","buffer","buffer","buffer","buffer","buffer",154896012
"buffer","buffer","buffer","buffer","buffer","buffer","buffer","buffer","buffer","buffer",154907917
"buffer","buffer","buffer","buffer","buffer","buffer","buffer","buffer","buffer","buffer",154919974
"buffer","buffer","buffer","buffer","buffer","buffer","buffer","buffer","buffer","buffer",154932240
"buffer","buffer","buffer","buffer","buffer","buffer","buffer","buffer","buffer","buffer",154944127
"buffer","buffer","buffer","buffer","buffer","buffer","buffer","buffer","buffer","buffer",154956139
"buffer","buffer","buffer","buffer","buffer","buffer","buffer","buffer","buffer","buffer",154968380
"buffer","buffer","buffer","buffer","buffer","buffer","buffer","buffer","buffer","buffer",154980303
"buffer","buffer","buffer","buffer","buffer","buffer","buffer","buffer","buffer","buffer",154992363
"buffer","buffer","buffer","buffer","buffer","buffer","buffer","buffer","buffer","buffer",155004322
"buffer","buffer","buffer","buffer","buffer","buffer","buffer","buffer","buffer","buffer",155016375
"buffer","buffer","buffer","buffer","buffer","buffer","buffer","buffer","buffer","buffer",155028409
"buffer","buffer","buffer","buffer","buffer","buffer","buffer","buffer","buffer","buffer",155040503
"buffer","buffer","buffer","buffer","buffer","buffer","buffer","buffer","buffer","buffer",155052726
"buffer","buffer","buffer","buffer","buffer","buffer","buffer","buffer","buffer","buffer",155064531
"buffer","buffer","buffer","buffer","buffer","buffer","buffer","buffer","buffer","buffer",155076647
"buffer","buffer","buffer","buffer","buffer","buffer","buffer","buffer","buffer","buffer",155088516
"buffer","buffer","buffer","buffer","buffer","buffer","buffer","buffer","buffer","buffer",155100769
"buffer","buffer","buffer","buffer","buffer","buffer","buffer","buffer","buffer","buffer",155112740
"buffer","buffer","buffer","buffer","buffer","buffer","buffer","buffer","buffer","buffer",155124647
"buffer","buffer","buffer","buffer","buffer","buffer","buffer","buffer","buffer","buffer",155136844
"buffer","buffer","buffer","buffer","buffer","buffer","buffer","buffer","buffer","buffer",155148839
"buffer","buffer","buffer","buffer","buffer","buffer","buffer","buffer","buffer","buffer",155160709
"buffer","buffer","buffer","buffer","buffer","buffer","buffer","buffer","buffer","buffer",155173173
"buffer","buffer","buffer","buffer","buffer","buffer","buffer","buffer","buffer","buffer",155184957
"buffer","buffer","buffer","buffer","buffer","buffer","buffer","buffer","buffer","buffer",155197022
"buffer","buffer","buffer","buffer","buffer","buffer","buffer","buffer","buffer","buffer",155209164
"buffer","buffer","buffer","buffer","buffer","buffer","buffer","buffer","buffer","buffer",155221084
"buffer","buffer","buffer","buffer","buffer","buffer","buffer","buffer","buffer","buffer",155233171
"buffer","buffer","buffer","buffer","buffer","buffer","buffer","buffer","buffer","buffer",155245343
"buffer","buffer","buffer","buffer","buffer","buffer","buffer","buffer","buffer","buffer",155257050
"buffer","buffer","buffer","buffer","buffer","buffer","buffer","buffer","buffer","buffer",155269427
"buffer","buffer","buffer","buffer","buffer","buffer","buffer","buffer","buffer","buffer",155281443
"buffer","buffer","buffer","buffer","buffer","buffer","buffer","buffer","buffer","buffer",155293567
"buffer","buffer","buffer","buffer","buffer","buffer","buffer","buffer","buffer","buffer",155305511
"buffer","buffer","buffer","buffer","buffer","buffer","buffer","buffer","buffer","buffer",155317568
"buffer","buffer","buffer","buffer","buffer","buffer","buffer","buffer","buffer","buffer",155329641
"buffer","buffer","buffer","buffer","buffer","buffer","buffer","buffer","buffer","buffer",155341545
"buffer","buffer","buffer","buffer","buffer","buffer","buffer","buffer","buffer","buffer",155353836
"buffer","buffer","buffer","buffer","buffer","buffer","buffer","buffer","buffer","buffer",155365773
"buffer","buffer","buffer","buffer","buffer","buffer","buffer","buffer","buffer","buffer",155377900
"buffer","buffer","buffer","buffer","buffer","buffer","buffer","buffer","buffer","buffer",155389827
"buffer","buffer","buffer","buffer","buffer","buffer","buffer","buffer","buffer","buffer",155401912
"buffer","buffer","buffer","buffer","buffer","buffer","buffer","buffer","buffer","buffer",155413949
"buffer","buffer","buffer","buffer","buffer","buffer","buffer","buffer","buffer","buffer",155426041
"buffer","buffer","buffer","buffer","buffer","buffer","buffer","buffer","buffer","buffer",155437960
"buffer","buffer","buffer","buffer","buffer","buffer","buffer","buffer","buffer","buffer",155450079
"buffer","buffer","buffer","buffer","buffer","buffer","buffer","buffer","buffer","buffer",155462069
"buffer","buffer","buffer","buffer","buffer","buffer","buffer","buffer","buffer","buffer",155473975
"buffer","buffer","buffer","buffer","buffer","buffer","buffer","buffer","buffer","buffer",155486315
"buffer","buffer","buffer","buffer","buffer","buffer","buffer","buffer","buffer","buffer",155498260
"buffer","buffer","buffer","buffer","buffer","buffer","buffer","buffer","buffer","buffer",155510265
"buffer","buffer","buffer","buffer","buffer","buffer","buffer","buffer","buffer","buffer",155522440
"buffer","buffer","buffer","buffer","buffer","buffer","buffer","buffer","buffer","buffer",155534294
"buffer","buffer","buffer","buffer","buffer","buffer","buffer","buffer","buffer","buffer",155546421
"buffer","buffer","buffer","buffer","buffer","buffer","buffer","buffer","buffer","buffer",155558493
"buffer","buffer","buffer","buffer","buffer","buffer","buffer","buffer","buffer","buffer",155570600
"buffer","buffer","buffer","buffer","buffer","buffer","buffer","buffer","buffer","buffer",155582569
"buffer","buffer","buffer","buffer","buffer","buffer","buffer","buffer","buffer","buffer",155594533
"buffer","buffer","buffer","buffer","buffer","buffer","buffer","buffer","buffer","buffer",155606587
"buffer","buffer","buffer","buffer","buffer","buffer","buffer","buffer","buffer","buffer",155618671
"buffer","buffer","buffer","buffer","buffer","buffer","buffer","buffer","buffer","buffer",155630837
"buffer","buffer","buffer","buffer","buffer","buffer","buffer","buffer","buffer","buffer",155642790
"buffer","buffer","buffer","buffer","buffer","buffer","buffer","buffer","buffer","buffer",155654763
"buffer","buffer","buffer","buffer","buffer","buffer","buffer","buffer","buffer","buffer",155666972
"buffer","buffer","buffer","buffer","buffer","buffer","buffer","buffer","buffer","buffer",155679004
"buffer","buffer","buffer","buffer","buffer","buffer","buffer","buffer","buffer","buffer",155691073
"buffer","buffer","buffer","buffer","buffer","buffer","buffer","buffer","buffer","buffer",155703129
"buffer","buffer","buffer","buffer","buffer","buffer","buffer","buffer","buffer","buffer",155715109
"buffer","buffer","buffer","buffer","buffer","buffer","buffer","buffer","buffer","buffer",155726999
"buffer","buffer","buffer","buffer","buffer","buffer","buffer","buffer","buffer","buffer",155739137
"buffer","buffer","buffer","buffer","buffer","buffer","buffer","buffer","buffer","buffer",155751093
"buffer","buffer","buffer","buffer","buffer","buffer","buffer","buffer","buffer","buffer",155763203
"buffer","buffer","buffer","buffer","buffer","buffer","buffer","buffer","buffer","buffer",155775300
"buffer","buffer","buffer","buffer","buffer","buffer","buffer","buffer","buffer","buffer",155787299
"buffer","buffer","buffer","buffer","buffer","buffer","buffer","buffer","buffer","buffer",155799370
"buffer","buffer","buffer","buffer","buffer","buffer","buffer","buffer","buffer","buffer",155811573
"buffer","buffer","buffer","buffer","buffer","buffer","buffer","buffer","buffer","buffer",155823620
"buffer","buffer","buffer","buffer","buffer","buffer","buffer","buffer","buffer","buffer",155835625
"buffer","buffer","buffer","buffer","buffer","buffer","buffer","buffer","buffer","buffer",155847663
"buffer","buffer","buffer","buffer","buffer","buffer","buffer","buffer","buffer","buffer",155859601
"buffer","buffer","buffer","buffer","buffer","buffer","buffer","buffer","buffer","buffer",155871737
"buffer","buffer","buffer","buffer","buffer","buffer","buffer","buffer","buffer","buffer",155883673
"buffer","buffer","buffer","buffer","buffer","buffer","buffer","buffer","buffer","buffer",155895646
"buffer","buffer","buffer","buffer","buffer","buffer","buffer","buffer","buffer","buffer",155907795
"buffer","buffer","buffer","buffer","buffer","buffer","buffer","buffer","buffer","buffer",155919963
"buffer","buffer","buffer","buffer","buffer","buffer","buffer","buffer","buffer","buffer",155931794
"buffer","buffer","buffer","buffer","buffer","buffer","buffer","buffer","buffer","buffer",155943941
"buffer","buffer","buffer","buffer","buffer","buffer","buffer","buffer","buffer","buffer",155956087
"buffer","buffer","buffer","buffer","buffer","buffer","buffer","buffer","buffer","buffer",155967836
"buffer","buffer","buffer","buffer","buffer","buffer","buffer","buffer","buffer","buffer",155980134
"buffer","buffer","buffer","buffer","buffer","buffer","buffer","buffer","buffer","buffer",155991971
"buffer","buffer","buffer","buffer","buffer","buffer","buffer","buffer","buffer","buffer",156004250
"buffer","buffer","buffer","buffer","buffer","buffer","buffer","buffer","buffer","buffer",156016194
"buffer","buffer","buffer","buffer","buffer","buffer","buffer","buffer","buffer","buffer",156028265
"buffer","buffer","buffer","buffer","buffer","buffer","buffer","buffer","buffer","buffer",156040311
"buffer","buffer","buffer","buffer","buffer","buffer","buffer","buffer","buffer","buffer",156052333
"buffer","buffer","buffer","buffer","buffer","buffer","buffer","buffer","buffer","buffer",156064338
"buffer","buffer","buffer","buffer","buffer","buffer","buffer","buffer","buffer","buffer",156076333
"buffer","buffer","buffer","buffer","buffer","buffer","buffer","buffer","buffer","buffer",156088432
"buffer","buffer","buffer","buffer","buffer","buffer","buffer","buffer","buffer","buffer",156100756
"buffer","buffer","buffer","buffer","buffer","buffer","buffer","buffer","buffer","buffer",156112439
"buffer","buffer","buffer","buffer","buffer","buffer","buffer","buffer","buffer","buffer",156124524
"buffer","buffer","buffer","buffer","buffer","buffer","buffer","buffer","buffer","buffer",156136759
"buffer","buffer","buffer","buffer","buffer","buffer","buffer","buffer","buffer","buffer",156148529
"buffer","buffer","buffer","buffer","buffer","buffer","buffer","buffer","buffer","buffer",156160738
"buffer","buffer","buffer","buffer","buffer","buffer","buffer","buffer","buffer","buffer",156172929
"buffer","buffer","buffer","buffer","buffer","buffer","buffer","buffer","buffer","buffer",156184815
"buffer","buffer","buffer","buffer","buffer","buffer","buffer","buffer","buffer","buffer",156196881
"buffer","buffer","buffer","buffer","buffer","buffer","buffer","buffer","buffer","buffer",156209085
"buffer","buffer","buffer","buffer","buffer","buffer","buffer","buffer","buffer","buffer",156220882
"buffer","buffer","buffer","buffer","buffer","buffer","buffer","buffer","buffer","buffer",156232869
"buffer","buffer","buffer","buffer","buffer","buffer","buffer","buffer","buffer","buffer",156245136
"buffer","buffer","buffer","buffer","buffer","buffer","buffer","buffer","buffer","buffer",156257079
"buffer","buffer","buffer","buffer","buffer","buffer","buffer","buffer","buffer","buffer",156269183
"buffer","buffer","buffer","buffer","buffer","buffer","buffer","buffer","buffer","buffer",156281135
"buffer","buffer","buffer","buffer","buffer","buffer","buffer","buffer","buffer","buffer",156293258
"buffer","buffer","buffer","buffer","buffer","buffer","buffer","buffer","buffer","buffer",156305451
"buffer","buffer","buffer","buffer","buffer","buffer","buffer","buffer","buffer","buffer",156317348
"buffer","buffer","buffer","buffer","buffer","buffer","buffer","buffer","buffer","buffer",156329363
"buffer","buffer","buffer","buffer","buffer","buffer","buffer","buffer","buffer","buffer",156341626
"buffer","buffer","buffer","buffer","buffer","buffer","buffer","buffer","buffer","buffer",156353539
"buffer","buffer","buffer","buffer","buffer","buffer","buffer","buffer","buffer","buffer",156365469
"buffer","buffer","buffer","buffer","buffer","buffer","buffer","buffer","buffer","buffer",156377523
"buffer","buffer","buffer","buffer","buffer","buffer","buffer","buffer","buffer","buffer",156389598
"buffer","buffer","buffer","buffer","buffer","buffer","buffer","buffer","buffer","buffer",156401525
"buffer","buffer","buffer","buffer","buffer","buffer","buffer","buffer","buffer","buffer",156413758
"buffer","buffer","buffer","buffer","buffer","buffer","buffer","buffer","buffer","buffer",156425734
"buffer","buffer","buffer","buffer","buffer","buffer","buffer","buffer","buffer","buffer",156437702
"buffer","buffer","buffer","buffer","buffer","buffer","buffer","buffer","buffer","buffer",156449891
"buffer","buffer","buffer","buffer","buffer","buffer","buffer","buffer","buffer","buffer",156461925
"buffer","buffer","buffer","buffer","buffer","buffer","buffer","buffer","buffer","buffer",156474120
"buffer","buffer","buffer","buffer","buffer","buffer","buffer","buffer","buffer","buffer",156485847
"buffer","buffer","buffer","buffer","buffer","buffer","buffer","buffer","buffer","buffer",156498030
"buffer","buffer","buffer","buffer","buffer","buffer","buffer","buffer","buffer","buffer",156510187
"buffer","buffer","buffer","buffer","buffer","buffer","buffer","buffer","buffer","buffer",156522228
"buffer","buffer","buffer","buffer","buffer","buffer","buffer","buffer","buffer","buffer",156533998
"buffer","buffer","buffer","buffer","buffer","buffer","buffer","buffer","buffer","buffer",156546151
"buffer","buffer","buffer","buffer","buffer","buffer","buffer","buffer","buffer","buffer",156558391
"buffer","buffer","buffer","buffer","buffer","buffer","buffer","buffer","buffer","buffer",156570180
"buffer","buffer","buffer","buffer","buffer","buffer","buffer","buffer","buffer","buffer",156582177
"buffer","buffer","buffer","buffer","buffer","buffer","buffer","buffer","buffer","buffer",156594399
"buffer","buffer","buffer","buffer","buffer","buffer","buffer","buffer","buffer","buffer",156606485
"buffer","buffer","buffer","buffer","buffer","buffer","buffer","buffer","buffer","buffer",156618483
"buffer","buffer","buffer","buffer","buffer","buffer","buffer","buffer","buffer","buffer",156630412
"buffer","buffer","buffer","buffer","buffer","buffer","buffer","buffer","buffer","buffer",156642762
"buffer","buffer","buffer","buffer","buffer","buffer","buffer","buffer","buffer","buffer",156654831
"buffer","buffer","buffer","buffer","buffer","buffer","buffer","buffer","buffer","buffer",156666594
"buffer","buffer","buffer","buffer","buffer","buffer","buffer","buffer","buffer","buffer",156678585
"buffer","buffer","buffer","buffer","buffer","buffer","buffer","buffer","buffer","buffer",156690758
"buffer","buffer","buffer","buffer","buffer","buffer","buffer","buffer","buffer","buffer",156702800
"buffer","buffer","buffer","buffer","buffer","buffer","buffer","buffer","buffer","buffer",156714904
"buffer","buffer","buffer","buffer","buffer","buffer","buffer","buffer","buffer","buffer",156726900
"buffer","buffer","buffer","buffer","buffer","buffer","buffer","buffer","buffer","buffer",156738735
"buffer","buffer","buffer","buffer","buffer","buffer","buffer","buffer","buffer","buffer",156750949
"buffer","buffer","buffer","buffer","buffer","buffer","buffer","buffer","buffer","buffer",156763017
"buffer","buffer","buffer","buffer","buffer","buffer","buffer","buffer","buffer","buffer",156775022
"buffer","buffer","buffer","buffer","buffer","buffer","buffer","buffer","buffer","buffer",156787243
"buffer","buffer","buffer","buffer","buffer","buffer","buffer","buffer","buffer","buffer",156799065
"buffer","buffer","buffer","buffer","buffer","buffer","buffer","buffer","buffer","buffer",156811314
"buffer","buffer","buffer","buffer","buffer","buffer","buffer","buffer","buffer","buffer",156823412
"buffer","buffer","buffer","buffer","buffer","buffer","buffer","buffer","buffer","buffer",156835399
"buffer","buffer","buffer","buffer","buffer","buffer","buffer","buffer","buffer","buffer",156847361
"buffer","buffer","buffer","buffer","buffer","buffer","buffer","buffer","buffer","buffer",156859373
"buffer","buffer","buffer","buffer","buffer","buffer","buffer","buffer","buffer","buffer",156871399
"buffer","buffer","buffer","buffer","buffer","buffer","buffer","buffer","buffer","buffer",156883453
"buffer","buffer","buffer","buffer","buffer","buffer","buffer","buffer","buffer","buffer",156895458
"buffer","buffer","buffer","buffer","buffer","buffer","buffer","buffer","buffer","buffer",156907481
"buffer","buffer","buffer","buffer","buffer","buffer","buffer","buffer","buffer","buffer",156919637
"buffer","buffer","buffer","buffer","buffer","buffer","buffer","buffer","buffer","buffer",156931749
"buffer","buffer","buffer","buffer","buffer","buffer","buffer","buffer","buffer","buffer",156943745
"buffer","buffer","buffer","buffer","buffer","buffer","buffer","buffer","buffer","buffer",156955617
"buffer","buffer","buffer","buffer","buffer","buffer","buffer","buffer","buffer","buffer",156967946
"buffer","buffer","buffer","buffer","buffer","buffer","buffer","buffer","buffer","buffer",156980027
"buffer","buffer","buffer","buffer","buffer","buffer","buffer","buffer","buffer","buffer",156991835
"buffer","buffer","buffer","buffer","buffer","buffer","buffer","buffer","buffer","buffer",157003857
"buffer","buffer","buffer","buffer","buffer","buffer","buffer","buffer","buffer","buffer",157015904
"buffer","buffer","buffer","buffer","buffer","buffer","buffer","buffer","buffer","buffer",157028045
"buffer","buffer","buffer","buffer","buffer","buffer","buffer","buffer","buffer","buffer",157040193
"buffer","buffer","buffer","buffer","buffer","buffer","buffer","buffer","buffer","buffer",157052047
"buffer","buffer","buffer","buffer","buffer","buffer","buffer","buffer","buffer","buffer",157064106
"buffer","buffer","buffer","buffer","buffer","buffer","buffer","buffer","buffer","buffer",157076280
"buffer","buffer","buffer","buffer","buffer","buffer","buffer","buffer","buffer","buffer",157088240
"buffer","buffer","buffer","buffer","buffer","buffer","buffer","buffer","buffer","buffer",157100549
"buffer","buffer","buffer","buffer","buffer","buffer","buffer","buffer","buffer","buffer",157112334
"buffer","buffer","buffer","buffer","buffer","buffer","buffer","buffer","buffer","buffer",157124428
"buffer","buffer","buffer","buffer","buffer","buffer","buffer","buffer","buffer","buffer",157136522
"buffer","buffer","buffer","buffer","buffer","buffer","buffer","buffer","buffer","buffer",157148406
"buffer","buffer","buffer","buffer","buffer","buffer","buffer","buffer","buffer","buffer",157160481
"buffer","buffer","buffer","buffer","buffer","buffer","buffer","buffer","buffer","buffer",157172619
"buffer","buffer","buffer","buffer","buffer","buffer","buffer","buffer","buffer","buffer",157184641
"buffer","buffer","buffer","buffer","buffer","buffer","buffer","buffer","buffer","buffer",157196705
"buffer","buffer","buffer","buffer","buffer","buffer","buffer","buffer","buffer","buffer",157208689
"buffer","buffer","buffer","buffer","buffer","buffer","buffer","buffer","buffer","buffer",157220831
"buffer","buffer","buffer","buffer","buffer","buffer","buffer","buffer","buffer","buffer",157232729
"buffer","buffer","buffer","buffer","buffer","buffer","buffer","buffer","buffer","buffer",157244784
"buffer","buffer","buffer","buffer","buffer","buffer","buffer","buffer","buffer","buffer",157256838
"buffer","buffer","buffer","buffer","buffer","buffer","buffer","buffer","buffer","buffer",157269059
"buffer","buffer","buffer","buffer","buffer","buffer","buffer","buffer","buffer","buffer",157281043
"buffer","buffer","buffer","buffer","buffer","buffer","buffer","buffer","buffer","buffer",157293042
"buffer","buffer","buffer","buffer","buffer","buffer","buffer","buffer","buffer","buffer",157305032
"buffer","buffer","buffer","buffer","buffer","buffer","buffer","buffer","buffer","buffer",157317193
"buffer","buffer","buffer","buffer","buffer","buffer","buffer","buffer","buffer","buffer",157329072
"buffer","buffer","buffer","buffer","buffer","buffer","buffer","buffer","buffer","buffer",157341199
"buffer","buffer","buffer","buffer","buffer","buffer","buffer","buffer","buffer","buffer",157353375
"buffer","buffer","buffer","buffer","buffer","buffer","buffer","buffer","buffer","buffer",157365131
"buffer","buffer","buffer","buffer","buffer","buffer","buffer","buffer","buffer","buffer",157377387
"buffer","buffer","buffer","buffer","buffer","buffer","buffer","buffer","buffer","buffer",157389445
"buffer","buffer","buffer","buffer","buffer","buffer","buffer","buffer","buffer","buffer",157401479
"buffer","buffer","buffer","buffer","buffer","buffer","buffer","buffer","buffer","buffer",157413390
"buffer","buffer","buffer","buffer","buffer","buffer","buffer","buffer","buffer","buffer",157425611
"buffer","buffer","buffer","buffer","buffer","buffer","buffer","buffer","buffer","buffer",157437570
"buffer","buffer","buffer","buffer","buffer","buffer","buffer","buffer","buffer","buffer",157449526
"buffer","buffer","buffer","buffer","buffer","buffer","buffer","buffer","buffer","buffer",157461711
"buffer","buffer","buffer","buffer","buffer","buffer","buffer","buffer","buffer","buffer",157473625
"buffer","buffer","buffer","buffer","buffer","buffer","buffer","buffer","buffer","buffer",157485728
"buffer","buffer","buffer","buffer","buffer","buffer","buffer","buffer","buffer","buffer",157497903
"buffer","buffer","buffer","buffer","buffer","buffer","buffer","buffer","buffer","buffer",157509735
"buffer","buffer","buffer","buffer","buffer","buffer","buffer","buffer","buffer","buffer",157521727
"buffer","buffer","buffer","buffer","buffer","buffer","buffer","buffer","buffer","buffer",157534117
"buffer","buffer","buffer","buffer","buffer","buffer","buffer","buffer","buffer","buffer",157546073
"buffer","buffer","buffer","buffer","buffer","buffer","buffer","buffer","buffer","buffer",157558128
"buffer","buffer","buffer","buffer","buffer","buffer","buffer","buffer","buffer","buffer",157569989
"buffer","buffer","buffer","buffer","buffer","buffer","buffer","buffer","buffer","buffer",157582246
"buffer","buffer","buffer","buffer","buffer","buffer","buffer","buffer","buffer","buffer",157594011
"buffer","buffer","buffer","buffer","buffer","buffer","buffer","buffer","buffer","buffer",157606137
"buffer","buffer","buffer","buffer","buffer","buffer","buffer","buffer","buffer","buffer",157618240
"buffer","buffer","buffer","buffer","buffer","buffer","buffer","buffer","buffer","buffer",157630287
"buffer","buffer","buffer","buffer","buffer","buffer","buffer","buffer","buffer","buffer",157642412
"buffer","buffer","buffer","buffer","buffer","buffer","buffer","buffer","buffer","buffer",157654484
"buffer","buffer","buffer","buffer","buffer","buffer","buffer","buffer","buffer","buffer",157666538
"buffer","buffer","buffer","buffer","buffer","buffer","buffer","buffer","buffer","buffer",157678665
"buffer","buffer","buffer","buffer","buffer","buffer","buffer","buffer","buffer","buffer",157690584
"buffer","buffer","buffer","buffer","buffer","buffer","buffer","buffer","buffer","buffer",157702583
"buffer","buffer","buffer","buffer","buffer","buffer","buffer","buffer","buffer","buffer",157714719
"buffer","buffer","buffer","buffer","buffer","buffer","buffer","buffer","buffer","buffer",157726679
"buffer","buffer","buffer","buffer","buffer","buffer","buffer","buffer","buffer","buffer",157738695
"buffer","buffer","buffer","buffer","buffer","buffer","buffer","buffer","buffer","buffer",157750755
"buffer","buffer","buffer","buffer","buffer","buffer","buffer","buffer","buffer","buffer",157763056
"buffer","buffer","buffer","buffer","buffer","buffer","buffer","buffer","buffer","buffer",157774941
"buffer","buffer","buffer","buffer","buffer","buffer","buffer","buffer","buffer","buffer",157786872
"buffer","buffer","buffer","buffer","buffer","buffer","buffer","buffer","buffer","buffer",157799145
"buffer","buffer","buffer","buffer","buffer","buffer","buffer","buffer","buffer","buffer",157810948
"buffer","buffer","buffer","buffer","buffer","buffer","buffer","buffer","buffer","buffer",157823006
"buffer","buffer","buffer","buffer","buffer","buffer","buffer","buffer","buffer","buffer",157835172
"buffer","buffer","buffer","buffer","buffer","buffer","buffer","buffer","buffer","buffer",157847061
"buffer","buffer","buffer","buffer","buffer","buffer","buffer","buffer","buffer","buffer",157859070
"buffer","buffer","buffer","buffer","buffer","buffer","buffer","buffer","buffer","buffer",157871204
"buffer","buffer","buffer","buffer","buffer","buffer","buffer","buffer","buffer","buffer",157883400
"buffer","buffer","buffer","buffer","buffer","buffer","buffer","buffer","buffer","buffer",157895460
"buffer","buffer","buffer","buffer","buffer","buffer","buffer","buffer","buffer","buffer",157907310
"buffer","buffer","buffer","buffer","buffer","buffer","buffer","buffer","buffer","buffer",157919455
"buffer","buffer","buffer","buffer","buffer","buffer","buffer","buffer","buffer","buffer",157931321
"buffer","buffer","buffer","buffer","buffer","buffer","buffer","buffer","buffer","buffer",157943545
"buffer","buffer","buffer","buffer","buffer","buffer","buffer","buffer","buffer","buffer",157955599
"buffer","buffer","buffer","buffer","buffer","buffer","buffer","buffer","buffer","buffer",157967674
"buffer","buffer","buffer","buffer","buffer","buffer","buffer","buffer","buffer","buffer",157979647
"buffer","buffer","buffer","buffer","buffer","buffer","buffer","buffer","buffer","buffer",157991627
"buffer","buffer","buffer","buffer","buffer","buffer","buffer","buffer","buffer","buffer",158003845
"buffer","buffer","buffer","buffer","buffer","buffer","buffer","buffer","buffer","buffer",158016037
"buffer","buffer","buffer","buffer","buffer","buffer","buffer","buffer","buffer","buffer",158027698
"buffer","buffer","buffer","buffer","buffer","buffer","buffer","buffer","buffer","buffer",158039915
"buffer","buffer","buffer","buffer","buffer","buffer","buffer","buffer","buffer","buffer",158051964
"buffer","buffer","buffer","buffer","buffer","buffer","buffer","buffer","buffer","buffer",158063990
"buffer","buffer","buffer","buffer","buffer","buffer","buffer","buffer","buffer","buffer",158076025
"buffer","buffer","buffer","buffer","buffer","buffer","buffer","buffer","buffer","buffer",158088178
"buffer","buffer","buffer","buffer","buffer","buffer","buffer","buffer","buffer","buffer",158100121
"buffer","buffer","buffer","buffer","buffer","buffer","buffer","buffer","buffer","buffer",158112323
"buffer","buffer","buffer","buffer","buffer","buffer","buffer","buffer","buffer","buffer",158124201
"buffer","buffer","buffer","buffer","buffer","buffer","buffer","buffer","buffer","buffer",158136222
"buffer","buffer","buffer","buffer","buffer","buffer","buffer","buffer","buffer","buffer",158148385
"buffer","buffer","buffer","buffer","buffer","buffer","buffer","buffer","buffer","buffer",158160373
"buffer","buffer","buffer","buffer","buffer","buffer","buffer","buffer","buffer","buffer",158172444
"buffer","buffer","buffer","buffer","buffer","buffer","buffer","buffer","buffer","buffer",158184580
"buffer","buffer","buffer","buffer","buffer","buffer","buffer","buffer","buffer","buffer",158196327
"buffer","buffer","buffer","buffer","buffer","buffer","buffer","buffer","buffer","buffer",158208586
"buffer","buffer","buffer","buffer","buffer","buffer","buffer","buffer","buffer","buffer",158220545
"buffer","buffer","buffer","buffer","buffer","buffer","buffer","buffer","buffer","buffer",158232619
"buffer","buffer","buffer","buffer","buffer","buffer","buffer","buffer","buffer","buffer",158244602
"buffer","buffer","buffer","buffer","buffer","buffer","buffer","buffer","buffer","buffer",158256598
"buffer","buffer","buffer","buffer","buffer","buffer","buffer","buffer","buffer","buffer",158268982
"buffer","buffer","buffer","buffer","buffer","buffer","buffer","buffer","buffer","buffer",158280749
"buffer","buffer","buffer","buffer","buffer","buffer","buffer","buffer","buffer","buffer",158292874
"buffer","buffer","buffer","buffer","buffer","buffer","buffer","buffer","buffer","buffer",158304924
"buffer","buffer","buffer","buffer","buffer","buffer","buffer","buffer","buffer","buffer",158316905
"buffer","buffer","buffer","buffer","buffer","buffer","buffer","buffer","buffer","buffer",158328902
"buffer","buffer","buffer","buffer","buffer","buffer","buffer","buffer","buffer","buffer",158341065
"buffer","buffer","buffer","buffer","buffer","buffer","buffer","buffer","buffer","buffer",158353115
"buffer","buffer","buffer","buffer","buffer","buffer","buffer","buffer","buffer","buffer",158365220
"buffer","buffer","buffer","buffer","buffer","buffer","buffer","buffer","buffer","buffer",158377251
"buffer","buffer","buffer","buffer","buffer","buffer","buffer","buffer","buffer","buffer",158389135
"buffer","buffer","buffer","buffer","buffer","buffer","buffer","buffer","buffer","buffer",158401258
"buffer","buffer","buffer","buffer","buffer","buffer","buffer","buffer","buffer","buffer",158413354
"buffer","buffer","buffer","buffer","buffer","buffer","buffer","buffer","buffer","buffer",158425490
"buffer","buffer","buffer","buffer","buffer","buffer","buffer","buffer","buffer","buffer",158437349
"buffer","buffer","buffer","buffer","buffer","buffer","buffer","buffer","buffer","buffer",158449453
"buffer","buffer","buffer","buffer","buffer","buffer","buffer","buffer","buffer","buffer",158461418
"buffer","buffer","buffer","buffer","buffer","buffer","buffer","buffer","buffer","buffer",158473782
"buffer","buffer","buffer","buffer","buffer","buffer","buffer","buffer","buffer","buffer",158485588
"buffer","buffer","buffer","buffer","buffer","buffer","buffer","buffer","buffer","buffer",158497516
"buffer","buffer","buffer","buffer","buffer","buffer","buffer","buffer","buffer","buffer",158509789
"buffer","buffer","buffer","buffer","buffer","buffer","buffer","buffer","buffer","buffer",158521874
"buffer","buffer","buffer","buffer","buffer","buffer","buffer","buffer","buffer","buffer",158533914
"buffer","buffer","buffer","buffer","buffer","buffer","buffer","buffer","buffer","buffer",158545666
"buffer","buffer","buffer","buffer","buffer","buffer","buffer","buffer","buffer","buffer",158557912
"buffer","buffer","buffer","buffer","buffer","buffer","buffer","buffer","buffer","buffer",158569931
"buffer","buffer","buffer","buffer","buffer","buffer","buffer","buffer","buffer","buffer",158582054
"buffer","buffer","buffer","buffer","buffer","buffer","buffer","buffer","buffer","buffer",158593946
"buffer","buffer","buffer","buffer","buffer","buffer","buffer","buffer","buffer","buffer",158606067
"buffer","buffer","buffer","buffer","buffer","buffer","buffer","buffer","buffer","buffer",158618060
"buffer","buffer","buffer","buffer","buffer","buffer","buffer","buffer","buffer","buffer",158630250
"buffer","buffer","buffer","buffer","buffer","buffer","buffer","buffer","buffer","buffer",158642150
"buffer","buffer","buffer","buffer","buffer","buffer","buffer","buffer","buffer","buffer",158654327
"buffer","buffer","buffer","buffer","buffer","buffer","buffer","buffer","buffer","buffer",158666195
"buffer","buffer","buffer","buffer","buffer","buffer","buffer","buffer","buffer","buffer",158678270
"buffer","buffer","buffer","buffer","buffer","buffer","buffer","buffer","buffer","buffer",158690477
"buffer","buffer","buffer","buffer","buffer","buffer","buffer","buffer","buffer","buffer",158702586
"buffer","buffer","buffer","buffer","buffer","buffer","buffer","buffer","buffer","buffer",158714576
"buffer","buffer","buffer","buffer","buffer","buffer","buffer","buffer","buffer","buffer",158726621
"buffer","buffer","buffer","buffer","buffer","buffer","buffer","buffer","buffer","buffer",158738675
"buffer","buffer","buffer","buffer","buffer","buffer","buffer","buffer","buffer","buffer",158750396
"buffer","buffer","buffer","buffer","buffer","buffer","buffer","buffer","buffer","buffer",158762528
"buffer","buffer","buffer","buffer","buffer","buffer","buffer","buffer","buffer","buffer",158774661
"buffer","buffer","buffer","buffer","buffer","buffer","buffer","buffer","buffer","buffer",158786754
"buffer","buffer","buffer","buffer","buffer","buffer","buffer","buffer","buffer","buffer",158798741
"buffer","buffer","buffer","buffer","buffer","buffer","buffer","buffer","buffer","buffer",158810773
"buffer","buffer","buffer","buffer","buffer","buffer","buffer","buffer","buffer","buffer",158822985
"buffer","buffer","buffer","buffer","buffer","buffer","buffer","buffer","buffer","buffer",158835104
"buffer","buffer","buffer","buffer","buffer","buffer","buffer","buffer","buffer","buffer",158847069
"buffer","buffer","buffer","buffer","buffer","buffer","buffer","buffer","buffer","buffer",158859078
"buffer","buffer","buffer","buffer","buffer","buffer","buffer","buffer","buffer","buffer",158871033
"buffer","buffer","buffer","buffer","buffer","buffer","buffer","buffer","buffer","buffer",158883269
"buffer","buffer","buffer","buffer","buffer","buffer","buffer","buffer","buffer","buffer",158894960
"buffer","buffer","buffer","buffer","buffer","buffer","buffer","buffer","buffer","buffer",158907209
"buffer","buffer","buffer","buffer","buffer","buffer","buffer","buffer","buffer","buffer",158919257
"buffer","buffer","buffer","buffer","buffer","buffer","buffer","buffer","buffer","buffer",158931294
"buffer","buffer","buffer","buffer","buffer","buffer","buffer","buffer","buffer","buffer",158943381
"buffer","buffer","buffer","buffer","buffer","buffer","buffer","buffer","buffer","buffer",158955321
"buffer","buffer","buffer","buffer","buffer","buffer","buffer","buffer","buffer","buffer",158967460
"buffer","buffer","buffer","buffer","buffer","buffer","buffer","buffer","buffer","buffer",158979423
"buffer","buffer","buffer","buffer","buffer","buffer","buffer","buffer","buffer","buffer",158991296
"buffer","buffer","buffer","buffer","buffer","buffer","buffer","buffer","buffer","buffer",159003754
"buffer","buffer","buffer","buffer","buffer","buffer","buffer","buffer","buffer","buffer",159015629
"buffer","buffer","buffer","buffer","buffer","buffer","buffer","buffer","buffer","buffer",159027421
"buffer","buffer","buffer","buffer","buffer","buffer","buffer","buffer","buffer","buffer",159039525
"buffer","buffer","buffer","buffer","buffer","buffer","buffer","buffer","buffer","buffer",159051666
"buffer","buffer","buffer","buffer","buffer","buffer","buffer","buffer","buffer","buffer",159063830
"buffer","buffer","buffer","buffer","buffer","buffer","buffer","buffer","buffer","buffer",159075864
"buffer","buffer","buffer","buffer","buffer","buffer","buffer","buffer","buffer","buffer",159087874
"buffer","buffer","buffer","buffer","buffer","buffer","buffer","buffer","buffer","buffer",159099907
"buffer","buffer","buffer","buffer","buffer","buffer","buffer","buffer","buffer","buffer",159111782
"buffer","buffer","buffer","buffer","buffer","buffer","buffer","buffer","buffer","buffer",159123981
"buffer","buffer","buffer","buffer","buffer","buffer","buffer","buffer","buffer","buffer",159135965
"buffer","buffer","buffer","buffer","buffer","buffer","buffer","buffer","buffer","buffer",159148171
"buffer","buffer","buffer","buffer","buffer","buffer","buffer","buffer","buffer","buffer",159160227
"buffer","buffer","buffer","buffer","buffer","buffer","buffer","buffer","buffer","buffer",159172389
"buffer","buffer","buffer","buffer","buffer","buffer","buffer","buffer","buffer","buffer",159184193
"buffer","buffer","buffer","buffer","buffer","buffer","buffer","buffer","buffer","buffer",159196135
"buffer","buffer","buffer","buffer","buffer","buffer","buffer","buffer","buffer","buffer",159208291
"buffer","buffer","buffer","buffer","buffer","buffer","buffer","buffer","buffer","buffer",159220257
"buffer","buffer","buffer","buffer","buffer","buffer","buffer","buffer","buffer","buffer",159232564
"buffer","buffer","buffer","buffer","buffer","buffer","buffer","buffer","buffer","buffer",159244551
"buffer","buffer","buffer","buffer","buffer","buffer","buffer","buffer","buffer","buffer",159256470
"buffer","buffer","buffer","buffer","buffer","buffer","buffer","buffer","buffer","buffer",159268466
"buffer","buffer","buffer","buffer","buffer","buffer","buffer","buffer","buffer","buffer",159280558
"buffer","buffer","buffer","buffer","buffer","buffer","buffer","buffer","buffer","buffer",159292892
"buffer","buffer","buffer","buffer","buffer","buffer","buffer","buffer","buffer","buffer",159304775
"buffer","buffer","buffer","buffer","buffer","buffer","buffer","buffer","buffer","buffer",159316718
"buffer","buffer","buffer","buffer","buffer","buffer","buffer","buffer","buffer","buffer",159328663
"buffer","buffer","buffer","buffer","buffer","buffer","buffer","buffer","buffer","buffer",159340838
"buffer","buffer","buffer","buffer","buffer","buffer","buffer","buffer","buffer","buffer",159352849
"buffer","buffer","buffer","buffer","buffer","buffer","buffer","buffer","buffer","buffer",159364827
"buffer","buffer","buffer","buffer","buffer","buffer","buffer","buffer","buffer","buffer",159377109
"buffer","buffer","buffer","buffer","buffer","buffer","buffer","buffer","buffer","buffer",159388940
"buffer","buffer","buffer","buffer","buffer","buffer","buffer","buffer","buffer","buffer",159401105
"buffer","buffer","buffer","buffer","buffer","buffer","buffer","buffer","buffer","buffer",159413153
"buffer","buffer","buffer","buffer","buffer","buffer","buffer","buffer","buffer","buffer",159425097
"buffer","buffer","buffer","buffer","buffer","buffer","buffer","buffer","buffer","buffer",159437087
"buffer","buffer","buffer","buffer","buffer","buffer","buffer","buffer","buffer","buffer",159449131
"buffer","buffer","buffer","buffer","buffer","buffer","buffer","buffer","buffer","buffer",159461333
"buffer","buffer","buffer","buffer","buffer","buffer","buffer","buffer","buffer","buffer",159473413
"buffer","buffer","buffer","buffer","buffer","buffer","buffer","buffer","buffer","buffer",159485448
"buffer","buffer","buffer","buffer","buffer","buffer","buffer","buffer","buffer","buffer",159497269
"buffer","buffer","buffer","buffer","buffer","buffer","buffer","buffer","buffer","buffer",159509489
"buffer","buffer","buffer","buffer","buffer","buffer","buffer","buffer","buffer","buffer",159521576
"buffer","buffer","buffer","buffer","buffer","buffer","buffer","buffer","buffer","buffer",159533465
"buffer","buffer","buffer","buffer","buffer","buffer","buffer","buffer","buffer","buffer",159545661
"buffer","buffer","buffer","buffer","buffer","buffer","buffer","buffer","buffer","buffer",159557558
"buffer","buffer","buffer","buffer","buffer","buffer","buffer","buffer","buffer","buffer",159569792
"buffer","buffer","buffer","buffer","buffer","buffer","buffer","buffer","buffer","buffer",159581855
"buffer","buffer","buffer","buffer","buffer","buffer","buffer","buffer","buffer","buffer",159593841
"buffer","buffer","buffer","buffer","buffer","buffer","buffer","buffer","buffer","buffer",159605832
"buffer","buffer","buffer","buffer","buffer","buffer","buffer","buffer","buffer","buffer",159617997
"buffer","buffer","buffer","buffer","buffer","buffer","buffer","buffer","buffer","buffer",159629715
"buffer","buffer","buffer","buffer","buffer","buffer","buffer","buffer","buffer","buffer",159641928
"buffer","buffer","buffer","buffer","buffer","buffer","buffer","buffer","buffer","buffer",159654066
"buffer","buffer","buffer","buffer","buffer","buffer","buffer","buffer","buffer","buffer",159665976
"buffer","buffer","buffer","buffer","buffer","buffer","buffer","buffer","buffer","buffer",159678089
"buffer","buffer","buffer","buffer","buffer","buffer","buffer","buffer","buffer","buffer",159690230
"buffer","buffer","buffer","buffer","buffer","buffer","buffer","buffer","buffer","buffer",159702250
"buffer","buffer","buffer","buffer","buffer","buffer","buffer","buffer","buffer","buffer",159714127
"buffer","buffer","buffer","buffer","buffer","buffer","buffer","buffer","buffer","buffer",159726206
"buffer","buffer","buffer","buffer","buffer","buffer","buffer","buffer","buffer","buffer",159738220
"buffer","buffer","buffer","buffer","buffer","buffer","buffer","buffer","buffer","buffer",159750487
"buffer","buffer","buffer","buffer","buffer","buffer","buffer","buffer","buffer","buffer",159762437
"buffer","buffer","buffer","buffer","buffer","buffer","buffer","buffer","buffer","buffer",159774412
"buffer","buffer","buffer","buffer","buffer","buffer","buffer","buffer","buffer","buffer",159786678
"buffer","buffer","buffer","buffer","buffer","buffer","buffer","buffer","buffer","buffer",159798534
"buffer","buffer","buffer","buffer","buffer","buffer","buffer","buffer","buffer","buffer",159810539
"buffer","buffer","buffer","buffer","buffer","buffer","buffer","buffer","buffer","buffer",159822607
"buffer","buffer","buffer","buffer","buffer","buffer","buffer","buffer","buffer","buffer",159834497
"buffer","buffer","buffer","buffer","buffer","buffer","buffer","buffer","buffer","buffer",159846731
"buffer","buffer","buffer","buffer","buffer","buffer","buffer","buffer","buffer","buffer",159858537
"buffer","buffer","buffer","buffer","buffer","buffer","buffer","buffer","buffer","buffer",159870713
"buffer","buffer","buffer","buffer","buffer","buffer","buffer","buffer","buffer","buffer",159882868
"buffer","buffer","buffer","buffer","buffer","buffer","buffer","buffer","buffer","buffer",159894974
"buffer","buffer","buffer","buffer","buffer","buffer","buffer","buffer","buffer","buffer",159907088
"buffer","buffer","buffer","buffer","buffer","buffer","buffer","buffer","buffer","buffer",159919108
"buffer","buffer","buffer","buffer","buffer","buffer","buffer","buffer","buffer","buffer",159931157
"buffer","buffer","buffer","buffer","buffer","buffer","buffer","buffer","buffer","buffer",159943117
"buffer","buffer","buffer","buffer","buffer","buffer","buffer","buffer","buffer","buffer",159955126
"buffer","buffer","buffer","buffer","buffer","buffer","buffer","buffer","buffer","buffer",159967313
"buffer","buffer","buffer","buffer","buffer","buffer","buffer","buffer","buffer","buffer",159979298
"buffer","buffer","buffer","buffer","buffer","buffer","buffer","buffer","buffer","buffer",159991466
"buffer","buffer","buffer","buffer","buffer","buffer","buffer","buffer","buffer","buffer",160003408
"buffer","buffer","buffer","buffer","buffer","buffer","buffer","buffer","buffer","buffer",160015441
"buffer","buffer","buffer","buffer","buffer","buffer","buffer","buffer","buffer","buffer",160027384
"buffer","buffer","buffer","buffer","buffer","buffer","buffer","buffer","buffer","buffer",160039511
"buffer","buffer","buffer","buffer","buffer","buffer","buffer","buffer","buffer","buffer",160051686
"buffer","buffer","buffer","buffer","buffer","buffer","buffer","buffer","buffer","buffer",160063669
"buffer","buffer","buffer","buffer","buffer","buffer","buffer","buffer","buffer","buffer",160075524
"buffer","buffer","buffer","buffer","buffer","buffer","buffer","buffer","buffer","buffer",160087641
"buffer","buffer","buffer","buffer","buffer","buffer","buffer","buffer","buffer","buffer",160099642
"buffer","buffer","buffer","buffer","buffer","buffer","buffer","buffer","buffer","buffer",160111645
"buffer","buffer","buffer","buffer","buffer","buffer","buffer","buffer","buffer","buffer",160123708
"buffer","buffer","buffer","buffer","buffer","buffer","buffer","buffer","buffer","buffer",160135709
"buffer","buffer","buffer","buffer","buffer","buffer","buffer","buffer","buffer","buffer",160147987
"buffer","buffer","buffer","buffer","buffer","buffer","buffer","buffer","buffer","buffer",160160005
"buffer","buffer","buffer","buffer","buffer","buffer","buffer","buffer","buffer","buffer",160171966
"buffer","buffer","buffer","buffer","buffer","buffer","buffer","buffer","buffer","buffer",160184048
"buffer","buffer","buffer","buffer","buffer","buffer","buffer","buffer","buffer","buffer",160196117
"buffer","buffer","buffer","buffer","buffer","buffer","buffer","buffer","buffer","buffer",160208085
"buffer","buffer","buffer","buffer","buffer","buffer","buffer","buffer","buffer","buffer",160220122
"buffer","buffer","buffer","buffer","buffer","buffer","buffer","buffer","buffer","buffer",160232350
"buffer","buffer","buffer","buffer","buffer","buffer","buffer","buffer","buffer","buffer",160244462
"buffer","buffer","buffer","buffer","buffer","buffer","buffer","buffer","buffer","buffer",160256213
"buffer","buffer","buffer","buffer","buffer","buffer","buffer","buffer","buffer","buffer",160268289
"buffer","buffer","buffer","buffer","buffer","buffer","buffer","buffer","buffer","buffer",160280345
"buffer","buffer","buffer","buffer","buffer","buffer","buffer","buffer","buffer","buffer",160292413
"buffer","buffer","buffer","buffer","buffer","buffer","buffer","buffer","buffer","buffer",160304586
"buffer","buffer","buffer","buffer","buffer","buffer","buffer","buffer","buffer","buffer",160316449
"buffer","buffer","buffer","buffer","buffer","buffer","buffer","buffer","buffer","buffer",160328560
"buffer","buffer","buffer","buffer","buffer","buffer","buffer","buffer","buffer","buffer",160340513
"buffer","buffer","buffer","buffer","buffer","buffer","buffer","buffer","buffer","buffer",160352561
"buffer","buffer","buffer","buffer","buffer","buffer","buffer","buffer","buffer","buffer",160364832
"buffer","buffer","buffer","buffer","buffer","buffer","buffer","buffer","buffer","buffer",160376641
"buffer","buffer","buffer","buffer","buffer","buffer","buffer","buffer","buffer","buffer",160388669
"buffer","buffer","buffer","buffer","buffer","buffer","buffer","buffer","buffer","buffer",160400788
"buffer","buffer","buffer","buffer","buffer","buffer","buffer","buffer","buffer","buffer",160413067
"buffer","buffer","buffer","buffer","buffer","buffer","buffer","buffer","buffer","buffer",160424882
"buffer","buffer","buffer","buffer","buffer","buffer","buffer","buffer","buffer","buffer",160437121
"buffer","buffer","buffer","buffer","buffer","buffer","buffer","buffer","buffer","buffer",160448875
"buffer","buffer","buffer","buffer","buffer","buffer","buffer","buffer","buffer","buffer",160461136
"buffer","buffer","buffer","buffer","buffer","buffer","buffer","buffer","buffer","buffer",160473149
"buffer","buffer","buffer","buffer","buffer","buffer","buffer","buffer","buffer","buffer",160485209
"buffer","buffer","buffer","buffer","buffer","buffer","buffer","buffer","buffer","buffer",160497143
"buffer","buffer","buffer","buffer","buffer","buffer","buffer","buffer","buffer","buffer",160509263
"buffer","buffer","buffer","buffer","buffer","buffer","buffer","buffer","buffer","buffer",160521305
"buffer","buffer","buffer","buffer","buffer","buffer","buffer","buffer","buffer","buffer",160533551
"buffer","buffer","buffer","buffer","buffer","buffer","buffer","buffer","buffer","buffer",160545375
"buffer","buffer","buffer","buffer","buffer","buffer","buffer","buffer","buffer","buffer",160557398
"buffer","buffer","buffer","buffer","buffer","buffer","buffer","buffer","buffer","buffer",160569628
"buffer","buffer","buffer","buffer","buffer","buffer","buffer","buffer","buffer","buffer",160581525
"buffer","buffer","buffer","buffer","buffer","buffer","buffer","buffer","buffer","buffer",160593414
"buffer","buffer","buffer","buffer","buffer","buffer","buffer","buffer","buffer","buffer",160605482
"buffer","buffer","buffer","buffer","buffer","buffer","buffer","buffer","buffer","buffer",160617602
"buffer","buffer","buffer","buffer","buffer","buffer","buffer","buffer","buffer","buffer",160629767
"buffer","buffer","buffer","buffer","buffer","buffer","buffer","buffer","buffer","buffer",160641585
"buffer","buffer","buffer","buffer","buffer","buffer","buffer","buffer","buffer","buffer",160653770
"buffer","buffer","buffer","buffer","buffer","buffer","buffer","buffer","buffer","buffer",160665871
"buffer","buffer","buffer","buffer","buffer","buffer","buffer","buffer","buffer","buffer",160677990
"buffer","buffer","buffer","buffer","buffer","buffer","buffer","buffer","buffer","buffer",160689730
"buffer","buffer","buffer","buffer","buffer","buffer","buffer","buffer","buffer","buffer",160702028
"buffer","buffer","buffer","buffer","buffer","buffer","buffer","buffer","buffer","buffer",160714064
"buffer","buffer","buffer","buffer","buffer","buffer","buffer","buffer","buffer","buffer",160726105
"buffer","buffer","buffer","buffer","buffer","buffer","buffer","buffer","buffer","buffer",160738103
"buffer","buffer","buffer","buffer","buffer","buffer","buffer","buffer","buffer","buffer",160750220
"buffer","buffer","buffer","buffer","buffer","buffer","buffer","buffer","buffer","buffer",160762121
"buffer","buffer","buffer","buffer","buffer","buffer","buffer","buffer","buffer","buffer",160774186
"buffer","buffer","buffer","buffer","buffer","buffer","buffer","buffer","buffer","buffer",160786388
"buffer","buffer","buffer","buffer","buffer","buffer","buffer","buffer","buffer","buffer",160798431
"buffer","buffer","buffer","buffer","buffer","buffer","buffer","buffer","buffer","buffer",160810283
"buffer","buffer","buffer","buffer","buffer","buffer","buffer","buffer","buffer","buffer",160822579
"buffer","buffer","buffer","buffer","buffer","buffer","buffer","buffer","buffer","buffer",160834519
"buffer","buffer","buffer","buffer","buffer","buffer","buffer","buffer","buffer","buffer",160846556
"buffer","buffer","buffer","buffer","buffer","buffer","buffer","buffer","buffer","buffer",160858441
"buffer","buffer","buffer","buffer","buffer","buffer","buffer","buffer","buffer","buffer",160870902
"buffer","buffer","buffer","buffer","buffer","buffer","buffer","buffer","buffer","buffer",160882696
"buffer","buffer","buffer","buffer","buffer","buffer","buffer","buffer","buffer","buffer",160894715
"buffer","buffer","buffer","buffer","buffer","buffer","buffer","buffer","buffer","buffer",160906776
"buffer","buffer","buffer","buffer","buffer","buffer","buffer","buffer","buffer","buffer",160918741
"buffer","buffer","buffer","buffer","buffer","buffer","buffer","buffer","buffer","buffer",160930799
"buffer","buffer","buffer","buffer","buffer","buffer","buffer","buffer","buffer","buffer",160942914
"buffer","buffer","buffer","buffer","buffer","buffer","buffer","buffer","buffer","buffer",160954921
"buffer","buffer","buffer","buffer","buffer","buffer","buffer","buffer","buffer","buffer",160967003
"buffer","buffer","buffer","buffer","buffer","buffer","buffer","buffer","buffer","buffer",160979096
"buffer","buffer","buffer","buffer","buffer","buffer","buffer","buffer","buffer","buffer",160991025
"buffer","buffer","buffer","buffer","buffer","buffer","buffer","buffer","buffer","buffer",161003137
"buffer","buffer","buffer","buffer","buffer","buffer","buffer","buffer","buffer","buffer",161015108
"buffer","buffer","buffer","buffer","buffer","buffer","buffer","buffer","buffer","buffer",161027369
"buffer","buffer","buffer","buffer","buffer","buffer","buffer","buffer","buffer","buffer",161039214
"buffer","buffer","buffer","buffer","buffer","buffer","buffer","buffer","buffer","buffer",161051319
"buffer","buffer","buffer","buffer","buffer","buffer","buffer","buffer","buffer","buffer",161063414
"buffer","buffer","buffer","buffer","buffer","buffer","buffer","buffer","buffer","buffer",161075322
"buffer","buffer","buffer","buffer","buffer","buffer","buffer","buffer","buffer","buffer",161087426
"buffer","buffer","buffer","buffer","buffer","buffer","buffer","buffer","buffer","buffer",161099603
"buffer","buffer","buffer","buffer","buffer","buffer","buffer","buffer","buffer","buffer",161111524
"buffer","buffer","buffer","buffer","buffer","buffer","buffer","buffer","buffer","buffer",161123592
"buffer","buffer","buffer","buffer","buffer","buffer","buffer","buffer","buffer","buffer",161135466
"buffer","buffer","buffer","buffer","buffer","buffer","buffer","buffer","buffer","buffer",161147748
"buffer","buffer","buffer","buffer","buffer","buffer","buffer","buffer","buffer","buffer",161159797
"buffer","buffer","buffer","buffer","buffer","buffer","buffer","buffer","buffer","buffer",161171944
"buffer","buffer","buffer","buffer","buffer","buffer","buffer","buffer","buffer","buffer",161183739
"buffer","buffer","buffer","buffer","buffer","buffer","buffer","buffer","buffer","buffer",161195971
"buffer","buffer","buffer","buffer","buffer","buffer","buffer","buffer","buffer","buffer",161207806
"buffer","buffer","buffer","buffer","buffer","buffer","buffer","buffer","buffer","buffer",161220016
"buffer","buffer","buffer","buffer","buffer","buffer","buffer","buffer","buffer","buffer",161231849
"buffer","buffer","buffer","buffer","buffer","buffer","buffer","buffer","buffer","buffer",161244066
"buffer","buffer","buffer","buffer","buffer","buffer","buffer","buffer","buffer","buffer",161255941
"buffer","buffer","buffer","buffer","buffer","buffer","buffer","buffer","buffer","buffer",161268241
"buffer","buffer","buffer","buffer","buffer","buffer","buffer","buffer","buffer","buffer",161280190
"buffer","buffer","buffer","buffer","buffer","buffer","buffer","buffer","buffer","buffer",161292057
"buffer","buffer","buffer","buffer","buffer","buffer","buffer","buffer","buffer","buffer",161304441
"buffer","buffer","buffer","buffer","buffer","buffer","buffer","buffer","buffer","buffer",161316358
"buffer","buffer","buffer","buffer","buffer","buffer","buffer","buffer","buffer","buffer",161328241
"buffer","buffer","buffer","buffer","buffer","buffer","buffer","buffer","buffer","buffer",161340492
"buffer","buffer","buffer","buffer","buffer","buffer","buffer","buffer","buffer","buffer",161352576
"buffer","buffer","buffer","buffer","buffer","buffer","buffer","buffer","buffer","buffer",161364405
"buffer","buffer","buffer","buffer","buffer","buffer","buffer","buffer","buffer","buffer",161376706
"buffer","buffer","buffer","buffer","buffer","buffer","buffer","buffer","buffer","buffer",161388450
"buffer","buffer","buffer","buffer","buffer","buffer","buffer","buffer","buffer","buffer",161400644
"buffer","buffer","buffer","buffer","buffer","buffer","buffer","buffer","buffer","buffer",161412744
"buffer","buffer","buffer","buffer","buffer","buffer","buffer","buffer","buffer","buffer",161424634
"buffer","buffer","buffer","buffer","buffer","buffer","buffer","buffer","buffer","buffer",161436901
"buffer","buffer","buffer","buffer","buffer","buffer","buffer","buffer","buffer","buffer",161448727
"buffer","buffer","buffer","buffer","buffer","buffer","buffer","buffer","buffer","buffer",161460936
"buffer","buffer","buffer","buffer","buffer","buffer","buffer","buffer","buffer","buffer",161472997
"buffer","buffer","buffer","buffer","buffer","buffer","buffer","buffer","buffer","buffer",161485054
"buffer","buffer","buffer","buffer","buffer","buffer","buffer","buffer","buffer","buffer",161497064
"buffer","buffer","buffer","buffer","buffer","buffer","buffer","buffer","buffer","buffer",161509026
"buffer","buffer","buffer","buffer","buffer","buffer","buffer","buffer","buffer","buffer",161521125
"buffer","buffer","buffer","buffer","buffer","buffer","buffer","buffer","buffer","buffer",161533073
"buffer","buffer","buffer","buffer","buffer","buffer","buffer","buffer","buffer","buffer",161545233
"buffer","buffer","buffer","buffer","buffer","buffer","buffer","buffer","buffer","buffer",161557168
"buffer","buffer","buffer","buffer","buffer","buffer","buffer","buffer","buffer","buffer",161569033
"buffer","buffer","buffer","buffer","buffer","buffer","buffer","buffer","buffer","buffer",161581455
"buffer","buffer","buffer","buffer","buffer","buffer","buffer","buffer","buffer","buffer",161593331
"buffer","buffer","buffer","buffer","buffer","buffer","buffer","buffer","buffer","buffer",161605447
"buffer","buffer","buffer","buffer","buffer","buffer","buffer","buffer","buffer","buffer",161617367
"buffer","buffer","buffer","buffer","buffer","buffer","buffer","buffer","buffer","buffer",161629435
"buffer","buffer","buffer","buffer","buffer","buffer","buffer","buffer","buffer","buffer",161641636
"buffer","buffer","buffer","buffer","buffer","buffer","buffer","buffer","buffer","buffer",161653466
"buffer","buffer","buffer","buffer","buffer","buffer","buffer","buffer","buffer","buffer",161665744
"buffer","buffer","buffer","buffer","buffer","buffer","buffer","buffer","buffer","buffer",161677650
"buffer","buffer","buffer","buffer","buffer","buffer","buffer","buffer","buffer","buffer",161689762
"buffer","buffer","buffer","buffer","buffer","buffer","buffer","buffer","buffer","buffer",161701737
"buffer","buffer","buffer","buffer","buffer","buffer","buffer","buffer","buffer","buffer",161713902
"buffer","buffer","buffer","buffer","buffer","buffer","buffer","buffer","buffer","buffer",161725872
"buffer","buffer","buffer","buffer","buffer","buffer","buffer","buffer","buffer","buffer",161737763
"buffer","buffer","buffer","buffer","buffer","buffer","buffer","buffer","buffer","buffer",161749913
"buffer","buffer","buffer","buffer","buffer","buffer","buffer","buffer","buffer","buffer",161761937
"buffer","buffer","buffer","buffer","buffer","buffer","buffer","buffer","buffer","buffer",161774150
"buffer","buffer","buffer","buffer","buffer","buffer","buffer","buffer","buffer","buffer",161786138
"buffer","buffer","buffer","buffer","buffer","buffer","buffer","buffer","buffer","buffer",161798073
"buffer","buffer","buffer","buffer","buffer","buffer","buffer","buffer","buffer","buffer",161810013
"buffer","buffer","buffer","buffer","buffer","buffer","buffer","buffer","buffer","buffer",161822083
"buffer","buffer","buffer","buffer","buffer","buffer","buffer","buffer","buffer","buffer",161834121
"buffer","buffer","buffer","buffer","buffer","buffer","buffer","buffer","buffer","buffer",161846299
"buffer","buffer","buffer","buffer","buffer","buffer","buffer","buffer","buffer","buffer",161858423
"buffer","buffer","buffer","buffer","buffer","buffer","buffer","buffer","buffer","buffer",161870448
"buffer","buffer","buffer","buffer","buffer","buffer","buffer","buffer","buffer","buffer",161882544
"buffer","buffer","buffer","buffer","buffer","buffer","buffer","buffer","buffer","buffer",161894534
"buffer","buffer","buffer","buffer","buffer","buffer","buffer","buffer","buffer","buffer",161906537
"buffer","buffer","buffer","buffer","buffer","buffer","buffer","buffer","buffer","buffer",161918657
"buffer","buffer","buffer","buffer","buffer","buffer","buffer","buffer","buffer","buffer",161930584
"buffer","buffer","buffer","buffer","buffer","buffer","buffer","buffer","buffer","buffer",161942651
"buffer","buffer","buffer","buffer","buffer","buffer","buffer","buffer","buffer","buffer",161954696
"buffer","buffer","buffer","buffer","buffer","buffer","buffer","buffer","buffer","buffer",161966659
"buffer","buffer","buffer","buffer","buffer","buffer","buffer","buffer","buffer","buffer",161978680
"buffer","buffer","buffer","buffer","buffer","buffer","buffer","buffer","buffer","buffer",161990791
"buffer","buffer","buffer","buffer","buffer","buffer","buffer","buffer","buffer","buffer",162002912
"buffer","buffer","buffer","buffer","buffer","buffer","buffer","buffer","buffer","buffer",162014822
"buffer","buffer","buffer","buffer","buffer","buffer","buffer","buffer","buffer","buffer",162026939
"buffer","buffer","buffer","buffer","buffer","buffer","buffer","buffer","buffer","buffer",162039226
"buffer","buffer","buffer","buffer","buffer","buffer","buffer","buffer","buffer","buffer",162051069
"buffer","buffer","buffer","buffer","buffer","buffer","buffer","buffer","buffer","buffer",162063277
"buffer","buffer","buffer","buffer","buffer","buffer","buffer","buffer","buffer","buffer",162075199
"buffer","buffer","buffer","buffer","buffer","buffer","buffer","buffer","buffer","buffer",162087364
"buffer","buffer","buffer","buffer","buffer","buffer","buffer","buffer","buffer","buffer",162099322
"buffer","buffer","buffer","buffer","buffer","buffer","buffer","buffer","buffer","buffer",162111277
"buffer","buffer","buffer","buffer","buffer","buffer","buffer","buffer","buffer","buffer",162123224
"buffer","buffer","buffer","buffer","buffer","buffer","buffer","buffer","buffer","buffer",162135405
"buffer","buffer","buffer","buffer","buffer","buffer","buffer","buffer","buffer","buffer",162147421
"buffer","buffer","buffer","buffer","buffer","buffer","buffer","buffer","buffer","buffer",162159643
"buffer","buffer","buffer","buffer","buffer","buffer","buffer","buffer","buffer","buffer",162171405
"buffer","buffer","buffer","buffer","buffer","buffer","buffer","buffer","buffer","buffer",162183561
"buffer","buffer","buffer","buffer","buffer","buffer","buffer","buffer","buffer","buffer",162195618
"buffer","buffer","buffer","buffer","buffer","buffer","buffer","buffer","buffer","buffer",162207671
"buffer","buffer","buffer","buffer","buffer","buffer","buffer","buffer","buffer","buffer",162219993
"buffer","buffer","buffer","buffer","buffer","buffer","buffer","buffer","buffer","buffer",162231690
"buffer","buffer","buffer","buffer","buffer","buffer","buffer","buffer","buffer","buffer",162243809
"buffer","buffer","buffer","buffer","buffer","buffer","buffer","buffer","buffer","buffer",162255803
"buffer","buffer","buffer","buffer","buffer","buffer","buffer","buffer","buffer","buffer",162267881
"buffer","buffer","buffer","buffer","buffer","buffer","buffer","buffer","buffer","buffer",162279851
"buffer","buffer","buffer","buffer","buffer","buffer","buffer","buffer","buffer","buffer",162292178
"buffer","buffer","buffer","buffer","buffer","buffer","buffer","buffer","buffer","buffer",162304068
"buffer","buffer","buffer","buffer","buffer","buffer","buffer","buffer","buffer","buffer",162316142
"buffer","buffer","buffer","buffer","buffer","buffer","buffer","buffer","buffer","buffer",162328138
"buffer","buffer","buffer","buffer","buffer","buffer","buffer","buffer","buffer","buffer",162340321
"buffer","buffer","buffer","buffer","buffer","buffer","buffer","buffer","buffer","buffer",162352199
"buffer","buffer","buffer","buffer","buffer","buffer","buffer","buffer","buffer","buffer",162364447
"buffer","buffer","buffer","buffer","buffer","buffer","buffer","buffer","buffer","buffer",162376349
"buffer","buffer","buffer","buffer","buffer","buffer","buffer","buffer","buffer","buffer",162388308
"buffer","buffer","buffer","buffer","buffer","buffer","buffer","buffer","buffer","buffer",162400366
"buffer","buffer","buffer","buffer","buffer","buffer","buffer","buffer","buffer","buffer",162412370
"buffer","buffer","buffer","buffer","buffer","buffer","buffer","buffer","buffer","buffer",162424525
"buffer","buffer","buffer","buffer","buffer","buffer","buffer","buffer","buffer","buffer",162436604
"buffer","buffer","buffer","buffer","buffer","buffer","buffer","buffer","buffer","buffer",162448735
"buffer","buffer","buffer","buffer","buffer","buffer","buffer","buffer","buffer","buffer",162460726
"buffer","buffer","buffer","buffer","buffer","buffer","buffer","buffer","buffer","buffer",162472715
"buffer","buffer","buffer","buffer","buffer","buffer","buffer","buffer","buffer","buffer",162484688
"buffer","buffer","buffer","buffer","buffer","buffer","buffer","buffer","buffer","buffer",162496657
"buffer","buffer","buffer","buffer","buffer","buffer","buffer","buffer","buffer","buffer",162508908
"buffer","buffer","buffer","buffer","buffer","buffer","buffer","buffer","buffer","buffer",162520889
"buffer","buffer","buffer","buffer","buffer","buffer","buffer","buffer","buffer","buffer",162533044
"buffer","buffer","buffer","buffer","buffer","buffer","buffer","buffer","buffer","buffer",162545075
"buffer","buffer","buffer","buffer","buffer","buffer","buffer","buffer","buffer","buffer",162557095
"buffer","buffer","buffer","buffer","buffer","buffer","buffer","buffer","buffer","buffer",162569159
"buffer","buffer","buffer","buffer","buffer","buffer","buffer","buffer","buffer","buffer",162580987
"buffer","buffer","buffer","buffer","buffer","buffer","buffer","buffer","buffer","buffer",162593043
"buffer","buffer","buffer","buffer","buffer","buffer","buffer","buffer","buffer","buffer",162605225
"buffer","buffer","buffer","buffer","buffer","buffer","buffer","buffer","buffer","buffer",162617312
"buffer","buffer","buffer","buffer","buffer","buffer","buffer","buffer","buffer","buffer",162629259
"buffer","buffer","buffer","buffer","buffer","buffer","buffer","buffer","buffer","buffer",162641324
"buffer","buffer","buffer","buffer","buffer","buffer","buffer","buffer","buffer","buffer",162653413
"buffer","buffer","buffer","buffer","buffer","buffer","buffer","buffer","buffer","buffer",162665482
"buffer","buffer","buffer","buffer","buffer","buffer","buffer","buffer","buffer","buffer",162677453
"buffer","buffer","buffer","buffer","buffer","buffer","buffer","buffer","buffer","buffer",162689564
"buffer","buffer","buffer","buffer","buffer","buffer","buffer","buffer","buffer","buffer",162701682
"buffer","buffer","buffer","buffer","buffer","buffer","buffer","buffer","buffer","buffer",162713628
"buffer","buffer","buffer","buffer","buffer","buffer","buffer","buffer","buffer","buffer",162725655
"buffer","buffer","buffer","buffer","buffer","buffer","buffer","buffer","buffer","buffer",162737733
"buffer","buffer","buffer","buffer","buffer","buffer","buffer","buffer","buffer","buffer",162749850
"buffer","buffer","buffer","buffer","buffer","buffer","buffer","buffer","buffer","buffer",162761687
"buffer","buffer","buffer","buffer","buffer","buffer","buffer","buffer","buffer","buffer",162773914
"buffer","buffer","buffer","buffer","buffer","buffer","buffer","buffer","buffer","buffer",162785781
"buffer","buffer","buffer","buffer","buffer","buffer","buffer","buffer","buffer","buffer",162797886
"buffer","buffer","buffer","buffer","buffer","buffer","buffer","buffer","buffer","buffer",162810006
"buffer","buffer","buffer","buffer","buffer","buffer","buffer","buffer","buffer","buffer",162821997
"buffer","buffer","buffer","buffer","buffer","buffer","buffer","buffer","buffer","buffer",162833931
"buffer","buffer","buffer","buffer","buffer","buffer","buffer","buffer","buffer","buffer",162845994
"buffer","buffer","buffer","buffer","buffer","buffer","buffer","buffer","buffer","buffer",162858161
"buffer","buffer","buffer","buffer","buffer","buffer","buffer","buffer","buffer","buffer",162869948
"buffer","buffer","buffer","buffer","buffer","buffer","buffer","buffer","buffer","buffer",162882227
"buffer","buffer","buffer","buffer","buffer","buffer","buffer","buffer","buffer","buffer",162894248
"buffer","buffer","buffer","buffer","buffer","buffer","buffer","buffer","buffer","buffer",162906411
"buffer","buffer","buffer","buffer","buffer","buffer","buffer","buffer","buffer","buffer",162918446
"buffer","buffer","buffer","buffer","buffer","buffer","buffer","buffer","buffer","buffer",162930370
"buffer","buffer","buffer","buffer","buffer","buffer","buffer","buffer","buffer","buffer",162942407
"buffer","buffer","buffer","buffer","buffer","buffer","buffer","buffer","buffer","buffer",162954584
"buffer","buffer","buffer","buffer","buffer","buffer","buffer","buffer","buffer","buffer",162966633
"buffer","buffer","buffer","buffer","buffer","buffer","buffer","buffer","buffer","buffer",162978738
"buffer","buffer","buffer","buffer","buffer","buffer","buffer","buffer","buffer","buffer",162990508
"buffer","buffer","buffer","buffer","buffer","buffer","buffer","buffer","buffer","buffer",163002781
"buffer","buffer","buffer","buffer","buffer","buffer","buffer","buffer","buffer","buffer",163014982
"buffer","buffer","buffer","buffer","buffer","buffer","buffer","buffer","buffer","buffer",163026873
"buffer","buffer","buffer","buffer","buffer","buffer","buffer","buffer","buffer","buffer",163038830
"buffer","buffer","buffer","buffer","buffer","buffer","buffer","buffer","buffer","buffer",163050795
"buffer","buffer","buffer","buffer","buffer","buffer","buffer","buffer","buffer","buffer",163062867
"buffer","buffer","buffer","buffer","buffer","buffer","buffer","buffer","buffer","buffer",163074893
"buffer","buffer","buffer","buffer","buffer","buffer","buffer","buffer","buffer","buffer",163086905
"buffer","buffer","buffer","buffer","buffer","buffer","buffer","buffer","buffer","buffer",163098952
"buffer","buffer","buffer","buffer","buffer","buffer","buffer","buffer","buffer","buffer",163111106
"buffer","buffer","buffer","buffer","buffer","buffer","buffer","buffer","buffer","buffer",163123326
"buffer","buffer","buffer","buffer","buffer","buffer","buffer","buffer","buffer","buffer",163135254
"buffer","buffer","buffer","buffer","buffer","buffer","buffer","buffer","buffer","buffer",163147312
"buffer","buffer","buffer","buffer","buffer","buffer","buffer","buffer","buffer","buffer",163159270
"buffer","buffer","buffer","buffer","buffer","buffer","buffer","buffer","buffer","buffer",163171316
"buffer","buffer","buffer","buffer","buffer","buffer","buffer","buffer","buffer","buffer",163183435
"buffer","buffer","buffer","buffer","buffer","buffer","buffer","buffer","buffer","buffer",163195395
"buffer","buffer","buffer","buffer","buffer","buffer","buffer","buffer","buffer","buffer",163207311
"buffer","buffer","buffer","buffer","buffer","buffer","buffer","buffer","buffer","buffer",163219574
"buffer","buffer","buffer","buffer","buffer","buffer","buffer","buffer","buffer","buffer",163231660
"buffer","buffer","buffer","buffer","buffer","buffer","buffer","buffer","buffer","buffer",163243584
"buffer","buffer","buffer","buffer","buffer","buffer","buffer","buffer","buffer","buffer",163255717
"buffer","buffer","buffer","buffer","buffer","buffer","buffer","buffer","buffer","buffer",163267792
"buffer","buffer","buffer","buffer","buffer","buffer","buffer","buffer","buffer","buffer",163279706
"buffer","buffer","buffer","buffer","buffer","buffer","buffer","buffer","buffer","buffer",163291777
"buffer","buffer","buffer","buffer","buffer","buffer","buffer","buffer","buffer","buffer",163303861
"buffer","buffer","buffer","buffer","buffer","buffer","buffer","buffer","buffer","buffer",163315968
"buffer","buffer","buffer","buffer","buffer","buffer","buffer","buffer","buffer","buffer",163327895
"buffer","buffer","buffer","buffer","buffer","buffer","buffer","buffer","buffer","buffer",163340072
"buffer","buffer","buffer","buffer","buffer","buffer","buffer","buffer","buffer","buffer",163351954
"buffer","buffer","buffer","buffer","buffer","buffer","buffer","buffer","buffer","buffer",163364237
"buffer","buffer","buffer","buffer","buffer","buffer","buffer","buffer","buffer","buffer",163376154
"buffer","buffer","buffer","buffer","buffer","buffer","buffer","buffer","buffer","buffer",163388111
"buffer","buffer","buffer","buffer","buffer","buffer","buffer","buffer","buffer","buffer",163400269
"buffer","buffer","buffer","buffer","buffer","buffer","buffer","buffer","buffer","buffer",163412183
"buffer","buffer","buffer","buffer","buffer","buffer","buffer","buffer","buffer","buffer",163424401
"buffer","buffer","buffer","buffer","buffer","buffer","buffer","buffer","buffer","buffer",163436379
"buffer","buffer","buffer","buffer","buffer","buffer","buffer","buffer","buffer","buffer",163448172
"buffer","buffer","buffer","buffer","buffer","buffer","buffer","buffer","buffer","buffer",163460383
"buffer","buffer","buffer","buffer","buffer","buffer","buffer","buffer","buffer","buffer",163472325
"buffer","buffer","buffer","buffer","buffer","buffer","buffer","buffer","buffer","buffer",163484586
"buffer","buffer","buffer","buffer","buffer","buffer","buffer","buffer","buffer","buffer",163496570
"buffer","buffer","buffer","buffer","buffer","buffer","buffer","buffer","buffer","buffer",163508685
"buffer","buffer","buffer","buffer","buffer","buffer","buffer","buffer","buffer","buffer",163520646
"buffer","buffer","buffer","buffer","buffer","buffer","buffer","buffer","buffer","buffer",163532932
"buffer","buffer","buffer","buffer","buffer","buffer","buffer","buffer","buffer","buffer",163544707
"buffer","buffer","buffer","buffer","buffer","buffer","buffer","buffer","buffer","buffer",163556883
"buffer","buffer","buffer","buffer","buffer","buffer","buffer","buffer","buffer","buffer",163568856
"buffer","buffer","buffer","buffer","buffer","buffer","buffer","buffer","buffer","buffer",163581103
"buffer","buffer","buffer","buffer","buffer","buffer","buffer","buffer","buffer","buffer",163593015
"buffer","buffer","buffer","buffer","buffer","buffer","buffer","buffer","buffer","buffer",163605004
"buffer","buffer","buffer","buffer","buffer","buffer","buffer","buffer","buffer","buffer",163616983
"buffer","buffer","buffer","buffer","buffer","buffer","buffer","buffer","buffer","buffer",163628953
"buffer","buffer","buffer","buffer","buffer","buffer","buffer","buffer","buffer","buffer",163641194
"buffer","buffer","buffer","buffer","buffer","buffer","buffer","buffer","buffer","buffer",163653358
"buffer","buffer","buffer","buffer","buffer","buffer","buffer","buffer","buffer","buffer",163665245
"buffer","buffer","buffer","buffer","buffer","buffer","buffer","buffer","buffer","buffer",163677091
"buffer","buffer","buffer","buffer","buffer","buffer","buffer","buffer","buffer","buffer",163689195
"buffer","buffer","buffer","buffer","buffer","buffer","buffer","buffer","buffer","buffer",163701384
"buffer","buffer","buffer","buffer","buffer","buffer","buffer","buffer","buffer","buffer",163713290
"buffer","buffer","buffer","buffer","buffer","buffer","buffer","buffer","buffer","buffer",163725472
"buffer","buffer","buffer","buffer","buffer","buffer","buffer","buffer","buffer","buffer",163737596
"buffer","buffer","buffer","buffer","buffer","buffer","buffer","buffer","buffer","buffer",163749589
"buffer","buffer","buffer","buffer","buffer","buffer","buffer","buffer","buffer","buffer",163761677
"buffer","buffer","buffer","buffer","buffer","buffer","buffer","buffer","buffer","buffer",163773613
"buffer","buffer","buffer","buffer","buffer","buffer","buffer","buffer","buffer","buffer",163785782
"buffer","buffer","buffer","buffer","buffer","buffer","buffer","buffer","buffer","buffer",163797810
"buffer","buffer","buffer","buffer","buffer","buffer","buffer","buffer","buffer","buffer",163809718
"buffer","buffer","buffer","buffer","buffer","buffer","buffer","buffer","buffer","buffer",163821713
"buffer","buffer","buffer","buffer","buffer","buffer","buffer","buffer","buffer","buffer",163833834
"buffer","buffer","buffer","buffer","buffer","buffer","buffer","buffer","buffer","buffer",163846029
"buffer","buffer","buffer","buffer","buffer","buffer","buffer","buffer","buffer","buffer",163857997
"buffer","buffer","buffer","buffer","buffer","buffer","buffer","buffer","buffer","buffer",163870142
"buffer","buffer","buffer","buffer","buffer","buffer","buffer","buffer","buffer","buffer",163882098
"buffer","buffer","buffer","buffer","buffer","buffer","buffer","buffer","buffer","buffer",163894185
"buffer","buffer","buffer","buffer","buffer","buffer","buffer","buffer","buffer","buffer",163906316
"buffer","buffer","buffer","buffer","buffer","buffer","buffer","buffer","buffer","buffer",163918160
"buffer","buffer","buffer","buffer","buffer","buffer","buffer","buffer","buffer","buffer",163930096
"buffer","buffer","buffer","buffer","buffer","buffer","buffer","buffer","buffer","buffer",163942436
"buffer","buffer","buffer","buffer","buffer","buffer","buffer","buffer","buffer","buffer",163954325
"buffer","buffer","buffer","buffer","buffer","buffer","buffer","buffer","buffer","buffer",163966420
"buffer","buffer","buffer","buffer","buffer","buffer","buffer","buffer","buffer","buffer",163978438
"buffer","buffer","buffer","buffer","buffer","buffer","buffer","buffer","buffer","buffer",163990290
"buffer","buffer","buffer","buffer","buffer","buffer","buffer","buffer","buffer","buffer",164002336
"buffer","buffer","buffer","buffer","buffer","buffer","buffer","buffer","buffer","buffer",164014525
"buffer","buffer","buffer","buffer","buffer","buffer","buffer","buffer","buffer","buffer",164026503
"buffer","buffer","buffer","buffer","buffer","buffer","buffer","buffer","buffer","buffer",164038629
"buffer","buffer","buffer","buffer","buffer","buffer","buffer","buffer","buffer","buffer",164050835
"buffer","buffer","buffer","buffer","buffer","buffer","buffer","buffer","buffer","buffer",164062747
"buffer","buffer","buffer","buffer","buffer","buffer","buffer","buffer","buffer","buffer",164074598
"buffer","buffer","buffer","buffer","buffer","buffer","buffer","buffer","buffer","buffer",164086848
"buffer","buffer","buffer","buffer","buffer","buffer","buffer","buffer","buffer","buffer",164098771
"buffer","buffer","buffer","buffer","buffer","buffer","buffer","buffer","buffer","buffer",164110849
"buffer","buffer","buffer","buffer","buffer","buffer","buffer","buffer","buffer","buffer",164123028
"buffer","buffer","buffer","buffer","buffer","buffer","buffer","buffer","buffer","buffer",164134911
"buffer","buffer","buffer","buffer","buffer","buffer","buffer","buffer","buffer","buffer",164146965
"buffer","buffer","buffer","buffer","buffer","buffer","buffer","buffer","buffer","buffer",164159105
"buffer","buffer","buffer","buffer","buffer","buffer","buffer","buffer","buffer","buffer",164171354
"buffer","buffer","buffer","buffer","buffer","buffer","buffer","buffer","buffer","buffer",164183228
"buffer","buffer","buffer","buffer","buffer","buffer","buffer","buffer","buffer","buffer",164195134
"buffer","buffer","buffer","buffer","buffer","buffer","buffer","buffer","buffer","buffer",164207297
"buffer","buffer","buffer","buffer","buffer","buffer","buffer","buffer","buffer","buffer",164219382
"buffer","buffer","buffer","buffer","buffer","buffer","buffer","buffer","buffer","buffer",164231450
"buffer","buffer","buffer","buffer","buffer","buffer","buffer","buffer","buffer","buffer",164243430
"buffer","buffer","buffer","buffer","buffer","buffer","buffer","buffer","buffer","buffer",164255421
"buffer","buffer","buffer","buffer","buffer","buffer","buffer","buffer","buffer","buffer",164267497
"buffer","buffer","buffer","buffer","buffer","buffer","buffer","buffer","buffer","buffer",164279700
"buffer","buffer","buffer","buffer","buffer","buffer","buffer","buffer","buffer","buffer",164291485
"buffer","buffer","buffer","buffer","buffer","buffer","buffer","buffer","buffer","buffer",164303719
"buffer","buffer","buffer","buffer","buffer","buffer","buffer","buffer","buffer","buffer",164315704
"buffer","buffer","buffer","buffer","buffer","buffer","buffer","buffer","buffer","buffer",164327607
"buffer","buffer","buffer","buffer","buffer","buffer","buffer","buffer","buffer","buffer",164339836
"buffer","buffer","buffer","buffer","buffer","buffer","buffer","buffer","buffer","buffer",164351862
"buffer","buffer","buffer","buffer","buffer","buffer","buffer","buffer","buffer","buffer",164363761
"buffer","buffer","buffer","buffer","buffer","buffer","buffer","buffer","buffer","buffer",164375870
"buffer","buffer","buffer","buffer","buffer","buffer","buffer","buffer","buffer","buffer",164388152
"buffer","buffer","buffer","buffer","buffer","buffer","buffer","buffer","buffer","buffer",164400058
"buffer","buffer","buffer","buffer","buffer","buffer","buffer","buffer","buffer","buffer",164411969
"buffer","buffer","buffer","buffer","buffer","buffer","buffer","buffer","buffer","buffer",164424215
"buffer","buffer","buffer","buffer","buffer","buffer","buffer","buffer","buffer","buffer",164435950
"buffer","buffer","buffer","buffer","buffer","buffer","buffer","buffer","buffer","buffer",164448331
"buffer","buffer","buffer","buffer","buffer","buffer","buffer","buffer","buffer","buffer",164460351
"buffer","buffer","buffer","buffer","buffer","buffer","buffer","buffer","buffer","buffer",164472188
"buffer","buffer","buffer","buffer","buffer","buffer","buffer","buffer","buffer","buffer",164484500
"buffer","buffer","buffer","buffer","buffer","buffer","buffer","buffer","buffer","buffer",164496320
"buffer","buffer","buffer","buffer","buffer","buffer","buffer","buffer","buffer","buffer",164508441
"buffer","buffer","buffer","buffer","buffer","buffer","buffer","buffer","buffer","buffer",164520533
"buffer","buffer","buffer","buffer","buffer","buffer","buffer","buffer","buffer","buffer",164532526
"buffer","buffer","buffer","buffer","buffer","buffer","buffer","buffer","buffer","buffer",164544578
"buffer","buffer","buffer","buffer","buffer","buffer","buffer","buffer","buffer","buffer",164556623
"buffer","buffer","buffer","buffer","buffer","buffer","buffer","buffer","buffer","buffer",164568688
"buffer","buffer","buffer","buffer","buffer","buffer","buffer","buffer","buffer","buffer",164580667
"buffer","buffer","buffer","buffer","buffer","buffer","buffer","buffer","buffer","buffer",164592766
"buffer","buffer","buffer","buffer","buffer","buffer","buffer","buffer","buffer","buffer",164604844
"buffer","buffer","buffer","buffer","buffer","buffer","buffer","buffer","buffer","buffer",164616684
"buffer","buffer","buffer","buffer","buffer","buffer","buffer","buffer","buffer","buffer",164629070
"buffer","buffer","buffer","buffer","buffer","buffer","buffer","buffer","buffer","buffer",164640919
"buffer","buffer","buffer","buffer","buffer","buffer","buffer","buffer","buffer","buffer",164652921
"buffer","buffer","buffer","buffer","buffer","buffer","buffer","buffer","buffer","buffer",164665147
"buffer","buffer","buffer","buffer","buffer","buffer","buffer","buffer","buffer","buffer",164676973
"buffer","buffer","buffer","buffer","buffer","buffer","buffer","buffer","buffer","buffer",164689109
"buffer","buffer","buffer","buffer","buffer","buffer","buffer","buffer","buffer","buffer",164701222
"buffer","buffer","buffer","buffer","buffer","buffer","buffer","buffer","buffer","buffer",164713193
"buffer","buffer","buffer","buffer","buffer","buffer","buffer","buffer","buffer","buffer",164725203
"buffer","buffer","buffer","buffer","buffer","buffer","buffer","buffer","buffer","buffer",164737251
"buffer","buffer","buffer","buffer","buffer","buffer","buffer","buffer","buffer","buffer",164749216
"buffer","buffer","buffer","buffer","buffer","buffer","buffer","buffer","buffer","buffer",164761365
"buffer","buffer","buffer","buffer","buffer","buffer","buffer","buffer","buffer","buffer",164773227
"buffer","buffer","buffer","buffer","buffer","buffer","buffer","buffer","buffer","buffer",164785492
"buffer","buffer","buffer","buffer","buffer","buffer","buffer","buffer","buffer","buffer",164797426
"buffer","buffer","buffer","buffer","buffer","buffer","buffer","buffer","buffer","buffer",164809558
"buffer","buffer","buffer","buffer","buffer","buffer","buffer","buffer","buffer","buffer",164821671
"buffer","buffer","buffer","buffer","buffer","buffer","buffer","buffer","buffer","buffer",164833671
"buffer","buffer","buffer","buffer","buffer","buffer","buffer","buffer","buffer","buffer",164845817
"buffer","buffer","buffer","buffer","buffer","buffer","buffer","buffer","buffer","buffer",164857751
"buffer","buffer","buffer","buffer","buffer","buffer","buffer","buffer","buffer","buffer",164869728
"buffer","buffer","buffer","buffer","buffer","buffer","buffer","buffer","buffer","buffer",164881868
"buffer","buffer","buffer","buffer","buffer","buffer","buffer","buffer","buffer","buffer",164893992
"buffer","buffer","buffer","buffer","buffer","buffer","buffer","buffer","buffer","buffer",164905826
"buffer","buffer","buffer","buffer","buffer","buffer","buffer","buffer","buffer","buffer",164917995
"buffer","buffer","buffer","buffer","buffer","buffer","buffer","buffer","buffer","buffer",164930244
"buffer","buffer","buffer","buffer","buffer","buffer","buffer","buffer","buffer","buffer",164942115
"buffer","buffer","buffer","buffer","buffer","buffer","buffer","buffer","buffer","buffer",164953993
"buffer","buffer","buffer","buffer","buffer","buffer","buffer","buffer","buffer","buffer",164966294
"buffer","buffer","buffer","buffer","buffer","buffer","buffer","buffer","buffer","buffer",164978089
"buffer","buffer","buffer","buffer","buffer","buffer","buffer","buffer","buffer","buffer",164990159
"buffer","buffer","buffer","buffer","buffer","buffer","buffer","buffer","buffer","buffer",165002353
"buffer","buffer","buffer","buffer","buffer","buffer","buffer","buffer","buffer","buffer",165014190
"buffer","buffer","buffer","buffer","buffer","buffer","buffer","buffer","buffer","buffer",165026496
"buffer","buffer","buffer","buffer","buffer","buffer","buffer","buffer","buffer","buffer",165038514
"buffer","buffer","buffer","buffer","buffer","buffer","buffer","buffer","buffer","buffer",165050411
"buffer","buffer","buffer","buffer","buffer","buffer","buffer","buffer","buffer","buffer",165062514
"buffer","buffer","buffer","buffer","buffer","buffer","buffer","buffer","buffer","buffer",165074621
"buffer","buffer","buffer","buffer","buffer","buffer","buffer","buffer","buffer","buffer",165086552
"buffer","buffer","buffer","buffer","buffer","buffer","buffer","buffer","buffer","buffer",165098748
"buffer","buffer","buffer","buffer","buffer","buffer","buffer","buffer","buffer","buffer",165110606
"buffer","buffer","buffer","buffer","buffer","buffer","buffer","buffer","buffer","buffer",165122784
"buffer","buffer","buffer","buffer","buffer","buffer","buffer","buffer","buffer","buffer",165134757
"buffer","buffer","buffer","buffer","buffer","buffer","buffer","buffer","buffer","buffer",165146643
"buffer","buffer","buffer","buffer","buffer","buffer","buffer","buffer","buffer","buffer",165158951
"buffer","buffer","buffer","buffer","buffer","buffer","buffer","buffer","buffer","buffer",165170971
"buffer","buffer","buffer","buffer","buffer","buffer","buffer","buffer","buffer","buffer",165183131
"buffer","buffer","buffer","buffer","buffer","buffer","buffer","buffer","buffer","buffer",165195146
"buffer","buffer","buffer","buffer","buffer","buffer","buffer","buffer","buffer","buffer",165207116
"buffer","buffer","buffer","buffer","buffer","buffer","buffer","buffer","buffer","buffer",165219089
"buffer","buffer","buffer","buffer","buffer","buffer","buffer","buffer","buffer","buffer",165231168
"buffer","buffer","buffer","buffer","buffer","buffer","buffer","buffer","buffer","buffer",165243272
"buffer","buffer","buffer","buffer","buffer","buffer","buffer","buffer","buffer","buffer",165255316
"buffer","buffer","buffer","buffer","buffer","buffer","buffer","buffer","buffer","buffer",165267416
"buffer","buffer","buffer","buffer","buffer","buffer","buffer","buffer","buffer","buffer",165279388
"buffer","buffer","buffer","buffer","buffer","buffer","buffer","buffer","buffer","buffer",165291338
"buffer","buffer","buffer","buffer","buffer","buffer","buffer","buffer","buffer","buffer",165303570
"buffer","buffer","buffer","buffer","buffer","buffer","buffer","buffer","buffer","buffer",165315364
"buffer","buffer","buffer","buffer","buffer","buffer","buffer","buffer","buffer","buffer",165327593
"buffer","buffer","buffer","buffer","buffer","buffer","buffer","buffer","buffer","buffer",165339591
"buffer","buffer","buffer","buffer","buffer","buffer","buffer","buffer","buffer","buffer",165351740
"buffer","buffer","buffer","buffer","buffer","buffer","buffer","buffer","buffer","buffer",165363690
"buffer","buffer","buffer","buffer","buffer","buffer","buffer","buffer","buffer","buffer",165375856
"buffer","buffer","buffer","buffer","buffer","buffer","buffer","buffer","buffer","buffer",165387753
"buffer","buffer","buffer","buffer","buffer","buffer","buffer","buffer","buffer","buffer",165399800
"buffer","buffer","buffer","buffer","buffer","buffer","buffer","buffer","buffer","buffer",165411856
"buffer","buffer","buffer","buffer","buffer","buffer","buffer","buffer","buffer","buffer",165423880
"buffer","buffer","buffer","buffer","buffer","buffer","buffer","buffer","buffer","buffer",165435877
"buffer","buffer","buffer","buffer","buffer","buffer","buffer","buffer","buffer","buffer",165447930
"buffer","buffer","buffer","buffer","buffer","buffer","buffer","buffer","buffer","buffer",165460240
"buffer","buffer","buffer","buffer","buffer","buffer","buffer","buffer","buffer","buffer",165472129
"buffer","buffer","buffer","buffer","buffer","buffer","buffer","buffer","buffer","buffer",165484103
"buffer","buffer","buffer","buffer","buffer","buffer","buffer","buffer","buffer","buffer",165496127
"buffer","buffer","buffer","buffer","buffer","buffer","buffer","buffer","buffer","buffer",165508167
"buffer","buffer","buffer","buffer","buffer","buffer","buffer","buffer","buffer","buffer",165520245
"buffer","buffer","buffer","buffer","buffer","buffer","buffer","buffer","buffer","buffer",165532461
"buffer","buffer","buffer","buffer","buffer","buffer","buffer","buffer","buffer","buffer",165544411
"buffer","buffer","buffer","buffer","buffer","buffer","buffer","buffer","buffer","buffer",165556464
"buffer","buffer","buffer","buffer","buffer","buffer","buffer","buffer","buffer","buffer",165568471
"buffer","buffer","buffer","buffer","buffer","buffer","buffer","buffer","buffer","buffer",165580542
"buffer","buffer","buffer","buffer","buffer","buffer","buffer","buffer","buffer","buffer",165592402
"buffer","buffer","buffer","buffer","buffer","buffer","buffer","buffer","buffer","buffer",165604609
"buffer","buffer","buffer","buffer","buffer","buffer","buffer","buffer","buffer","buffer",165616569
"buffer","buffer","buffer","buffer","buffer","buffer","buffer","buffer","buffer","buffer",165628706
"buffer","buffer","buffer","buffer","buffer","buffer","buffer","buffer","buffer","buffer",165640817
"buffer","buffer","buffer","buffer","buffer","buffer","buffer","buffer","buffer","buffer",165652899
"buffer","buffer","buffer","buffer","buffer","buffer","buffer","buffer","buffer","buffer",165664707
"buffer","buffer","buffer","buffer","buffer","buffer","buffer","buffer","buffer","buffer",165676876
"buffer","buffer","buffer","buffer","buffer","buffer","buffer","buffer","buffer","buffer",165688858
"buffer","buffer","buffer","buffer","buffer","buffer","buffer","buffer","buffer","buffer",165700890
"buffer","buffer","buffer","buffer","buffer","buffer","buffer","buffer","buffer","buffer",165713041
"buffer","buffer","buffer","buffer","buffer","buffer","buffer","buffer","buffer","buffer",165725026
"buffer","buffer","buffer","buffer","buffer","buffer","buffer","buffer","buffer","buffer",165737055
"buffer","buffer","buffer","buffer","buffer","buffer","buffer","buffer","buffer","buffer",165748957
"buffer","buffer","buffer","buffer","buffer","buffer","buffer","buffer","buffer","buffer",165761237
"buffer","buffer","buffer","buffer","buffer","buffer","buffer","buffer","buffer","buffer",165773360
"buffer","buffer","buffer","buffer","buffer","buffer","buffer","buffer","buffer","buffer",165785319
"buffer","buffer","buffer","buffer","buffer","buffer","buffer","buffer","buffer","buffer",165797439
"buffer","buffer","buffer","buffer","buffer","buffer","buffer","buffer","buffer","buffer",165809369
"buffer","buffer","buffer","buffer","buffer","buffer","buffer","buffer","buffer","buffer",165821416
"buffer","buffer","buffer","buffer","buffer","buffer","buffer","buffer","buffer","buffer",165833529
"buffer","buffer","buffer","buffer","buffer","buffer","buffer","buffer","buffer","buffer",165845314
"buffer","buffer","buffer","buffer","buffer","buffer","buffer","buffer","buffer","buffer",165857485
"buffer","buffer","buffer","buffer","buffer","buffer","buffer","buffer","buffer","buffer",165869615
"buffer","buffer","buffer","buffer","buffer","buffer","buffer","buffer","buffer","buffer",165881665
"buffer","buffer","buffer","buffer","buffer","buffer","buffer","buffer","buffer","buffer",165893796
"buffer","buffer","buffer","buffer","buffer","buffer","buffer","buffer","buffer","buffer",165905829
"buffer","buffer","buffer","buffer","buffer","buffer","buffer","buffer","buffer","buffer",165917786
"buffer","buffer","buffer","buffer","buffer","buffer","buffer","buffer","buffer","buffer",165929754
"buffer","buffer","buffer","buffer","buffer","buffer","buffer","buffer","buffer","buffer",165941773
"buffer","buffer","buffer","buffer","buffer","buffer","buffer","buffer","buffer","buffer",165953941
"buffer","buffer","buffer","buffer","buffer","buffer","buffer","buffer","buffer","buffer",165966065
"buffer","buffer","buffer","buffer","buffer","buffer","buffer","buffer","buffer","buffer",165978012
"buffer","buffer","buffer","buffer","buffer","buffer","buffer","buffer","buffer","buffer",165989952
"buffer","buffer","buffer","buffer","buffer","buffer","buffer","buffer","buffer","buffer",166002062
"buffer","buffer","buffer","buffer","buffer","buffer","buffer","buffer","buffer","buffer",166014258
"buffer","buffer","buffer","buffer","buffer","buffer","buffer","buffer","buffer","buffer",166026266
"buffer","buffer","buffer","buffer","buffer","buffer","buffer","buffer","buffer","buffer",166038324
"buffer","buffer","buffer","buffer","buffer","buffer","buffer","buffer","buffer","buffer",166050216
"buffer","buffer","buffer","buffer","buffer","buffer","buffer","buffer","buffer","buffer",166062370
"buffer","buffer","buffer","buffer","buffer","buffer","buffer","buffer","buffer","buffer",166074445
"buffer","buffer","buffer","buffer","buffer","buffer","buffer","buffer","buffer","buffer",166086252
"buffer","buffer","buffer","buffer","buffer","buffer","buffer","buffer","buffer","buffer",166098445
"buffer","buffer","buffer","buffer","buffer","buffer","buffer","buffer","buffer","buffer",166110432
"buffer","buffer","buffer","buffer","buffer","buffer","buffer","buffer","buffer","buffer",166122501
"buffer","buffer","buffer","buffer","buffer","buffer","buffer","buffer","buffer","buffer",166134784
"buffer","buffer","buffer","buffer","buffer","buffer","buffer","buffer","buffer","buffer",166146684
"buffer","buffer","buffer","buffer","buffer","buffer","buffer","buffer","buffer","buffer",166158601
"buffer","buffer","buffer","buffer","buffer","buffer","buffer","buffer","buffer","buffer",166170809
"buffer","buffer","buffer","buffer","buffer","buffer","buffer","buffer","buffer","buffer",166182695
"buffer","buffer","buffer","buffer","buffer","buffer","buffer","buffer","buffer","buffer",166194885
"buffer","buffer","buffer","buffer","buffer","buffer","buffer","buffer","buffer","buffer",166206846
"buffer","buffer","buffer","buffer","buffer","buffer","buffer","buffer","buffer","buffer",166218912
"buffer","buffer","buffer","buffer","buffer","buffer","buffer","buffer","buffer","buffer",166230962
"buffer","buffer","buffer","buffer","buffer","buffer","buffer","buffer","buffer","buffer",166242830
"buffer","buffer","buffer","buffer","buffer","buffer","buffer","buffer","buffer","buffer",166255221
"buffer","buffer","buffer","buffer","buffer","buffer","buffer","buffer","buffer","buffer",166267139
"buffer","buffer","buffer","buffer","buffer","buffer","buffer","buffer","buffer","buffer",166279015
"buffer","buffer","buffer","buffer","buffer","buffer","buffer","buffer","buffer","buffer",166291056
"buffer","buffer","buffer","buffer","buffer","buffer","buffer","buffer","buffer","buffer",166303171
"buffer","buffer","buffer","buffer","buffer","buffer","buffer","buffer","buffer","buffer",166315249
"buffer","buffer","buffer","buffer","buffer","buffer","buffer","buffer","buffer","buffer",166327276
"buffer","buffer","buffer","buffer","buffer","buffer","buffer","buffer","buffer","buffer",166339461
"buffer","buffer","buffer","buffer","buffer","buffer","buffer","buffer","buffer","buffer",166351415
"buffer","buffer","buffer","buffer","buffer","buffer","buffer","buffer","buffer","buffer",166363480
"buffer","buffer","buffer","buffer","buffer","buffer","buffer","buffer","buffer","buffer",166375519
"buffer","buffer","buffer","buffer","buffer","buffer","buffer","buffer","buffer","buffer",166387487
"buffer","buffer","buffer","buffer","buffer","buffer","buffer","buffer","buffer","buffer",166399691
"buffer","buffer","buffer","buffer","buffer","buffer","buffer","buffer","buffer","buffer",166411557
"buffer","buffer","buffer","buffer","buffer","buffer","buffer","buffer","buffer","buffer",166423740
"buffer","buffer","buffer","buffer","buffer","buffer","buffer","buffer","buffer","buffer",166435653
"buffer","buffer","buffer","buffer","buffer","buffer","buffer","buffer","buffer","buffer",166447818
"buffer","buffer","buffer","buffer","buffer","buffer","buffer","buffer","buffer","buffer",166459890
"buffer","buffer","buffer","buffer","buffer","buffer","buffer","buffer","buffer","buffer",166471969
"buffer","buffer","buffer","buffer","buffer","buffer","buffer","buffer","buffer","buffer",166483834
"buffer","buffer","buffer","buffer","buffer","buffer","buffer","buffer","buffer","buffer",166495820
"buffer","buffer","buffer","buffer","buffer","buffer","buffer","buffer","buffer","buffer",166507968
"buffer","buffer","buffer","buffer","buffer","buffer","buffer","buffer","buffer","buffer",166519959
"buffer","buffer","buffer","buffer","buffer","buffer","buffer","buffer","buffer","buffer",166532048
"buffer","buffer","buffer","buffer","buffer","buffer","buffer","buffer","buffer","buffer",166544369
"buffer","buffer","buffer","buffer","buffer","buffer","buffer","buffer","buffer","buffer",166556166
"buffer","buffer","buffer","buffer","buffer","buffer","buffer","buffer","buffer","buffer",166568184
"buffer","buffer","buffer","buffer","buffer","buffer","buffer","buffer","buffer","buffer",166580273
"buffer","buffer","buffer","buffer","buffer","buffer","buffer","buffer","buffer","buffer",166592450
"buffer","buffer","buffer","buffer","buffer","buffer","buffer","buffer","buffer","buffer",166604411
"buffer","buffer","buffer","buffer","buffer","buffer","buffer","buffer","buffer","buffer",166616270
"buffer","buffer","buffer","buffer","buffer","buffer","buffer","buffer","buffer","buffer",166628701
"buffer","buffer","buffer","buffer","buffer","buffer","buffer","buffer","buffer","buffer",166640562
"buffer","buffer","buffer","buffer","buffer","buffer","buffer","buffer","buffer","buffer",166652807
"buffer","buffer","buffer","buffer","buffer","buffer","buffer","buffer","buffer","buffer",166664585
"buffer","buffer","buffer","buffer","buffer","buffer","buffer","buffer","buffer","buffer",166676912
"buffer","buffer","buffer","buffer","buffer","buffer","buffer","buffer","buffer","buffer",166688523
"buffer","buffer","buffer","buffer","buffer","buffer","buffer","buffer","buffer","buffer",166700866
"buffer","buffer","buffer","buffer","buffer","buffer","buffer","buffer","buffer","buffer",166712957
"buffer","buffer","buffer","buffer","buffer","buffer","buffer","buffer","buffer","buffer",166724723
"buffer","buffer","buffer","buffer","buffer","buffer","buffer","buffer","buffer","buffer",166737009
"buffer","buffer","buffer","buffer","buffer","buffer","buffer","buffer","buffer","buffer",166748943
"buffer","buffer","buffer","buffer","buffer","buffer","buffer","buffer","buffer","buffer",166760891
"buffer","buffer","buffer","buffer","buffer","buffer","buffer","buffer","buffer","buffer",166772993
"buffer","buffer","buffer","buffer","buffer","buffer","buffer","buffer","buffer","buffer",166785048
"buffer","buffer","buffer","buffer","buffer","buffer","buffer","buffer","buffer","buffer",166797038
"buffer","buffer","buffer","buffer","buffer","buffer","buffer","buffer","buffer","buffer",166809228
"buffer","buffer","buffer","buffer","buffer","buffer","buffer","buffer","buffer","buffer",166821385
"buffer","buffer","buffer","buffer","buffer","buffer","buffer","buffer","buffer","buffer",166833284
"buffer","buffer","buffer","buffer","buffer","buffer","buffer","buffer","buffer","buffer",166845529
"buffer","buffer","buffer","buffer","buffer","buffer","buffer","buffer","buffer","buffer",166857627
"buffer","buffer","buffer","buffer","buffer","buffer","buffer","buffer","buffer","buffer",166869344
"buffer","buffer","buffer","buffer","buffer","buffer","buffer","buffer","buffer","buffer",166881385
"buffer","buffer","buffer","buffer","buffer","buffer","buffer","buffer","buffer","buffer",166893403
"buffer","buffer","buffer","buffer","buffer","buffer","buffer","buffer","buffer","buffer",166905683
"buffer","buffer","buffer","buffer","buffer","buffer","buffer","buffer","buffer","buffer",166917670
"buffer","buffer","buffer","buffer","buffer","buffer","buffer","buffer","buffer","buffer",166929485
"buffer","buffer","buffer","buffer","buffer","buffer","buffer","buffer","buffer","buffer",166941723
"buffer","buffer","buffer","buffer","buffer","buffer","buffer","buffer","buffer","buffer",166953811
"buffer","buffer","buffer","buffer","buffer","buffer","buffer","buffer","buffer","buffer",166965758
"buffer","buffer","buffer","buffer","buffer","buffer","buffer","buffer","buffer","buffer",166977838
"buffer","buffer","buffer","buffer","buffer","buffer","buffer","buffer","buffer","buffer",166989809
"buffer","buffer","buffer","buffer","buffer","buffer","buffer","buffer","buffer","buffer",167001986
"buffer","buffer","buffer","buffer","buffer","buffer","buffer","buffer","buffer","buffer",167014031
"buffer","buffer","buffer","buffer","buffer","buffer","buffer","buffer","buffer","buffer",167025914
"buffer","buffer","buffer","buffer","buffer","buffer","buffer","buffer","buffer","buffer",167038138
"buffer","buffer","buffer","buffer","buffer","buffer","buffer","buffer","buffer","buffer",167050076
"buffer","buffer","buffer","buffer","buffer","buffer","buffer","buffer","buffer","buffer",167062021
"buffer","buffer","buffer","buffer","buffer","buffer","buffer","buffer","buffer","buffer",167074371
"buffer","buffer","buffer","buffer","buffer","buffer","buffer","buffer","buffer","buffer",167086263
"buffer","buffer","buffer","buffer","buffer","buffer","buffer","buffer","buffer","buffer",167098437
"buffer","buffer","buffer","buffer","buffer","buffer","buffer","buffer","buffer","buffer",167110178
"buffer","buffer","buffer","buffer","buffer","buffer","buffer","buffer","buffer","buffer",167122446
"buffer","buffer","buffer","buffer","buffer","buffer","buffer","buffer","buffer","buffer",167134499
"buffer","buffer","buffer","buffer","buffer","buffer","buffer","buffer","buffer","buffer",167146315
"buffer","buffer","buffer","buffer","buffer","buffer","buffer","buffer","buffer","buffer",167158549
"buffer","buffer","buffer","buffer","buffer","buffer","buffer","buffer","buffer","buffer",167170606
"buffer","buffer","buffer","buffer","buffer","buffer","buffer","buffer","buffer","buffer",167182704
"buffer","buffer","buffer","buffer","buffer","buffer","buffer","buffer","buffer","buffer",167194555
"buffer","buffer","buffer","buffer","buffer","buffer","buffer","buffer","buffer","buffer",167206665
"buffer","buffer","buffer","buffer","buffer","buffer","buffer","buffer","buffer","buffer",167218664
"buffer","buffer","buffer","buffer","buffer","buffer","buffer","buffer","buffer","buffer",167230594
"buffer","buffer","buffer","buffer","buffer","buffer","buffer","buffer","buffer","buffer",167242773
"buffer","buffer","buffer","buffer","buffer","buffer","buffer","buffer","buffer","buffer",167254804
"buffer","buffer","buffer","buffer","buffer","buffer","buffer","buffer","buffer","buffer",167267026
"buffer","buffer","buffer","buffer","buffer","buffer","buffer","buffer","buffer","buffer",167278825
"buffer","buffer","buffer","buffer","buffer","buffer","buffer","buffer","buffer","buffer",167290956
"buffer","buffer","buffer","buffer","buffer","buffer","buffer","buffer","buffer","buffer",167303099
"buffer","buffer","buffer","buffer","buffer","buffer","buffer","buffer","buffer","buffer",167315160
"buffer","buffer","buffer","buffer","buffer","buffer","buffer","buffer","buffer","buffer",167327109
"buffer","buffer","buffer","buffer","buffer","buffer","buffer","buffer","buffer","buffer",167339148
"buffer","buffer","buffer","buffer","buffer","buffer","buffer","buffer","buffer","buffer",167351373
"buffer","buffer","buffer","buffer","buffer","buffer","buffer","buffer","buffer","buffer",167363263
"buffer","buffer","buffer","buffer","buffer","buffer","buffer","buffer","buffer","buffer",167375346
"buffer","buffer","buffer","buffer","buffer","buffer","buffer","buffer","buffer","buffer",167387491
"buffer","buffer","buffer","buffer","buffer","buffer","buffer","buffer","buffer","buffer",167399410
"buffer","buffer","buffer","buffer","buffer","buffer","buffer","buffer","buffer","buffer",167411483
"buffer","buffer","buffer","buffer","buffer","buffer","buffer","buffer","buffer","buffer",167423556
"buffer","buffer","buffer","buffer","buffer","buffer","buffer","buffer","buffer","buffer",167435518
"buffer","buffer","buffer","buffer","buffer","buffer","buffer","buffer","buffer","buffer",167447354
"buffer","buffer","buffer","buffer","buffer","buffer","buffer","buffer","buffer","buffer",167459717
"buffer","buffer","buffer","buffer","buffer","buffer","buffer","buffer","buffer","buffer",167471691
"buffer","buffer","buffer","buffer","buffer","buffer","buffer","buffer","buffer","buffer",167483707
"buffer","buffer","buffer","buffer","buffer","buffer","buffer","buffer","buffer","buffer",167495797
"buffer","buffer","buffer","buffer","buffer","buffer","buffer","buffer","buffer","buffer",167507784
"buffer","buffer","buffer","buffer","buffer","buffer","buffer","buffer","buffer","buffer",167519863
"buffer","buffer","buffer","buffer","buffer","buffer","buffer","buffer","buffer","buffer",167531794
"buffer","buffer","buffer","buffer","buffer","buffer","buffer","buffer","buffer","buffer",167543941
"buffer","buffer","buffer","buffer","buffer","buffer","buffer","buffer","buffer","buffer",167556058
"buffer","buffer","buffer","buffer","buffer","buffer","buffer","buffer","buffer","buffer",167568104
"buffer","buffer","buffer","buffer","buffer","buffer","buffer","buffer","buffer","buffer",167580116
"buffer","buffer","buffer","buffer","buffer","buffer","buffer","buffer","buffer","buffer",167592225
"buffer","buffer","buffer","buffer","buffer","buffer","buffer","buffer","buffer","buffer",167604064
"buffer","buffer","buffer","buffer","buffer","buffer","buffer","buffer","buffer","buffer",167616362
"buffer","buffer","buffer","buffer","buffer","buffer","buffer","buffer","buffer","buffer",167628391
"buffer","buffer","buffer","buffer","buffer","buffer","buffer","buffer","buffer","buffer",167640270
"buffer","buffer","buffer","buffer","buffer","buffer","buffer","buffer","buffer","buffer",167652429
"buffer","buffer","buffer","buffer","buffer","buffer","buffer","buffer","buffer","buffer",167664609
"buffer","buffer","buffer","buffer","buffer","buffer","buffer","buffer","buffer","buffer",167676519
"buffer","buffer","buffer","buffer","buffer","buffer","buffer","buffer","buffer","buffer",167688425
"buffer","buffer","buffer","buffer","buffer","buffer","buffer","buffer","buffer","buffer",167700470
"buffer","buffer","buffer","buffer","buffer","buffer","buffer","buffer","buffer","buffer",167712544
"buffer","buffer","buffer","buffer","buffer","buffer","buffer","buffer","buffer","buffer",167724552
"buffer","buffer","buffer","buffer","buffer","buffer","buffer","buffer","buffer","buffer",167736615
"buffer","buffer","buffer","buffer","buffer","buffer","buffer","buffer","buffer","buffer",167748918
"buffer","buffer","buffer","buffer","buffer","buffer","buffer","buffer","buffer","buffer",167760770
"buffer","buffer","buffer","buffer","buffer","buffer","buffer","buffer","buffer","buffer",167772814
"buffer","buffer","buffer","buffer","buffer","buffer","buffer","buffer","buffer","buffer",167784787
"buffer","buffer","buffer","buffer","buffer","buffer","buffer","buffer","buffer","buffer",167796988
"buffer","buffer","buffer","buffer","buffer","buffer","buffer","buffer","buffer","buffer",167808551
"buffer","buffer","buffer","buffer","buffer","buffer","buffer","buffer","buffer","buffer",167820862
"buffer","buffer","buffer","buffer","buffer","buffer","buffer","buffer","buffer","buffer",167833192
"buffer","buffer","buffer","buffer","buffer","buffer","buffer","buffer","buffer","buffer",167845089
"buffer","buffer","buffer","buffer","buffer","buffer","buffer","buffer","buffer","buffer",167857138
"buffer","buffer","buffer","buffer","buffer","buffer","buffer","buffer","buffer","buffer",167869481
"buffer","buffer","buffer","buffer","buffer","buffer","buffer","buffer","buffer","buffer",167881376
"buffer","buffer","buffer","buffer","buffer","buffer","buffer","buffer","buffer","buffer",167893426
"buffer","buffer","buffer","buffer","buffer","buffer","buffer","buffer","buffer","buffer",167905427
"buffer","buffer","buffer","buffer","buffer","buffer","buffer","buffer","buffer","buffer",167917485
"buffer","buffer","buffer","buffer","buffer","buffer","buffer","buffer","buffer","buffer",167929330
"buffer","buffer","buffer","buffer","buffer","buffer","buffer","buffer","buffer","buffer",167941526
"buffer","buffer","buffer","buffer","buffer","buffer","buffer","buffer","buffer","buffer",167953502
"buffer","buffer","buffer","buffer","buffer","buffer","buffer","buffer","buffer","buffer",167965507
"buffer","buffer","buffer","buffer","buffer","buffer","buffer","buffer","buffer","buffer",167977617
"buffer","buffer","buffer","buffer","buffer","buffer","buffer","buffer","buffer","buffer",167989660
"buffer","buffer","buffer","buffer","buffer","buffer","buffer","buffer","buffer","buffer",168001612
"buffer","buffer","buffer","buffer","buffer","buffer","buffer","buffer","buffer","buffer",168013753
"buffer","buffer","buffer","buffer","buffer","buffer","buffer","buffer","buffer","buffer",168025746
"buffer","buffer","buffer","buffer","buffer","buffer","buffer","buffer","buffer","buffer",168037838
"buffer","buffer","buffer","buffer","buffer","buffer","buffer","buffer","buffer","buffer",168049800
"buffer","buffer","buffer","buffer","buffer","buffer","buffer","buffer","buffer","buffer",168061935
"buffer","buffer","buffer","buffer","buffer","buffer","buffer","buffer","buffer","buffer",168074061
"buffer","buffer","buffer","buffer","buffer","buffer","buffer","buffer","buffer","buffer",168085943
"buffer","buffer","buffer","buffer","buffer","buffer","buffer","buffer","buffer","buffer",168098132
"buffer","buffer","buffer","buffer","buffer","buffer","buffer","buffer","buffer","buffer",168109957
"buffer","buffer","buffer","buffer","buffer","buffer","buffer","buffer","buffer","buffer",168122109
"buffer","buffer","buffer","buffer","buffer","buffer","buffer","buffer","buffer","buffer",168134238
"buffer","buffer","buffer","buffer","buffer","buffer","buffer","buffer","buffer","buffer",168146322
"buffer","buffer","buffer","buffer","buffer","buffer","buffer","buffer","buffer","buffer",168158214
"buffer","buffer","buffer","buffer","buffer","buffer","buffer","buffer","buffer","buffer",168170405
"buffer","buffer","buffer","buffer","buffer","buffer","buffer","buffer","buffer","buffer",168182382
"buffer","buffer","buffer","buffer","buffer","buffer","buffer","buffer","buffer","buffer",168194264
"buffer","buffer","buffer","buffer","buffer","buffer","buffer","buffer","buffer","buffer",168206434
"buffer","buffer","buffer","buffer","buffer","buffer","buffer","buffer","buffer","buffer",168218587
"buffer","buffer","buffer","buffer","buffer","buffer","buffer","buffer","buffer","buffer",168230682
"buffer","buffer","buffer","buffer","buffer","buffer","buffer","buffer","buffer","buffer",168242669
"buffer","buffer","buffer","buffer","buffer","buffer","buffer","buffer","buffer","buffer",168254715
"buffer","buffer","buffer","buffer","buffer","buffer","buffer","buffer","buffer","buffer",168266793
"buffer","buffer","buffer","buffer","buffer","buffer","buffer","buffer","buffer","buffer",168278899
"buffer","buffer","buffer","buffer","buffer","buffer","buffer","buffer","buffer","buffer",168290783
"buffer","buffer","buffer","buffer","buffer","buffer","buffer","buffer","buffer","buffer",168303068
"buffer","buffer","buffer","buffer","buffer","buffer","buffer","buffer","buffer","buffer",168314854
"buffer","buffer","buffer","buffer","buffer","buffer","buffer","buffer","buffer","buffer",168327057
"buffer","buffer","buffer","buffer","buffer","buffer","buffer","buffer","buffer","buffer",168338986
"buffer","buffer","buffer","buffer","buffer","buffer","buffer","buffer","buffer","buffer",168351175
"buffer","buffer","buffer","buffer","buffer","buffer","buffer","buffer","buffer","buffer",168363059
"buffer","buffer","buffer","buffer","buffer","buffer","buffer","buffer","buffer","buffer",168375090
"buffer","buffer","buffer","buffer","buffer","buffer","buffer","buffer","buffer","buffer",168387000
"buffer","buffer","buffer","buffer","buffer","buffer","buffer","buffer","buffer","buffer",168399260
"buffer","buffer","buffer","buffer","buffer","buffer","buffer","buffer","buffer","buffer",168411069
"buffer","buffer","buffer","buffer","buffer","buffer","buffer","buffer","buffer","buffer",168423475
"buffer","buffer","buffer","buffer","buffer","buffer","buffer","buffer","buffer","buffer",168435255
"buffer","buffer","buffer","buffer","buffer","buffer","buffer","buffer","buffer","buffer",168447401
"buffer","buffer","buffer","buffer","buffer","buffer","buffer","buffer","buffer","buffer",168459335
"buffer","buffer","buffer","buffer","buffer","buffer","buffer","buffer","buffer","buffer",168471624
"buffer","buffer","buffer","buffer","buffer","buffer","buffer","buffer","buffer","buffer",168483558
"buffer","buffer","buffer","buffer","buffer","buffer","buffer","buffer","buffer","buffer",168495670
"buffer","buffer","buffer","buffer","buffer","buffer","buffer","buffer","buffer","buffer",168507567
"buffer","buffer","buffer","buffer","buffer","buffer","buffer","buffer","buffer","buffer",168519637
"buffer","buffer","buffer","buffer","buffer","buffer","buffer","buffer","buffer","buffer",168531776
"buffer","buffer","buffer","buffer","buffer","buffer","buffer","buffer","buffer","buffer",168543764
"buffer","buffer","buffer","buffer","buffer","buffer","buffer","buffer","buffer","buffer",168555624
"buffer","buffer","buffer","buffer","buffer","buffer","buffer","buffer","buffer","buffer",168567750
"buffer","buffer","buffer","buffer","buffer","buffer","buffer","buffer","buffer","buffer",168579888
"buffer","buffer","buffer","buffer","buffer","buffer","buffer","buffer","buffer","buffer",168592160
"buffer","buffer","buffer","buffer","buffer","buffer","buffer","buffer","buffer","buffer",168604079
"buffer","buffer","buffer","buffer","buffer","buffer","buffer","buffer","buffer","buffer",168615985
"buffer","buffer","buffer","buffer","buffer","buffer","buffer","buffer","buffer","buffer",168628004
"buffer","buffer","buffer","buffer","buffer","buffer","buffer","buffer","buffer","buffer",168640098
"buffer","buffer","buffer","buffer","buffer","buffer","buffer","buffer","buffer","buffer",168652412
"buffer","buffer","buffer","buffer","buffer","buffer","buffer","buffer","buffer","buffer",168664081
"buffer","buffer","buffer","buffer","buffer","buffer","buffer","buffer","buffer","buffer",168676313
"buffer","buffer","buffer","buffer","buffer","buffer","buffer","buffer","buffer","buffer",168688462
"buffer","buffer","buffer","buffer","buffer","buffer","buffer","buffer","buffer","buffer",168700378
"buffer","buffer","buffer","buffer","buffer","buffer","buffer","buffer","buffer","buffer",168712391
"buffer","buffer","buffer","buffer","buffer","buffer","buffer","buffer","buffer","buffer",168724522
"buffer","buffer","buffer","buffer","buffer","buffer","buffer","buffer","buffer","buffer",168736610
"buffer","buffer","buffer","buffer","buffer","buffer","buffer","buffer","buffer","buffer",168748518
"buffer","buffer","buffer","buffer","buffer","buffer","buffer","buffer","buffer","buffer",168760429
"buffer","buffer","buffer","buffer","buffer","buffer","buffer","buffer","buffer","buffer",168772728
"buffer","buffer","buffer","buffer","buffer","buffer","buffer","buffer","buffer","buffer",168784444
"buffer","buffer","buffer","buffer","buffer","buffer","buffer","buffer","buffer","buffer",168796814
"buffer","buffer","buffer","buffer","buffer","buffer","buffer","buffer","buffer","buffer",168808627
"buffer","buffer","buffer","buffer","buffer","buffer","buffer","buffer","buffer","buffer",168820754
"buffer","buffer","buffer","buffer","buffer","buffer","buffer","buffer","buffer","buffer",168832730
"buffer","buffer","buffer","buffer","buffer","buffer","buffer","buffer","buffer","buffer",168844999
"buffer","buffer","buffer","buffer","buffer","buffer","buffer","buffer","buffer","buffer",168857075
"buffer","buffer","buffer","buffer","buffer","buffer","buffer","buffer","buffer","buffer",168868921
"buffer","buffer","buffer","buffer","buffer","buffer","buffer","buffer","buffer","buffer",168881202
"buffer","buffer","buffer","buffer","buffer","buffer","buffer","buffer","buffer","buffer",168893171
"buffer","buffer","buffer","buffer","buffer","buffer","buffer","buffer","buffer","buffer",168904971
"buffer","buffer","buffer","buffer","buffer","buffer","buffer","buffer","buffer","buffer",168917079
"buffer","buffer","buffer","buffer","buffer","buffer","buffer","buffer","buffer","buffer",168929254
"buffer","buffer","buffer","buffer","buffer","buffer","buffer","buffer","buffer","buffer",168941187
"buffer","buffer","buffer","buffer","buffer","buffer","buffer","buffer","buffer","buffer",168953234
"buffer","buffer","buffer","buffer","buffer","buffer","buffer","buffer","buffer","buffer",168965442
"buffer","buffer","buffer","buffer","buffer","buffer","buffer","buffer","buffer","buffer",168977579
"buffer","buffer","buffer","buffer","buffer","buffer","buffer","buffer","buffer","buffer",168989349
"buffer","buffer","buffer","buffer","buffer","buffer","buffer","buffer","buffer","buffer",169001707
"buffer","buffer","buffer","buffer","buffer","buffer","buffer","buffer","buffer","buffer",169013382
"buffer","buffer","buffer","buffer","buffer","buffer","buffer","buffer","buffer","buffer",169025429
"buffer","buffer","buffer","buffer","buffer","buffer","buffer","buffer","buffer","buffer",169037622
"buffer","buffer","buffer","buffer","buffer","buffer","buffer","buffer","buffer","buffer",169049729
"buffer","buffer","buffer","buffer","buffer","buffer","buffer","buffer","buffer","buffer",169061759
"buffer","buffer","buffer","buffer","buffer","buffer","buffer","buffer","buffer","buffer",169073687
"buffer","buffer","buffer","buffer","buffer","buffer","buffer","buffer","buffer","buffer",169085813
"buffer","buffer","buffer","buffer","buffer","buffer","buffer","buffer","buffer","buffer",169097770
"buffer","buffer","buffer","buffer","buffer","buffer","buffer","buffer","buffer","buffer",169109930
"buffer","buffer","buffer","buffer","buffer","buffer","buffer","buffer","buffer","buffer",169121968
"buffer","buffer","buffer","buffer","buffer","buffer","buffer","buffer","buffer","buffer",169134040
"buffer","buffer","buffer","buffer","buffer","buffer","buffer","buffer","buffer","buffer",169146131
"buffer","buffer","buffer","buffer","buffer","buffer","buffer","buffer","buffer","buffer",169158052
"buffer","buffer","buffer","buffer","buffer","buffer","buffer","buffer","buffer","buffer",169170113
"buffer","buffer","buffer","buffer","buffer","buffer","buffer","buffer","buffer","buffer",169182243
"buffer","buffer","buffer","buffer","buffer","buffer","buffer","buffer","buffer","buffer",169194334
"buffer","buffer","buffer","buffer","buffer","buffer","buffer","buffer","buffer","buffer",169206392
"buffer","buffer","buffer","buffer","buffer","buffer","buffer","buffer","buffer","buffer",169218372
"buffer","buffer","buffer","buffer","buffer","buffer","buffer","buffer","buffer","buffer",169230188
"buffer","buffer","buffer","buffer","buffer","buffer","buffer","buffer","buffer","buffer",169242325
"buffer","buffer","buffer","buffer","buffer","buffer","buffer","buffer","buffer","buffer",169254327
"buffer","buffer","buffer","buffer","buffer","buffer","buffer","buffer","buffer","buffer",169266502
"buffer","buffer","buffer","buffer","buffer","buffer","buffer","buffer","buffer","buffer",169278325
"buffer","buffer","buffer","buffer","buffer","buffer","buffer","buffer","buffer","buffer",169290748
"buffer","buffer","buffer","buffer","buffer","buffer","buffer","buffer","buffer","buffer",169302755
"buffer","buffer","buffer","buffer","buffer","buffer","buffer","buffer","buffer","buffer",169314633
"buffer","buffer","buffer","buffer","buffer","buffer","buffer","buffer","buffer","buffer",169326675
"buffer","buffer","buffer","buffer","buffer","buffer","buffer","buffer","buffer","buffer",169338767
"buffer","buffer","buffer","buffer","buffer","buffer","buffer","buffer","buffer","buffer",169350857
"buffer","buffer","buffer","buffer","buffer","buffer","buffer","buffer","buffer","buffer",169362748
"buffer","buffer","buffer","buffer","buffer","buffer","buffer","buffer","buffer","buffer",169374909
"buffer","buffer","buffer","buffer","buffer","buffer","buffer","buffer","buffer","buffer",169387054
"buffer","buffer","buffer","buffer","buffer","buffer","buffer","buffer","buffer","buffer",169398963
"buffer","buffer","buffer","buffer","buffer","buffer","buffer","buffer","buffer","buffer",169411161
"buffer","buffer","buffer","buffer","buffer","buffer","buffer","buffer","buffer","buffer",169423060
"buffer","buffer","buffer","buffer","buffer","buffer","buffer","buffer","buffer","buffer",169435171
"buffer","buffer","buffer","buffer","buffer","buffer","buffer","buffer","buffer","buffer",169447232
"buffer","buffer","buffer","buffer","buffer","buffer","buffer","buffer","buffer","buffer",169459290
"buffer","buffer","buffer","buffer","buffer","buffer","buffer","buffer","buffer","buffer",169471203
"buffer","buffer","buffer","buffer","buffer","buffer","buffer","buffer","buffer","buffer",169483412
"buffer","buffer","buffer","buffer","buffer","buffer","buffer","buffer","buffer","buffer",169495300
"buffer","buffer","buffer","buffer","buffer","buffer","buffer","buffer","buffer","buffer",169507418
"buffer","buffer","buffer","buffer","buffer","buffer","buffer","buffer","buffer","buffer",169519550
"buffer","buffer","buffer","buffer","buffer","buffer","buffer","buffer","buffer","buffer",169531478
"buffer","buffer","buffer","buffer","buffer","buffer","buffer","buffer","buffer","buffer",169543687
"buffer","buffer","buffer","buffer","buffer","buffer","buffer","buffer","buffer","buffer",169555495
"buffer","buffer","buffer","buffer","buffer","buffer","buffer","buffer","buffer","buffer",169567577
"buffer","buffer","buffer","buffer","buffer","buffer","buffer","buffer","buffer","buffer",169579700
"buffer","buffer","buffer","buffer","buffer","buffer","buffer","buffer","buffer","buffer",169591611
"buffer","buffer","buffer","buffer","buffer","buffer","buffer","buffer","buffer","buffer",169604147
"buffer","buffer","buffer","buffer","buffer","buffer","buffer","buffer","buffer","buffer",169615758
"buffer","buffer","buffer","buffer","buffer","buffer","buffer","buffer","buffer","buffer",169627798
"buffer","buffer","buffer","buffer","buffer","buffer","buffer","buffer","buffer","buffer",169639999
"buffer","buffer","buffer","buffer","buffer","buffer","buffer","buffer","buffer","buffer",169652016
"buffer","buffer","buffer","buffer","buffer","buffer","buffer","buffer","buffer","buffer",169664017
"buffer","buffer","buffer","buffer","buffer","buffer","buffer","buffer","buffer","buffer",169676220
"buffer","buffer","buffer","buffer","buffer","buffer","buffer","buffer","buffer","buffer",169688057
"buffer","buffer","buffer","buffer","buffer","buffer","buffer","buffer","buffer","buffer",169700174
"buffer","buffer","buffer","buffer","buffer","buffer","buffer","buffer","buffer","buffer",169712304
"buffer","buffer","buffer","buffer","buffer","buffer","buffer","buffer","buffer","buffer",169724198
"buffer","buffer","buffer","buffer","buffer","buffer","buffer","buffer","buffer","buffer",169736149
"buffer","buffer","buffer","buffer","buffer","buffer","buffer","buffer","buffer","buffer",169748349
"buffer","buffer","buffer","buffer","buffer","buffer","buffer","buffer","buffer","buffer",169760376
"buffer","buffer","buffer","buffer","buffer","buffer","buffer","buffer","buffer","buffer",169772434
"buffer","buffer","buffer","buffer","buffer","buffer","buffer","buffer","buffer","buffer",169784537
"buffer","buffer","buffer","buffer","buffer","buffer","buffer","buffer","buffer","buffer",169796464
"buffer","buffer","buffer","buffer","buffer","buffer","buffer","buffer","buffer","buffer",169808683
"buffer","buffer","buffer","buffer","buffer","buffer","buffer","buffer","buffer","buffer",169820524
"buffer","buffer","buffer","buffer","buffer","buffer","buffer","buffer","buffer","buffer",169832623
"buffer","buffer","buffer","buffer","buffer","buffer","buffer","buffer","buffer","buffer",169844814
"buffer","buffer","buffer","buffer","buffer","buffer","buffer","buffer","buffer","buffer",169856666
"buffer","buffer","buffer","buffer","buffer","buffer","buffer","buffer","buffer","buffer",169868821
"buffer","buffer","buffer","buffer","buffer","buffer","buffer","buffer","buffer","buffer",169880826
"buffer","buffer","buffer","buffer","buffer","buffer","buffer","buffer","buffer","buffer",169892653
"buffer","buffer","buffer","buffer","buffer","buffer","buffer","buffer","buffer","buffer",169904623
"buffer","buffer","buffer","buffer","buffer","buffer","buffer","buffer","buffer","buffer",169917085
"buffer","buffer","buffer","buffer","buffer","buffer","buffer","buffer","buffer","buffer",169929073
"buffer","buffer","buffer","buffer","buffer","buffer","buffer","buffer","buffer","buffer",169941133
"buffer","buffer","buffer","buffer","buffer","buffer","buffer","buffer","buffer","buffer",169953091
"buffer","buffer","buffer","buffer","buffer","buffer","buffer","buffer","buffer","buffer",169965244
"buffer","buffer","buffer","buffer","buffer","buffer","buffer","buffer","buffer","buffer",169977316
"buffer","buffer","buffer","buffer","buffer","buffer","buffer","buffer","buffer","buffer",169989251
"buffer","buffer","buffer","buffer","buffer","buffer","buffer","buffer","buffer","buffer",170001277
"buffer","buffer","buffer","buffer","buffer","buffer","buffer","buffer","buffer","buffer",170013384
"buffer","buffer","buffer","buffer","buffer","buffer","buffer","buffer","buffer","buffer",170025362
"buffer","buffer","buffer","buffer","buffer","buffer","buffer","buffer","buffer","buffer",170037379
"buffer","buffer","buffer","buffer","buffer","buffer","buffer","buffer","buffer","buffer",170049279
"buffer","buffer","buffer","buffer","buffer","buffer","buffer","buffer","buffer","buffer",170061396
"buffer","buffer","buffer","buffer","buffer","buffer","buffer","buffer","buffer","buffer",170073554
"buffer","buffer","buffer","buffer","buffer","buffer","buffer","buffer","buffer","buffer",170085736
"buffer","buffer","buffer","buffer","buffer","buffer","buffer","buffer","buffer","buffer",170097662
"buffer","buffer","buffer","buffer","buffer","buffer","buffer","buffer","buffer","buffer",170109730
"buffer","buffer","buffer","buffer","buffer","buffer","buffer","buffer","buffer","buffer",170121790
"buffer","buffer","buffer","buffer","buffer","buffer","buffer","buffer","buffer","buffer",170133840
"buffer","buffer","buffer","buffer","buffer","buffer","buffer","buffer","buffer","buffer",170145952
"buffer","buffer","buffer","buffer","buffer","buffer","buffer","buffer","buffer","buffer",170157854
"buffer","buffer","buffer","buffer","buffer","buffer","buffer","buffer","buffer","buffer",170170012
"buffer","buffer","buffer","buffer","buffer","buffer","buffer","buffer","buffer","buffer",170181966
"buffer","buffer","buffer","buffer","buffer","buffer","buffer","buffer","buffer","buffer",170194082
"buffer","buffer","buffer","buffer","buffer","buffer","buffer","buffer","buffer","buffer",170205948
"buffer","buffer","buffer","buffer","buffer","buffer","buffer","buffer","buffer","buffer",170218095
"buffer","buffer","buffer","buffer","buffer","buffer","buffer","buffer","buffer","buffer",170230246
"buffer","buffer","buffer","buffer","buffer","buffer","buffer","buffer","buffer","buffer",170242268
"buffer","buffer","buffer","buffer","buffer","buffer","buffer","buffer","buffer","buffer",170254094
"buffer","buffer","buffer","buffer","buffer","buffer","buffer","buffer","buffer","buffer",170266428
"buffer","buffer","buffer","buffer","buffer","buffer","buffer","buffer","buffer","buffer",170278274
"buffer","buffer","buffer","buffer","buffer","buffer","buffer","buffer","buffer","buffer",170290460
"buffer","buffer","buffer","buffer","buffer","buffer","buffer","buffer","buffer","buffer",170302425
"buffer","buffer","buffer","buffer","buffer","buffer","buffer","buffer","buffer","buffer",170314504
"buffer","buffer","buffer","buffer","buffer","buffer","buffer","buffer","buffer","buffer",170326529
"buffer","buffer","buffer","buffer","buffer","buffer","buffer","buffer","buffer","buffer",170338559
"buffer","buffer","buffer","buffer","buffer","buffer","buffer","buffer","buffer","buffer",170350802
"buffer","buffer","buffer","buffer","buffer","buffer","buffer","buffer","buffer","buffer",170362635
"buffer","buffer","buffer","buffer","buffer","buffer","buffer","buffer","buffer","buffer",170374703
"buffer","buffer","buffer","buffer","buffer","buffer","buffer","buffer","buffer","buffer",170386597
"buffer","buffer","buffer","buffer","buffer","buffer","buffer","buffer","buffer","buffer",170398862
"buffer","buffer","buffer","buffer","buffer","buffer","buffer","buffer","buffer","buffer",170410947
"buffer","buffer","buffer","buffer","buffer","buffer","buffer","buffer","buffer","buffer",170422756
"buffer","buffer","buffer","buffer","buffer","buffer","buffer","buffer","buffer","buffer",170434911
"buffer","buffer","buffer","buffer","buffer","buffer","buffer","buffer","buffer","buffer",170447065
"buffer","buffer","buffer","buffer","buffer","buffer","buffer","buffer","buffer","buffer",170459146
"buffer","buffer","buffer","buffer","buffer","buffer","buffer","buffer","buffer","buffer",170471058
"buffer","buffer","buffer","buffer","buffer","buffer","buffer","buffer","buffer","buffer",170483070
"buffer","buffer","buffer","buffer","buffer","buffer","buffer","buffer","buffer","buffer",170495275
"buffer","buffer","buffer","buffer","buffer","buffer","buffer","buffer","buffer","buffer",170507152
"buffer","buffer","buffer","buffer","buffer","buffer","buffer","buffer","buffer","buffer",170519243
"buffer","buffer","buffer","buffer","buffer","buffer","buffer","buffer","buffer","buffer",170531342
"buffer","buffer","buffer","buffer","buffer","buffer","buffer","buffer","buffer","buffer",170543337
"buffer","buffer","buffer","buffer","buffer","buffer","buffer","buffer","buffer","buffer",170555366
"buffer","buffer","buffer","buffer","buffer","buffer","buffer","buffer","buffer","buffer",170567645
"buffer","buffer","buffer","buffer","buffer","buffer","buffer","buffer","buffer","buffer",170579508
"buffer","buffer","buffer","buffer","buffer","buffer","buffer","buffer","buffer","buffer",170591416
"buffer","buffer","buffer","buffer","buffer","buffer","buffer","buffer","buffer","buffer",170603539
"buffer","buffer","buffer","buffer","buffer","buffer","buffer","buffer","buffer","buffer",170615569
"buffer","buffer","buffer","buffer","buffer","buffer","buffer","buffer","buffer","buffer",170627522
"buffer","buffer","buffer","buffer","buffer","buffer","buffer","buffer","buffer","buffer",170639753
"buffer","buffer","buffer","buffer","buffer","buffer","buffer","buffer","buffer","buffer",170651668
"buffer","buffer","buffer","buffer","buffer","buffer","buffer","buffer","buffer","buffer",170663770
"buffer","buffer","buffer","buffer","buffer","buffer","buffer","buffer","buffer","buffer",170675862
"buffer","buffer","buffer","buffer","buffer","buffer","buffer","buffer","buffer","buffer",170687953
"buffer","buffer","buffer","buffer","buffer","buffer","buffer","buffer","buffer","buffer",170699901
"buffer","buffer","buffer","buffer","buffer","buffer","buffer","buffer","buffer","buffer",170712033
"buffer","buffer","buffer","buffer","buffer","buffer","buffer","buffer","buffer","buffer",170724070
"buffer","buffer","buffer","buffer","buffer","buffer","buffer","buffer","buffer","buffer",170736308
"buffer","buffer","buffer","buffer","buffer","buffer","buffer","buffer","buffer","buffer",170748050
"buffer","buffer","buffer","buffer","buffer","buffer","buffer","buffer","buffer","buffer",170760154
"buffer","buffer","buffer","buffer","buffer","buffer","buffer","buffer","buffer","buffer",170772385
"buffer","buffer","buffer","buffer","buffer","buffer","buffer","buffer","buffer","buffer",170784353
"buffer","buffer","buffer","buffer","buffer","buffer","buffer","buffer","buffer","buffer",170796260
"buffer","buffer","buffer","buffer","buffer","buffer","buffer","buffer","buffer","buffer",170808371
"buffer","buffer","buffer","buffer","buffer","buffer","buffer","buffer","buffer","buffer",170820288
"buffer","buffer","buffer","buffer","buffer","buffer","buffer","buffer","buffer","buffer",170832429
"buffer","buffer","buffer","buffer","buffer","buffer","buffer","buffer","buffer","buffer",170844579
"buffer","buffer","buffer","buffer","buffer","buffer","buffer","buffer","buffer","buffer",170856710
"buffer","buffer","buffer","buffer","buffer","buffer","buffer","buffer","buffer","buffer",170868615
"buffer","buffer","buffer","buffer","buffer","buffer","buffer","buffer","buffer","buffer",170880431
"buffer","buffer","buffer","buffer","buffer","buffer","buffer","buffer","buffer","buffer",170892696
"buffer","buffer","buffer","buffer","buffer","buffer","buffer","buffer","buffer","buffer",170904638
"buffer","buffer","buffer","buffer","buffer","buffer","buffer","buffer","buffer","buffer",170916502
"buffer","buffer","buffer","buffer","buffer","buffer","buffer","buffer","buffer","buffer",170928530
"buffer","buffer","buffer","buffer","buffer","buffer","buffer","buffer","buffer","buffer",170940921
"buffer","buffer","buffer","buffer","buffer","buffer","buffer","buffer","buffer","buffer",170952823
"buffer","buffer","buffer","buffer","buffer","buffer","buffer","buffer","buffer","buffer",170964727
"buffer","buffer","buffer","buffer","buffer","buffer","buffer","buffer","buffer","buffer",170976897
"buffer","buffer","buffer","buffer","buffer","buffer","buffer","buffer","buffer","buffer",170989181
"buffer","buffer","buffer","buffer","buffer","buffer","buffer","buffer","buffer","buffer",171000987
"buffer","buffer","buffer","buffer","buffer","buffer","buffer","buffer","buffer","buffer",171013023
"buffer","buffer","buffer","buffer","buffer","buffer","buffer","buffer","buffer","buffer",171025359
"buffer","buffer","buffer","buffer","buffer","buffer","buffer","buffer","buffer","buffer",171037315
"buffer","buffer","buffer","buffer","buffer","buffer","buffer","buffer","buffer","buffer",171049361
"buffer","buffer","buffer","buffer","buffer","buffer","buffer","buffer","buffer","buffer",171061333
"buffer","buffer","buffer","buffer","buffer","buffer","buffer","buffer","buffer","buffer",171073360
"buffer","buffer","buffer","buffer","buffer","buffer","buffer","buffer","buffer","buffer",171085397
"buffer","buffer","buffer","buffer","buffer","buffer","buffer","buffer","buffer","buffer",171097319
"buffer","buffer","buffer","buffer","buffer","buffer","buffer","buffer","buffer","buffer",171109583
"buffer","buffer","buffer","buffer","buffer","buffer","buffer","buffer","buffer","buffer",171121619
"buffer","buffer","buffer","buffer","buffer","buffer","buffer","buffer","buffer","buffer",171133434
"buffer","buffer","buffer","buffer","buffer","buffer","buffer","buffer","buffer","buffer",171145628
"buffer","buffer","buffer","buffer","buffer","buffer","buffer","buffer","buffer","buffer",171157717
"buffer","buffer","buffer","buffer","buffer","buffer","buffer","buffer","buffer","buffer",171169730
"buffer","buffer","buffer","buffer","buffer","buffer","buffer","buffer","buffer","buffer",171181766
"buffer","buffer","buffer","buffer","buffer","buffer","buffer","buffer","buffer","buffer",171193671
"buffer","buffer","buffer","buffer","buffer","buffer","buffer","buffer","buffer","buffer",171205949
"buffer","buffer","buffer","buffer","buffer","buffer","buffer","buffer","buffer","buffer",171217951
"buffer","buffer","buffer","buffer","buffer","buffer","buffer","buffer","buffer","buffer",171229963
"buffer","buffer","buffer","buffer","buffer","buffer","buffer","buffer","buffer","buffer",171242047
"buffer","buffer","buffer","buffer","buffer","buffer","buffer","buffer","buffer","buffer",171254065
"buffer","buffer","buffer","buffer","buffer","buffer","buffer","buffer","buffer","buffer",171265995
"buffer","buffer","buffer","buffer","buffer","buffer","buffer","buffer","buffer","buffer",171278032
"buffer","buffer","buffer","buffer","buffer","buffer","buffer","buffer","buffer","buffer",171290030
"buffer","buffer","buffer","buffer","buffer","buffer","buffer","buffer","buffer","buffer",171302322
"buffer","buffer","buffer","buffer","buffer","buffer","buffer","buffer","buffer","buffer",171314216
"buffer","buffer","buffer","buffer","buffer","buffer","buffer","buffer","buffer","buffer",171326440
"buffer","buffer","buffer","buffer","buffer","buffer","buffer","buffer","buffer","buffer",171338267
"buffer","buffer","buffer","buffer","buffer","buffer","buffer","buffer","buffer","buffer",171350384
"buffer","buffer","buffer","buffer","buffer","buffer","buffer","buffer","buffer","buffer",171362478
"buffer","buffer","buffer","buffer","buffer","buffer","buffer","buffer","buffer","buffer",171374425
"buffer","buffer","buffer","buffer","buffer","buffer","buffer","buffer","buffer","buffer",171386645
"buffer","buffer","buffer","buffer","buffer","buffer","buffer","buffer","buffer","buffer",171398596
"buffer","buffer","buffer","buffer","buffer","buffer","buffer","buffer","buffer","buffer",171410604
"buffer","buffer","buffer","buffer","buffer","buffer","buffer","buffer","buffer","buffer",171422749
"buffer","buffer","buffer","buffer","buffer","buffer","buffer","buffer","buffer","buffer",171434549
"buffer","buffer","buffer","buffer","buffer","buffer","buffer","buffer","buffer","buffer",171446807
"buffer","buffer","buffer","buffer","buffer","buffer","buffer","buffer","buffer","buffer",171459003
"buffer","buffer","buffer","buffer","buffer","buffer","buffer","buffer","buffer","buffer",171470859
"buffer","buffer","buffer","buffer","buffer","buffer","buffer","buffer","buffer","buffer",171483026
"buffer","buffer","buffer","buffer","buffer","buffer","buffer","buffer","buffer","buffer",171495069
"buffer","buffer","buffer","buffer","buffer","buffer","buffer","buffer","buffer","buffer",171507110
"buffer","buffer","buffer","buffer","buffer","buffer","buffer","buffer","buffer","buffer",171519012
"buffer","buffer","buffer","buffer","buffer","buffer","buffer","buffer","buffer","buffer",171531076
"buffer","buffer","buffer","buffer","buffer","buffer","buffer","buffer","buffer","buffer",171543284
"buffer","buffer","buffer","buffer","buffer","buffer","buffer","buffer","buffer","buffer",171555147
"buffer","buffer","buffer","buffer","buffer","buffer","buffer","buffer","buffer","buffer",171567287
"buffer","buffer","buffer","buffer","buffer","buffer","buffer","buffer","buffer","buffer",171579431
"buffer","buffer","buffer","buffer","buffer","buffer","buffer","buffer","buffer","buffer",171591129
"buffer","buffer","buffer","buffer","buffer","buffer","buffer","buffer","buffer","buffer",171603292
"buffer","buffer","buffer","buffer","buffer","buffer","buffer","buffer","buffer","buffer",171615481
"buffer","buffer","buffer","buffer","buffer","buffer","buffer","buffer","buffer","buffer",171627451
"buffer","buffer","buffer","buffer","buffer","buffer","buffer","buffer","buffer","buffer",171639542
"buffer","buffer","buffer","buffer","buffer","buffer","buffer","buffer","buffer","buffer",171651522
"buffer","buffer","buffer","buffer","buffer","buffer","buffer","buffer","buffer","buffer",171663735
"buffer","buffer","buffer","buffer","buffer","buffer","buffer","buffer","buffer","buffer",171675515
"buffer","buffer","buffer","buffer","buffer","buffer","buffer","buffer","buffer","buffer",171687570
"buffer","buffer","buffer","buffer","buffer","buffer","buffer","buffer","buffer","buffer",171699812
"buffer","buffer","buffer","buffer","buffer","buffer","buffer","buffer","buffer","buffer",171711660
"buffer","buffer","buffer","buffer","buffer","buffer","buffer","buffer","buffer","buffer",171723778
"buffer","buffer","buffer","buffer","buffer","buffer","buffer","buffer","buffer","buffer",171735643
"buffer","buffer","buffer","buffer","buffer","buffer","buffer","buffer","buffer","buffer",171747937
"buffer","buffer","buffer","buffer","buffer","buffer","buffer","buffer","buffer","buffer",171759933
"buffer","buffer","buffer","buffer","buffer","buffer","buffer","buffer","buffer","buffer",171771908
"buffer","buffer","buffer","buffer","buffer","buffer","buffer","buffer","buffer","buffer",171784050
"buffer","buffer","buffer","buffer","buffer","buffer","buffer","buffer","buffer","buffer",171796126
"buffer","buffer","buffer","buffer","buffer","buffer","buffer","buffer","buffer","buffer",171808256
"buffer","buffer","buffer","buffer","buffer","buffer","buffer","buffer","buffer","buffer",171820159
"buffer","buffer","buffer","buffer","buffer","buffer","buffer","buffer","buffer","buffer",171832389
"buffer","buffer","buffer","buffer","buffer","buffer","buffer","buffer","buffer","buffer",171844369
"buffer","buffer","buffer","buffer","buffer","buffer","buffer","buffer","buffer","buffer",171856444
"buffer","buffer","buffer","buffer","buffer","buffer","buffer","buffer","buffer","buffer",171868376
"buffer","buffer","buffer","buffer","buffer","buffer","buffer","buffer","buffer","buffer",171880303
"buffer","buffer","buffer","buffer","buffer","buffer","buffer","buffer","buffer","buffer",171892509
"buffer","buffer","buffer","buffer","buffer","buffer","buffer","buffer","buffer","buffer",171904651
"buffer","buffer","buffer","buffer","buffer","buffer","buffer","buffer","buffer","buffer",171916447
"buffer","buffer","buffer","buffer","buffer","buffer","buffer","buffer","buffer","buffer",171928560
"buffer","buffer","buffer","buffer","buffer","buffer","buffer","buffer","buffer","buffer",171940333
"buffer","buffer","buffer","buffer","buffer","buffer","buffer","buffer","buffer","buffer",171952649
"buffer","buffer","buffer","buffer","buffer","buffer","buffer","buffer","buffer","buffer",171964682
"buffer","buffer","buffer","buffer","buffer","buffer","buffer","buffer","buffer","buffer",171976764
"buffer","buffer","buffer","buffer","buffer","buffer","buffer","buffer","buffer","buffer",171988833
"buffer","buffer","buffer","buffer","buffer","buffer","buffer","buffer","buffer","buffer",172000782
"buffer","buffer","buffer","buffer","buffer","buffer","buffer","buffer","buffer","buffer",172012928
"buffer","buffer","buffer","buffer","buffer","buffer","buffer","buffer","buffer","buffer",172025020
"buffer","buffer","buffer","buffer","buffer","buffer","buffer","buffer","buffer","buffer",172036975
"buffer","buffer","buffer","buffer","buffer","buffer","buffer","buffer","buffer","buffer",172049155
"buffer","buffer","buffer","buffer","buffer","buffer","buffer","buffer","buffer","buffer",172061223
"buffer","buffer","buffer","buffer","buffer","buffer","buffer","buffer","buffer","buffer",172073244
"buffer","buffer","buffer","buffer","buffer","buffer","buffer","buffer","buffer","buffer",172085250
"buffer","buffer","buffer","buffer","buffer","buffer","buffer","buffer","buffer","buffer",172097215
"buffer","buffer","buffer","buffer","buffer","buffer","buffer","buffer","buffer","buffer",172109318
"buffer","buffer","buffer","buffer","buffer","buffer","buffer","buffer","buffer","buffer",172121417
"buffer","buffer","buffer","buffer","buffer","buffer","buffer","buffer","buffer","buffer",172133277
"buffer","buffer","buffer","buffer","buffer","buffer","buffer","buffer","buffer","buffer",172145403
"buffer","buffer","buffer","buffer","buffer","buffer","buffer","buffer","buffer","buffer",172157579
"buffer","buffer","buffer","buffer","buffer","buffer","buffer","buffer","buffer","buffer",172169702
"buffer","buffer","buffer","buffer","buffer","buffer","buffer","buffer","buffer","buffer",172181689
"buffer","buffer","buffer","buffer","buffer","buffer","buffer","buffer","buffer","buffer",172193480
"buffer","buffer","buffer","buffer","buffer","buffer","buffer","buffer","buffer","buffer",172205534
"buffer","buffer","buffer","buffer","buffer","buffer","buffer","buffer","buffer","buffer",172217721
"buffer","buffer","buffer","buffer","buffer","buffer","buffer","buffer","buffer","buffer",172229657
"buffer","buffer","buffer","buffer","buffer","buffer","buffer","buffer","buffer","buffer",172241850
"buffer","buffer","buffer","buffer","buffer","buffer","buffer","buffer","buffer","buffer",172253761
"buffer","buffer","buffer","buffer","buffer","buffer","buffer","buffer","buffer","buffer",172265842
"buffer","buffer","buffer","buffer","buffer","buffer","buffer","buffer","buffer","buffer",172277946
"buffer","buffer","buffer","buffer","buffer","buffer","buffer","buffer","buffer","buffer",172289972
"buffer","buffer","buffer","buffer","buffer","buffer","buffer","buffer","buffer","buffer",172301989
"buffer","buffer","buffer","buffer","buffer","buffer","buffer","buffer","buffer","buffer",172314156
"buffer","buffer","buffer","buffer","buffer","buffer","buffer","buffer","buffer","buffer",172326142
"buffer","buffer","buffer","buffer","buffer","buffer","buffer","buffer","buffer","buffer",172338071
"buffer","buffer","buffer","buffer","buffer","buffer","buffer","buffer","buffer","buffer",172350246
"buffer","buffer","buffer","buffer","buffer","buffer","buffer","buffer","buffer","buffer",172362237
"buffer","buffer","buffer","buffer","buffer","buffer","buffer","buffer","buffer","buffer",172374312
"buffer","buffer","buffer","buffer","buffer","buffer","buffer","buffer","buffer","buffer",172386486
"buffer","buffer","buffer","buffer","buffer","buffer","buffer","buffer","buffer","buffer",172398272
"buffer","buffer","buffer","buffer","buffer","buffer","buffer","buffer","buffer","buffer",172410520
"buffer","buffer","buffer","buffer","buffer","buffer","buffer","buffer","buffer","buffer",172422581
"buffer","buffer","buffer","buffer","buffer","buffer","buffer","buffer","buffer","buffer",172434663
"buffer","buffer","buffer","buffer","buffer","buffer","buffer","buffer","buffer","buffer",172446541
"buffer","buffer","buffer","buffer","buffer","buffer","buffer","buffer","buffer","buffer",172458784
"buffer","buffer","buffer","buffer","buffer","buffer","buffer","buffer","buffer","buffer",172470730
"buffer","buffer","buffer","buffer","buffer","buffer","buffer","buffer","buffer","buffer",172482681
"buffer","buffer","buffer","buffer","buffer","buffer","buffer","buffer","buffer","buffer",172494886
"buffer","buffer","buffer","buffer","buffer","buffer","buffer","buffer","buffer","buffer",172506565
"buffer","buffer","buffer","buffer","buffer","buffer","buffer","buffer","buffer","buffer",172518833
"buffer","buffer","buffer","buffer","buffer","buffer","buffer","buffer","buffer","buffer",172530857
"buffer","buffer","buffer","buffer","buffer","buffer","buffer","buffer","buffer","buffer",172542954
"buffer","buffer","buffer","buffer","buffer","buffer","buffer","buffer","buffer","buffer",172554987
"buffer","buffer","buffer","buffer","buffer","buffer","buffer","buffer","buffer","buffer",172567121
"buffer","buffer","buffer","buffer","buffer","buffer","buffer","buffer","buffer","buffer",172579241
"buffer","buffer","buffer","buffer","buffer","buffer","buffer","buffer","buffer","buffer",172591083
"buffer","buffer","buffer","buffer","buffer","buffer","buffer","buffer","buffer","buffer",172603167
"buffer","buffer","buffer","buffer","buffer","buffer","buffer","buffer","buffer","buffer",172615182
"buffer","buffer","buffer","buffer","buffer","buffer","buffer","buffer","buffer","buffer",172627344
"buffer","buffer","buffer","buffer","buffer","buffer","buffer","buffer","buffer","buffer",172639296
"buffer","buffer","buffer","buffer","buffer","buffer","buffer","buffer","buffer","buffer",172651327
"buffer","buffer","buffer","buffer","buffer","buffer","buffer","buffer","buffer","buffer",172663412
"buffer","buffer","buffer","buffer","buffer","buffer","buffer","buffer","buffer","buffer",172675332
"buffer","buffer","buffer","buffer","buffer","buffer","buffer","buffer","buffer","buffer",172687421
"buffer","buffer","buffer","buffer","buffer","buffer","buffer","buffer","buffer","buffer",172699503
"buffer","buffer","buffer","buffer","buffer","buffer","buffer","buffer","buffer","buffer",172711530
"buffer","buffer","buffer","buffer","buffer","buffer","buffer","buffer","buffer","buffer",172723590
"buffer","buffer","buffer","buffer","buffer","buffer","buffer","buffer","buffer","buffer",172735577
"buffer","buffer","buffer","buffer","buffer","buffer","buffer","buffer","buffer","buffer",172747707
"buffer","buffer","buffer","buffer","buffer","buffer","buffer","buffer","buffer","buffer",172759596
"buffer","buffer","buffer","buffer","buffer","buffer","buffer","buffer","buffer","buffer",172771874
"buffer","buffer","buffer","buffer","buffer","buffer","buffer","buffer","buffer","buffer",172783817
"buffer","buffer","buffer","buffer","buffer","buffer","buffer","buffer","buffer","buffer",172795891
"buffer","buffer","buffer","buffer","buffer","buffer","buffer","buffer","buffer","buffer",172807964
"buffer","buffer","buffer","buffer","buffer","buffer","buffer","buffer","buffer","buffer",172819835
"buffer","buffer","buffer","buffer","buffer","buffer","buffer","buffer","buffer","buffer",172832135
"buffer","buffer","buffer","buffer","buffer","buffer","buffer","buffer","buffer","buffer",172844000
"buffer","buffer","buffer","buffer","buffer","buffer","buffer","buffer","buffer","buffer",172856098
"buffer","buffer","buffer","buffer","buffer","buffer","buffer","buffer","buffer","buffer",172868135
"buffer","buffer","buffer","buffer","buffer","buffer","buffer","buffer","buffer","buffer",172880294
"buffer","buffer","buffer","buffer","buffer","buffer","buffer","buffer","buffer","buffer",172892199
"buffer","buffer","buffer","buffer","buffer","buffer","buffer","buffer","buffer","buffer",172904288
"buffer","buffer","buffer","buffer","buffer","buffer","buffer","buffer","buffer","buffer",172916232
"buffer","buffer","buffer","buffer","buffer","buffer","buffer","buffer","buffer","buffer",172928367
"buffer","buffer","buffer","buffer","buffer","buffer","buffer","buffer","buffer","buffer",172940431
"buffer","buffer","buffer","buffer","buffer","buffer","buffer","buffer","buffer","buffer",172952522
"buffer","buffer","buffer","buffer","buffer","buffer","buffer","buffer","buffer","buffer",172964672
"buffer","buffer","buffer","buffer","buffer","buffer","buffer","buffer","buffer","buffer",172976675
"buffer","buffer","buffer","buffer","buffer","buffer","buffer","buffer","buffer","buffer",172988602
"buffer","buffer","buffer","buffer","buffer","buffer","buffer","buffer","buffer","buffer",173000677
"buffer","buffer","buffer","buffer","buffer","buffer","buffer","buffer","buffer","buffer",173012736
"buffer","buffer","buffer","buffer","buffer","buffer","buffer","buffer","buffer","buffer",173024742
"buffer","buffer","buffer","buffer","buffer","buffer","buffer","buffer","buffer","buffer",173036724
"buffer","buffer","buffer","buffer","buffer","buffer","buffer","buffer","buffer","buffer",173048923
"buffer","buffer","buffer","buffer","buffer","buffer","buffer","buffer","buffer","buffer",173061034
"buffer","buffer","buffer","buffer","buffer","buffer","buffer","buffer","buffer","buffer",173072927
"buffer","buffer","buffer","buffer","buffer","buffer","buffer","buffer","buffer","buffer",173085104
"buffer","buffer","buffer","buffer","buffer","buffer","buffer","buffer","buffer","buffer",173097093
"buffer","buffer","buffer","buffer","buffer","buffer","buffer","buffer","buffer","buffer",173109073
"buffer","buffer","buffer","buffer","buffer","buffer","buffer","buffer","buffer","buffer",173121242
"buffer","buffer","buffer","buffer","buffer","buffer","buffer","buffer","buffer","buffer",173133076
"buffer","buffer","buffer","buffer","buffer","buffer","buffer","buffer","buffer","buffer",173144978
"buffer","buffer","buffer","buffer","buffer","buffer","buffer","buffer","buffer","buffer",173157303
"buffer","buffer","buffer","buffer","buffer","buffer","buffer","buffer","buffer","buffer",173169434
"buffer","buffer","buffer","buffer","buffer","buffer","buffer","buffer","buffer","buffer",173181269
"buffer","buffer","buffer","buffer","buffer","buffer","buffer","buffer","buffer","buffer",173193406
"buffer","buffer","buffer","buffer","buffer","buffer","buffer","buffer","buffer","buffer",173205483
"buffer","buffer","buffer","buffer","buffer","buffer","buffer","buffer","buffer","buffer",173217379
"buffer","buffer","buffer","buffer","buffer","buffer","buffer","buffer","buffer","buffer",173229737
"buffer","buffer","buffer","buffer","buffer","buffer","buffer","buffer","buffer","buffer",173241570
"buffer","buffer","buffer","buffer","buffer","buffer","buffer","buffer","buffer","buffer",173253587
"buffer","buffer","buffer","buffer","buffer","buffer","buffer","buffer","buffer","buffer",173265673
"buffer","buffer","buffer","buffer","buffer","buffer","buffer","buffer","buffer","buffer",173277762
"buffer","buffer","buffer","buffer","buffer","buffer","buffer","buffer","buffer","buffer",173289891
"buffer","buffer","buffer","buffer","buffer","buffer","buffer","buffer","buffer","buffer",173301820
"buffer","buffer","buffer","buffer","buffer","buffer","buffer","buffer","buffer","buffer",173313875
"buffer","buffer","buffer","buffer","buffer","buffer","buffer","buffer","buffer","buffer",173325930
"buffer","buffer","buffer","buffer","buffer","buffer","buffer","buffer","buffer","buffer",173337910
"buffer","buffer","buffer","buffer","buffer","buffer","buffer","buffer","buffer","buffer",173350140
"buffer","buffer","buffer","buffer","buffer","buffer","buffer","buffer","buffer","buffer",173362155
"buffer","buffer","buffer","buffer","buffer","buffer","buffer","buffer","buffer","buffer",173374111
"buffer","buffer","buffer","buffer","buffer","buffer","buffer","buffer","buffer","buffer",173386080
"buffer","buffer","buffer","buffer","buffer","buffer","buffer","buffer","buffer","buffer",173398249
"buffer","buffer","buffer","buffer","buffer","buffer","buffer","buffer","buffer","buffer",173410435
"buffer","buffer","buffer","buffer","buffer","buffer","buffer","buffer","buffer","buffer",173422255
"buffer","buffer","buffer","buffer","buffer","buffer","buffer","buffer","buffer","buffer",173434427
"buffer","buffer","buffer","buffer","buffer","buffer","buffer","buffer","buffer","buffer",173446258
"buffer","buffer","buffer","buffer","buffer","buffer","buffer","buffer","buffer","buffer",173458368
"buffer","buffer","buffer","buffer","buffer","buffer","buffer","buffer","buffer","buffer",173470389
"buffer","buffer","buffer","buffer","buffer","buffer","buffer","buffer","buffer","buffer",173482322
"buffer","buffer","buffer","buffer","buffer","buffer","buffer","buffer","buffer","buffer",173494478
"buffer","buffer","buffer","buffer","buffer","buffer","buffer","buffer","buffer","buffer",173506676
"buffer","buffer","buffer","buffer","buffer","buffer","buffer","buffer","buffer","buffer",173518613
"buffer","buffer","buffer","buffer","buffer","buffer","buffer","buffer","buffer","buffer",173530689
"buffer","buffer","buffer","buffer","buffer","buffer","buffer","buffer","buffer","buffer",173542752
"buffer","buffer","buffer","buffer","buffer","buffer","buffer","buffer","buffer","buffer",173555001
"buffer","buffer","buffer","buffer","buffer","buffer","buffer","buffer","buffer","buffer",173566914
"buffer","buffer","buffer","buffer","buffer","buffer","buffer","buffer","buffer","buffer",173578861
"buffer","buffer","buffer","buffer","buffer","buffer","buffer","buffer","buffer","buffer",173590926
"buffer","buffer","buffer","buffer","buffer","buffer","buffer","buffer","buffer","buffer",173602832
"buffer","buffer","buffer","buffer","buffer","buffer","buffer","buffer","buffer","buffer",173615021
"buffer","buffer","buffer","buffer","buffer","buffer","buffer","buffer","buffer","buffer",173627046
"buffer","buffer","buffer","buffer","buffer","buffer","buffer","buffer","buffer","buffer",173639087
"buffer","buffer","buffer","buffer","buffer","buffer","buffer","buffer","buffer","buffer",173651026
"buffer","buffer","buffer","buffer","buffer","buffer","buffer","buffer","buffer","buffer",173663178
"buffer","buffer","buffer","buffer","buffer","buffer","buffer","buffer","buffer","buffer",173675088
"buffer","buffer","buffer","buffer","buffer","buffer","buffer","buffer","buffer","buffer",173687438
"buffer","buffer","buffer","buffer","buffer","buffer","buffer","buffer","buffer","buffer",173699185
"buffer","buffer","buffer","buffer","buffer","buffer","buffer","buffer","buffer","buffer",173711390
"buffer","buffer","buffer","buffer","buffer","buffer","buffer","buffer","buffer","buffer",173723435
"buffer","buffer","buffer","buffer","buffer","buffer","buffer","buffer","buffer","buffer",173735419
"buffer","buffer","buffer","buffer","buffer","buffer","buffer","buffer","buffer","buffer",173747452
"buffer","buffer","buffer","buffer","buffer","buffer","buffer","buffer","buffer","buffer",173759603
"buffer","buffer","buffer","buffer","buffer","buffer","buffer","buffer","buffer","buffer",173771491
"buffer","buffer","buffer","buffer","buffer","buffer","buffer","buffer","buffer","buffer",173783642
"buffer","buffer","buffer","buffer","buffer","buffer","buffer","buffer","buffer","buffer",173795748
"buffer","buffer","buffer","buffer","buffer","buffer","buffer","buffer","buffer","buffer",173807694
"buffer","buffer","buffer","buffer","buffer","buffer","buffer","buffer","buffer","buffer",173819644
"buffer","buffer","buffer","buffer","buffer","buffer","buffer","buffer","buffer","buffer",173832024
"buffer","buffer","buffer","buffer","buffer","buffer","buffer","buffer","buffer","buffer",173843830
"buffer","buffer","buffer","buffer","buffer","buffer","buffer","buffer","buffer","buffer",173855989
"buffer","buffer","buffer","buffer","buffer","buffer","buffer","buffer","buffer","buffer",173867944
"buffer","buffer","buffer","buffer","buffer","buffer","buffer","buffer","buffer","buffer",173880055
"buffer","buffer","buffer","buffer","buffer","buffer","buffer","buffer","buffer","buffer",173892044
"buffer","buffer","buffer","buffer","buffer","buffer","buffer","buffer","buffer","buffer",173904275
"buffer","buffer","buffer","buffer","buffer","buffer","buffer","buffer","buffer","buffer",173916131
"buffer","buffer","buffer","buffer","buffer","buffer","buffer","buffer","buffer","buffer",173928032
"buffer","buffer","buffer","buffer","buffer","buffer","buffer","buffer","buffer","buffer",173940170
"buffer","buffer","buffer","buffer","buffer","buffer","buffer","buffer","buffer","buffer",173952218
"buffer","buffer","buffer","buffer","buffer","buffer","buffer","buffer","buffer","buffer",173964285
"buffer","buffer","buffer","buffer","buffer","buffer","buffer","buffer","buffer","buffer",173976429
"buffer","buffer","buffer","buffer","buffer","buffer","buffer","buffer","buffer","buffer",173988414
"buffer","buffer","buffer","buffer","buffer","buffer","buffer","buffer","buffer","buffer",174000350
"buffer","buffer","buffer","buffer","buffer","buffer","buffer","buffer","buffer","buffer",174012635
"buffer","buffer","buffer","buffer","buffer","buffer","buffer","buffer","buffer","buffer",174024548
"buffer","buffer","buffer","buffer","buffer","buffer","buffer","buffer","buffer","buffer",174036667
"buffer","buffer","buffer","buffer","buffer","buffer","buffer","buffer","buffer","buffer",174048745
"buffer","buffer","buffer","buffer","buffer","buffer","buffer","buffer","buffer","buffer",174060759
"buffer","buffer","buffer","buffer","buffer","buffer","buffer","buffer","buffer","buffer",174072673
"buffer","buffer","buffer","buffer","buffer","buffer","buffer","buffer","buffer","buffer",174084902
"buffer","buffer","buffer","buffer","buffer","buffer","buffer","buffer","buffer","buffer",174097048
"buffer","buffer","buffer","buffer","buffer","buffer","buffer","buffer","buffer","buffer",174108940
"buffer","buffer","buffer","buffer","buffer","buffer","buffer","buffer","buffer","buffer",174120940
"buffer","buffer","buffer","buffer","buffer","buffer","buffer","buffer","buffer","buffer",174132936
"buffer","buffer","buffer","buffer","buffer","buffer","buffer","buffer","buffer","buffer",174144974
"buffer","buffer","buffer","buffer","buffer","buffer","buffer","buffer","buffer","buffer",174157187
"buffer","buffer","buffer","buffer","buffer","buffer","buffer","buffer","buffer","buffer",174169109
"buffer","buffer","buffer","buffer","buffer","buffer","buffer","buffer","buffer","buffer",174181087
"buffer","buffer","buffer","buffer","buffer","buffer","buffer","buffer","buffer","buffer",174193322
"buffer","buffer","buffer","buffer","buffer","buffer","buffer","buffer","buffer","buffer",174205215
"buffer","buffer","buffer","buffer","buffer","buffer","buffer","buffer","buffer","buffer",174217466
"buffer","buffer","buffer","buffer","buffer","buffer","buffer","buffer","buffer","buffer",174229348
"buffer","buffer","buffer","buffer","buffer","buffer","buffer","buffer","buffer","buffer",174241310
"buffer","buffer","buffer","buffer","buffer","buffer","buffer","buffer","buffer","buffer",174253569
"buffer","buffer","buffer","buffer","buffer","buffer","buffer","buffer","buffer","buffer",174265647
"buffer","buffer","buffer","buffer","buffer","buffer","buffer","buffer","buffer","buffer",174277721
"buffer","buffer","buffer","buffer","buffer","buffer","buffer","buffer","buffer","buffer",174289581
"buffer","buffer","buffer","buffer","buffer","buffer","buffer","buffer","buffer","buffer",174301703
"buffer","buffer","buffer","buffer","buffer","buffer","buffer","buffer","buffer","buffer",174313626
"buffer","buffer","buffer","buffer","buffer","buffer","buffer","buffer","buffer","buffer",174325845
"buffer","buffer","buffer","buffer","buffer","buffer","buffer","buffer","buffer","buffer",174337698
"buffer","buffer","buffer","buffer","buffer","buffer","buffer","buffer","buffer","buffer",174349979
"buffer","buffer","buffer","buffer","buffer","buffer","buffer","buffer","buffer","buffer",174361787
